# Region type : patch out
# Faces  :    244
# Area   :    1.250000e-07
# Time        	areaAverage(p)
0             	0.000000e+00
1             	7.494903e+04
2             	6.511735e+04
3             	3.596377e+04
4             	6.897018e+03
5             	-1.409717e+04
6             	-2.361716e+04
7             	-2.364288e+04
8             	-1.738289e+04
9             	-8.464684e+03
10            	-2.145981e+02
11            	5.375284e+03
12            	7.705000e+03
13            	7.271729e+03
14            	5.135946e+03
15            	2.454238e+03
16            	1.410751e+02
17            	-1.297797e+03
18            	-1.766297e+03
19            	-1.463579e+03
20            	-7.312302e+02
21            	8.363350e+01
22            	7.235811e+02
23            	1.063585e+03
24            	1.101990e+03
25            	9.249339e+02
26            	6.451221e+02
27            	3.710161e+02
28            	1.724778e+02
29            	7.693121e+01
30            	7.510157e+01
31            	1.343569e+02
32            	2.161213e+02
33            	2.882859e+02
34            	3.314288e+02
35            	3.407781e+02
36            	3.225792e+02
37            	2.887512e+02
38            	2.516274e+02
39            	2.209070e+02
40            	2.013111e+02
41            	1.931944e+02
42            	1.934976e+02
43            	1.981832e+02
44            	2.032039e+02
45            	2.057735e+02
46            	2.048005e+02
47            	2.004382e+02
48            	1.939625e+02
49            	1.866777e+02
50            	1.799349e+02
51            	1.743472e+02
52            	1.702329e+02
53            	1.674428e+02
54            	1.653650e+02
55            	1.636155e+02
56            	1.617643e+02
57            	1.596291e+02
58            	1.571784e+02
59            	1.544790e+02
60            	1.517751e+02
61            	1.490612e+02
62            	1.465674e+02
63            	1.442523e+02
64            	1.421479e+02
65            	1.402402e+02
66            	1.384338e+02
67            	1.367057e+02
68            	1.350242e+02
69            	1.333485e+02
70            	1.316694e+02
71            	1.299979e+02
72            	1.283498e+02
73            	1.267822e+02
74            	1.252758e+02
75            	1.238313e+02
76            	1.224322e+02
77            	1.210833e+02
78            	1.197779e+02
79            	1.185127e+02
80            	1.172785e+02
81            	1.160721e+02
82            	1.148957e+02
83            	1.137511e+02
84            	1.126372e+02
85            	1.115466e+02
86            	1.104793e+02
87            	1.094387e+02
88            	1.084269e+02
89            	1.074428e+02
90            	1.064841e+02
91            	1.055493e+02
92            	1.046355e+02
93            	1.037400e+02
94            	1.028654e+02
95            	1.020100e+02
96            	1.011806e+02
97            	1.003650e+02
98            	9.956340e+01
99            	9.877698e+01
100           	9.800675e+01
101           	9.725281e+01
102           	9.651546e+01
103           	9.579408e+01
104           	9.508743e+01
105           	9.439589e+01
106           	9.371793e+01
107           	9.305190e+01
108           	9.239890e+01
109           	9.175775e+01
110           	9.112832e+01
111           	9.051133e+01
112           	8.990548e+01
113           	8.930953e+01
114           	8.872471e+01
115           	8.815040e+01
116           	8.758555e+01
117           	8.702997e+01
118           	8.648394e+01
119           	8.594766e+01
120           	8.542051e+01
121           	8.490931e+01
122           	8.439545e+01
123           	8.389731e+01
124           	8.339655e+01
125           	8.291278e+01
126           	8.243463e+01
127           	8.196268e+01
128           	8.149695e+01
129           	8.103721e+01
130           	8.058525e+01
131           	8.014057e+01
132           	7.970127e+01
133           	7.927055e+01
134           	7.884643e+01
135           	7.842779e+01
136           	7.801523e+01
137           	7.760821e+01
138           	7.720659e+01
139           	7.681031e+01
140           	7.641897e+01
141           	7.603304e+01
142           	7.565258e+01
143           	7.527240e+01
144           	7.490057e+01
145           	7.453597e+01
146           	7.417836e+01
147           	7.382355e+01
148           	7.347227e+01
149           	7.312667e+01
150           	7.278324e+01
151           	7.244834e+01
152           	7.211173e+01
153           	7.178080e+01
154           	7.144984e+01
155           	7.113105e+01
156           	7.081432e+01
157           	7.048835e+01
158           	7.017433e+01
159           	6.986595e+01
160           	6.956391e+01
161           	6.926726e+01
162           	6.897416e+01
163           	6.868399e+01
164           	6.839592e+01
165           	6.810918e+01
166           	6.782526e+01
167           	6.754407e+01
168           	6.726435e+01
169           	6.698959e+01
170           	6.671853e+01
171           	6.645033e+01
172           	6.618569e+01
173           	6.592402e+01
174           	6.566513e+01
175           	6.540887e+01
176           	6.515482e+01
177           	6.490356e+01
178           	6.465494e+01
179           	6.440811e+01
180           	6.416468e+01
181           	6.392403e+01
182           	6.368555e+01
183           	6.344954e+01
184           	6.321614e+01
185           	6.298558e+01
186           	6.275726e+01
187           	6.253106e+01
188           	6.230756e+01
189           	6.208610e+01
190           	6.186634e+01
191           	6.164958e+01
192           	6.143478e+01
193           	6.122120e+01
194           	6.101087e+01
195           	6.080254e+01
196           	6.059596e+01
197           	6.039164e+01
198           	6.018918e+01
199           	5.998915e+01
200           	5.979113e+01
201           	5.959459e+01
202           	5.940037e+01
203           	5.920808e+01
204           	5.901686e+01
205           	5.882828e+01
206           	5.864155e+01
207           	5.845571e+01
208           	5.827256e+01
209           	5.809119e+01
210           	5.791075e+01
211           	5.773286e+01
212           	5.755665e+01
213           	5.738096e+01
214           	5.720794e+01
215           	5.703661e+01
216           	5.686621e+01
217           	5.669758e+01
218           	5.653063e+01
219           	5.636417e+01
220           	5.620016e+01
221           	5.603939e+01
222           	5.588000e+01
223           	5.572031e+01
224           	5.556305e+01
225           	5.540736e+01
226           	5.525273e+01
227           	5.509770e+01
228           	5.494545e+01
229           	5.479485e+01
230           	5.464539e+01
231           	5.449744e+01
232           	5.435098e+01
233           	5.420618e+01
234           	5.406245e+01
235           	5.391982e+01
236           	5.377886e+01
237           	5.363886e+01
238           	5.349932e+01
239           	5.336192e+01
240           	5.322562e+01
241           	5.309009e+01
242           	5.295581e+01
243           	5.282264e+01
244           	5.269116e+01
245           	5.256104e+01
246           	5.243151e+01
247           	5.230364e+01
248           	5.217691e+01
249           	5.205042e+01
250           	5.192489e+01
251           	5.180058e+01
252           	5.167757e+01
253           	5.155595e+01
254           	5.143493e+01
255           	5.131548e+01
256           	5.119724e+01
257           	5.107959e+01
258           	5.096282e+01
259           	5.084697e+01
260           	5.073230e+01
261           	5.061837e+01
262           	5.050500e+01
263           	5.039332e+01
264           	5.028243e+01
265           	5.017175e+01
266           	5.006304e+01
267           	4.995503e+01
268           	4.984727e+01
269           	4.974131e+01
270           	4.963599e+01
271           	4.953057e+01
272           	4.942714e+01
273           	4.932441e+01
274           	4.922205e+01
275           	4.912060e+01
276           	4.901987e+01
277           	4.892048e+01
278           	4.882210e+01
279           	4.872400e+01
280           	4.862731e+01
281           	4.853145e+01
282           	4.843551e+01
283           	4.834013e+01
284           	4.824575e+01
285           	4.815248e+01
286           	4.806032e+01
287           	4.796777e+01
288           	4.787696e+01
289           	4.778734e+01
290           	4.769818e+01
291           	4.760977e+01
292           	4.752188e+01
293           	4.743478e+01
294           	4.734794e+01
295           	4.726136e+01
296           	4.717602e+01
297           	4.709119e+01
298           	4.700574e+01
299           	4.692266e+01
300           	4.684024e+01
301           	4.675818e+01
302           	4.667703e+01
303           	4.659623e+01
304           	4.651633e+01
305           	4.643699e+01
306           	4.635766e+01
307           	4.627947e+01
308           	4.620192e+01
309           	4.612392e+01
310           	4.604757e+01
311           	4.597193e+01
312           	4.589618e+01
313           	4.582112e+01
314           	4.574676e+01
315           	4.567319e+01
316           	4.560036e+01
317           	4.552782e+01
318           	4.545605e+01
319           	4.538484e+01
320           	4.531359e+01
321           	4.524218e+01
322           	4.517163e+01
323           	4.510226e+01
324           	4.503358e+01
325           	4.496592e+01
326           	4.489870e+01
327           	4.483123e+01
328           	4.476461e+01
329           	4.469829e+01
330           	4.463000e+01
331           	4.456478e+01
332           	4.450024e+01
333           	4.443560e+01
334           	4.437172e+01
335           	4.430818e+01
336           	4.424506e+01
337           	4.418235e+01
338           	4.411984e+01
339           	4.405779e+01
340           	4.399624e+01
341           	4.393388e+01
342           	4.387334e+01
343           	4.381341e+01
344           	4.375349e+01
345           	4.369390e+01
346           	4.363471e+01
347           	4.357622e+01
348           	4.351787e+01
349           	4.345940e+01
350           	4.340220e+01
351           	4.334509e+01
352           	4.328756e+01
353           	4.323148e+01
354           	4.317542e+01
355           	4.311871e+01
356           	4.306363e+01
357           	4.300861e+01
358           	4.295308e+01
359           	4.289884e+01
360           	4.284465e+01
361           	4.278975e+01
362           	4.273567e+01
363           	4.268185e+01
364           	4.262848e+01
365           	4.257591e+01
366           	4.252492e+01
367           	4.247235e+01
368           	4.242028e+01
369           	4.236835e+01
370           	4.231684e+01
371           	4.226568e+01
372           	4.221551e+01
373           	4.216466e+01
374           	4.211499e+01
375           	4.206492e+01
376           	4.201390e+01
377           	4.196222e+01
378           	4.191374e+01
379           	4.186433e+01
380           	4.181599e+01
381           	4.176753e+01
382           	4.171857e+01
383           	4.167041e+01
384           	4.162264e+01
385           	4.157359e+01
386           	4.152584e+01
387           	4.147870e+01
388           	4.143130e+01
389           	4.138536e+01
390           	4.133944e+01
391           	4.129341e+01
392           	4.124749e+01
393           	4.120159e+01
394           	4.115577e+01
395           	4.111090e+01
396           	4.106586e+01
397           	4.102038e+01
398           	4.097591e+01
399           	4.093153e+01
400           	4.088628e+01
401           	4.084267e+01
402           	4.079929e+01
403           	4.075580e+01
404           	4.071276e+01
405           	4.066974e+01
406           	4.062728e+01
407           	4.058503e+01
408           	4.054257e+01
409           	4.050076e+01
410           	4.045924e+01
411           	4.041710e+01
412           	4.037614e+01
413           	4.033551e+01
414           	4.029436e+01
415           	4.025312e+01
416           	4.021237e+01
417           	4.017238e+01
418           	4.013303e+01
419           	4.009437e+01
420           	4.005562e+01
421           	4.001591e+01
422           	3.997782e+01
423           	3.993877e+01
424           	3.989907e+01
425           	3.986097e+01
426           	3.982319e+01
427           	3.978531e+01
428           	3.974787e+01
429           	3.971039e+01
430           	3.967336e+01
431           	3.963635e+01
432           	3.959910e+01
433           	3.956216e+01
434           	3.952538e+01
435           	3.948797e+01
436           	3.945152e+01
437           	3.941530e+01
438           	3.937859e+01
439           	3.934175e+01
440           	3.930536e+01
441           	3.926963e+01
442           	3.923439e+01
443           	3.919970e+01
444           	3.916509e+01
445           	3.913005e+01
446           	3.909528e+01
447           	3.905996e+01
448           	3.902216e+01
449           	3.898782e+01
450           	3.895417e+01
451           	3.891998e+01
452           	3.888649e+01
453           	3.885268e+01
454           	3.881910e+01
455           	3.878517e+01
456           	3.875101e+01
457           	3.871772e+01
458           	3.868457e+01
459           	3.864945e+01
460           	3.861662e+01
461           	3.858431e+01
462           	3.855225e+01
463           	3.851973e+01
464           	3.848738e+01
465           	3.845561e+01
466           	3.842395e+01
467           	3.839147e+01
468           	3.835958e+01
469           	3.832733e+01
470           	3.829351e+01
471           	3.826251e+01
472           	3.823206e+01
473           	3.820139e+01
474           	3.817060e+01
475           	3.813992e+01
476           	3.810929e+01
477           	3.807841e+01
478           	3.804707e+01
479           	3.801655e+01
480           	3.798595e+01
481           	3.795400e+01
482           	3.792407e+01
483           	3.789418e+01
484           	3.786405e+01
485           	3.783428e+01
486           	3.780433e+01
487           	3.777472e+01
488           	3.774527e+01
489           	3.771526e+01
490           	3.768599e+01
491           	3.765691e+01
492           	3.762720e+01
493           	3.759818e+01
494           	3.756938e+01
495           	3.754026e+01
496           	3.751114e+01
497           	3.748223e+01
498           	3.745369e+01
499           	3.742542e+01
500           	3.739650e+01
501           	3.736880e+01
502           	3.734115e+01
503           	3.731292e+01
504           	3.728440e+01
505           	3.725599e+01
506           	3.722814e+01
507           	3.720044e+01
508           	3.717265e+01
509           	3.714553e+01
510           	3.711834e+01
511           	3.709073e+01
512           	3.706329e+01
513           	3.703577e+01
514           	3.700875e+01
515           	3.698226e+01
516           	3.695523e+01
517           	3.692891e+01
518           	3.690266e+01
519           	3.687580e+01
520           	3.684916e+01
521           	3.682260e+01
522           	3.679635e+01
523           	3.677039e+01
524           	3.674363e+01
525           	3.671767e+01
526           	3.669220e+01
527           	3.666653e+01
528           	3.664006e+01
529           	3.661427e+01
530           	3.658921e+01
531           	3.656413e+01
532           	3.653942e+01
533           	3.651462e+01
534           	3.648907e+01
535           	3.646411e+01
536           	3.643931e+01
537           	3.641313e+01
538           	3.638911e+01
539           	3.636454e+01
540           	3.633972e+01
541           	3.631526e+01
542           	3.629122e+01
543           	3.626742e+01
544           	3.624338e+01
545           	3.621905e+01
546           	3.619523e+01
547           	3.617150e+01
548           	3.614647e+01
549           	3.612303e+01
550           	3.609941e+01
551           	3.607549e+01
552           	3.605140e+01
553           	3.602750e+01
554           	3.600434e+01
555           	3.598106e+01
556           	3.595756e+01
557           	3.593453e+01
558           	3.591136e+01
559           	3.588765e+01
560           	3.586482e+01
561           	3.584172e+01
562           	3.581621e+01
563           	3.579375e+01
564           	3.577151e+01
565           	3.574919e+01
566           	3.572736e+01
567           	3.570527e+01
568           	3.568360e+01
569           	3.566201e+01
570           	3.563988e+01
571           	3.561823e+01
572           	3.559699e+01
573           	3.557417e+01
574           	3.555314e+01
575           	3.553233e+01
576           	3.551080e+01
577           	3.548962e+01
578           	3.546837e+01
579           	3.544731e+01
580           	3.542686e+01
581           	3.540560e+01
582           	3.538518e+01
583           	3.536478e+01
584           	3.534354e+01
585           	3.532302e+01
586           	3.530242e+01
587           	3.528145e+01
588           	3.526102e+01
589           	3.524136e+01
590           	3.522050e+01
591           	3.520089e+01
592           	3.518152e+01
593           	3.516163e+01
594           	3.514165e+01
595           	3.512143e+01
596           	3.510195e+01
597           	3.508232e+01
598           	3.506241e+01
599           	3.504324e+01
600           	3.502388e+01
601           	3.500383e+01
602           	3.498493e+01
603           	3.496586e+01
604           	3.494614e+01
605           	3.492754e+01
606           	3.490873e+01
607           	3.488906e+01
608           	3.487024e+01
609           	3.485180e+01
610           	3.483301e+01
611           	3.481372e+01
612           	3.479399e+01
613           	3.477516e+01
614           	3.475717e+01
615           	3.474011e+01
616           	3.472251e+01
617           	3.470490e+01
618           	3.468686e+01
619           	3.466896e+01
620           	3.465008e+01
621           	3.463225e+01
622           	3.461487e+01
623           	3.459732e+01
624           	3.457983e+01
625           	3.456231e+01
626           	3.454563e+01
627           	3.452883e+01
628           	3.451183e+01
629           	3.449520e+01
630           	3.447831e+01
631           	3.446086e+01
632           	3.444435e+01
633           	3.442785e+01
634           	3.441104e+01
635           	3.439425e+01
636           	3.437755e+01
637           	3.436144e+01
638           	3.434566e+01
639           	3.432965e+01
640           	3.431406e+01
641           	3.429864e+01
642           	3.428256e+01
643           	3.426664e+01
644           	3.425077e+01
645           	3.423517e+01
646           	3.421961e+01
647           	3.420388e+01
648           	3.418845e+01
649           	3.417319e+01
650           	3.415749e+01
651           	3.414229e+01
652           	3.412727e+01
653           	3.411155e+01
654           	3.409654e+01
655           	3.408168e+01
656           	3.406624e+01
657           	3.405148e+01
658           	3.403684e+01
659           	3.402144e+01
660           	3.400659e+01
661           	3.399200e+01
662           	3.397705e+01
663           	3.396225e+01
664           	3.394798e+01
665           	3.393403e+01
666           	3.391954e+01
667           	3.390519e+01
668           	3.389147e+01
669           	3.387755e+01
670           	3.386301e+01
671           	3.384944e+01
672           	3.383573e+01
673           	3.382137e+01
674           	3.380812e+01
675           	3.379475e+01
676           	3.378077e+01
677           	3.376783e+01
678           	3.375474e+01
679           	3.374085e+01
680           	3.372807e+01
681           	3.371517e+01
682           	3.370173e+01
683           	3.368794e+01
684           	3.367453e+01
685           	3.366187e+01
686           	3.364977e+01
687           	3.363793e+01
688           	3.362618e+01
689           	3.361441e+01
690           	3.360211e+01
691           	3.358974e+01
692           	3.357639e+01
693           	3.356392e+01
694           	3.355180e+01
695           	3.353960e+01
696           	3.352824e+01
697           	3.351629e+01
698           	3.350523e+01
699           	3.349324e+01
700           	3.348149e+01
701           	3.346962e+01
702           	3.345769e+01
703           	3.344559e+01
704           	3.343451e+01
705           	3.342263e+01
706           	3.341044e+01
707           	3.339858e+01
708           	3.338730e+01
709           	3.337631e+01
710           	3.336477e+01
711           	3.335328e+01
712           	3.334170e+01
713           	3.333078e+01
714           	3.331890e+01
715           	3.330659e+01
716           	3.329437e+01
717           	3.328219e+01
718           	3.327048e+01
719           	3.325942e+01
720           	3.324841e+01
721           	3.323696e+01
722           	3.322619e+01
723           	3.321510e+01
724           	3.320311e+01
725           	3.319197e+01
726           	3.318062e+01
727           	3.316867e+01
728           	3.315761e+01
729           	3.314646e+01
730           	3.313454e+01
731           	3.312364e+01
732           	3.311266e+01
733           	3.310124e+01
734           	3.308973e+01
735           	3.307826e+01
736           	3.306737e+01
737           	3.305678e+01
738           	3.304576e+01
739           	3.303546e+01
740           	3.302524e+01
741           	3.301432e+01
742           	3.300357e+01
743           	3.299284e+01
744           	3.298232e+01
745           	3.297192e+01
746           	3.296138e+01
747           	3.295112e+01
748           	3.294094e+01
749           	3.293028e+01
750           	3.292020e+01
751           	3.291016e+01
752           	3.289954e+01
753           	3.288952e+01
754           	3.287957e+01
755           	3.286908e+01
756           	3.285926e+01
757           	3.284948e+01
758           	3.283884e+01
759           	3.282894e+01
760           	3.281914e+01
761           	3.280895e+01
762           	3.279878e+01
763           	3.278871e+01
764           	3.277908e+01
765           	3.276939e+01
766           	3.275959e+01
767           	3.275010e+01
768           	3.274045e+01
769           	3.273026e+01
770           	3.272084e+01
771           	3.271125e+01
772           	3.270095e+01
773           	3.269157e+01
774           	3.268206e+01
775           	3.267214e+01
776           	3.266191e+01
777           	3.265178e+01
778           	3.264233e+01
779           	3.263320e+01
780           	3.262385e+01
781           	3.261490e+01
782           	3.260610e+01
783           	3.259659e+01
784           	3.258732e+01
785           	3.257795e+01
786           	3.256454e+01
787           	3.255599e+01
788           	3.254778e+01
789           	3.253904e+01
790           	3.253037e+01
791           	3.252144e+01
792           	3.251236e+01
793           	3.250314e+01
794           	3.249381e+01
795           	3.248462e+01
796           	3.247557e+01
797           	3.246559e+01
798           	3.245671e+01
799           	3.244817e+01
800           	3.243880e+01
801           	3.243020e+01
802           	3.242163e+01
803           	3.241323e+01
804           	3.240448e+01
805           	3.239545e+01
806           	3.238630e+01
807           	3.237756e+01
808           	3.236798e+01
809           	3.235960e+01
810           	3.235110e+01
811           	3.234176e+01
812           	3.233332e+01
813           	3.232470e+01
814           	3.231654e+01
815           	3.230829e+01
816           	3.229958e+01
817           	3.229083e+01
818           	3.228267e+01
819           	3.227375e+01
820           	3.226563e+01
821           	3.225708e+01
822           	3.224841e+01
823           	3.224010e+01
824           	3.223201e+01
825           	3.222323e+01
826           	3.221548e+01
827           	3.220725e+01
828           	3.219892e+01
829           	3.219022e+01
830           	3.218175e+01
831           	3.217404e+01
832           	3.216592e+01
833           	3.215815e+01
834           	3.215039e+01
835           	3.214219e+01
836           	3.213392e+01
837           	3.212625e+01
838           	3.211814e+01
839           	3.210987e+01
840           	3.210230e+01
841           	3.209471e+01
842           	3.208657e+01
843           	3.207779e+01
844           	3.206938e+01
845           	3.206173e+01
846           	3.205431e+01
847           	3.204738e+01
848           	3.204041e+01
849           	3.203258e+01
850           	3.202537e+01
851           	3.201803e+01
852           	3.200846e+01
853           	3.200120e+01
854           	3.199420e+01
855           	3.198671e+01
856           	3.197918e+01
857           	3.197191e+01
858           	3.196526e+01
859           	3.195811e+01
860           	3.195103e+01
861           	3.194370e+01
862           	3.193652e+01
863           	3.192882e+01
864           	3.192197e+01
865           	3.191482e+01
866           	3.190746e+01
867           	3.190033e+01
868           	3.189344e+01
869           	3.188733e+01
870           	3.188083e+01
871           	3.187389e+01
872           	3.186697e+01
873           	3.186002e+01
874           	3.185295e+01
875           	3.184639e+01
876           	3.184019e+01
877           	3.183335e+01
878           	3.182694e+01
879           	3.182082e+01
880           	3.181371e+01
881           	3.180732e+01
882           	3.180129e+01
883           	3.179478e+01
884           	3.178797e+01
885           	3.178155e+01
886           	3.177560e+01
887           	3.176946e+01
888           	3.176304e+01
889           	3.175748e+01
890           	3.175198e+01
891           	3.174547e+01
892           	3.173870e+01
893           	3.173182e+01
894           	3.172572e+01
895           	3.172022e+01
896           	3.171514e+01
897           	3.170977e+01
898           	3.170374e+01
899           	3.169798e+01
900           	3.169213e+01
901           	3.168488e+01
902           	3.167913e+01
903           	3.167340e+01
904           	3.166749e+01
905           	3.166189e+01
906           	3.165605e+01
907           	3.165050e+01
908           	3.164493e+01
909           	3.163880e+01
910           	3.163305e+01
911           	3.162733e+01
912           	3.162058e+01
913           	3.161482e+01
914           	3.160920e+01
915           	3.160300e+01
916           	3.159694e+01
917           	3.159095e+01
918           	3.158503e+01
919           	3.157936e+01
920           	3.157321e+01
921           	3.156748e+01
922           	3.156189e+01
923           	3.155573e+01
924           	3.154911e+01
925           	3.154291e+01
926           	3.153704e+01
927           	3.153122e+01
928           	3.152491e+01
929           	3.151947e+01
930           	3.151396e+01
931           	3.150821e+01
932           	3.150240e+01
933           	3.149620e+01
934           	3.149024e+01
935           	3.148443e+01
936           	3.147770e+01
937           	3.147171e+01
938           	3.146600e+01
939           	3.145877e+01
940           	3.145311e+01
941           	3.144755e+01
942           	3.144111e+01
943           	3.143514e+01
944           	3.142917e+01
945           	3.142307e+01
946           	3.141733e+01
947           	3.141114e+01
948           	3.140537e+01
949           	3.139968e+01
950           	3.139317e+01
951           	3.138743e+01
952           	3.138178e+01
953           	3.137525e+01
954           	3.136954e+01
955           	3.136395e+01
956           	3.135764e+01
957           	3.135199e+01
958           	3.134643e+01
959           	3.133975e+01
960           	3.133410e+01
961           	3.132858e+01
962           	3.132246e+01
963           	3.131590e+01
964           	3.130965e+01
965           	3.130369e+01
966           	3.129826e+01
967           	3.129258e+01
968           	3.128747e+01
969           	3.128218e+01
970           	3.127651e+01
971           	3.127099e+01
972           	3.126506e+01
973           	3.125943e+01
974           	3.125382e+01
975           	3.124746e+01
976           	3.124203e+01
977           	3.123673e+01
978           	3.123025e+01
979           	3.122500e+01
980           	3.121987e+01
981           	3.121391e+01
982           	3.120789e+01
983           	3.120211e+01
984           	3.119658e+01
985           	3.119139e+01
986           	3.118591e+01
987           	3.118075e+01
988           	3.117580e+01
989           	3.117038e+01
990           	3.116487e+01
991           	3.115936e+01
992           	3.115415e+01
993           	3.114868e+01
994           	3.114287e+01
995           	3.113787e+01
996           	3.113271e+01
997           	3.112689e+01
998           	3.112207e+01
999           	3.111703e+01
1000          	3.111127e+01
1001          	3.110648e+01
1002          	3.110145e+01
1003          	3.109574e+01
1004          	3.109096e+01
1005          	3.108610e+01
1006          	3.108051e+01
1007          	3.107563e+01
1008          	3.107070e+01
1009          	3.106513e+01
1010          	3.106032e+01
1011          	3.105536e+01
1012          	3.104973e+01
1013          	3.104527e+01
1014          	3.104058e+01
1015          	3.103514e+01
1016          	3.103063e+01
1017          	3.102590e+01
1018          	3.102008e+01
1019          	3.101557e+01
1020          	3.101098e+01
1021          	3.100607e+01
1022          	3.100141e+01
1023          	3.099656e+01
1024          	3.099208e+01
1025          	3.098767e+01
1026          	3.098273e+01
1027          	3.097837e+01
1028          	3.097405e+01
1029          	3.096881e+01
1030          	3.096455e+01
1031          	3.096035e+01
1032          	3.095531e+01
1033          	3.095121e+01
1034          	3.094715e+01
1035          	3.094182e+01
1036          	3.093769e+01
1037          	3.093366e+01
1038          	3.092895e+01
1039          	3.092445e+01
1040          	3.092018e+01
1041          	3.091602e+01
1042          	3.091200e+01
1043          	3.090760e+01
1044          	3.090371e+01
1045          	3.089989e+01
1046          	3.089545e+01
1047          	3.089158e+01
1048          	3.088777e+01
1049          	3.088282e+01
1050          	3.087907e+01
1051          	3.087546e+01
1052          	3.087143e+01
1053          	3.086735e+01
1054          	3.086341e+01
1055          	3.085985e+01
1056          	3.085618e+01
1057          	3.085229e+01
1058          	3.084887e+01
1059          	3.084531e+01
1060          	3.084115e+01
1061          	3.083794e+01
1062          	3.083454e+01
1063          	3.083039e+01
1064          	3.082725e+01
1065          	3.082390e+01
1066          	3.081993e+01
1067          	3.081687e+01
1068          	3.081359e+01
1069          	3.080936e+01
1070          	3.080628e+01
1071          	3.080308e+01
1072          	3.079943e+01
1073          	3.079593e+01
1074          	3.079231e+01
1075          	3.078918e+01
1076          	3.078625e+01
1077          	3.078276e+01
1078          	3.077996e+01
1079          	3.077722e+01
1080          	3.077361e+01
1081          	3.076970e+01
1082          	3.076607e+01
1083          	3.076278e+01
1084          	3.076004e+01
1085          	3.075781e+01
1086          	3.075540e+01
1087          	3.075245e+01
1088          	3.075003e+01
1089          	3.074723e+01
1090          	3.074324e+01
1091          	3.074054e+01
1092          	3.073774e+01
1093          	3.073461e+01
1094          	3.073175e+01
1095          	3.072869e+01
1096          	3.072613e+01
1097          	3.072373e+01
1098          	3.072076e+01
1099          	3.071838e+01
1100          	3.071601e+01
1101          	3.071270e+01
1102          	3.071029e+01
1103          	3.070788e+01
1104          	3.070426e+01
1105          	3.070185e+01
1106          	3.069949e+01
1107          	3.069638e+01
1108          	3.069322e+01
1109          	3.069025e+01
1110          	3.068759e+01
1111          	3.068523e+01
1112          	3.068270e+01
1113          	3.068038e+01
1114          	3.067816e+01
1115          	3.067540e+01
1116          	3.067249e+01
1117          	3.066964e+01
1118          	3.066721e+01
1119          	3.066469e+01
1120          	3.066189e+01
1121          	3.065974e+01
1122          	3.065739e+01
1123          	3.065448e+01
1124          	3.065236e+01
1125          	3.064997e+01
1126          	3.064585e+01
1127          	3.064367e+01
1128          	3.064141e+01
1129          	3.063884e+01
1130          	3.063652e+01
1131          	3.063394e+01
1132          	3.063163e+01
1133          	3.062931e+01
1134          	3.062641e+01
1135          	3.062405e+01
1136          	3.062173e+01
1137          	3.061831e+01
1138          	3.061599e+01
1139          	3.061379e+01
1140          	3.061090e+01
1141          	3.060811e+01
1142          	3.060547e+01
1143          	3.060310e+01
1144          	3.060086e+01
1145          	3.059820e+01
1146          	3.059579e+01
1147          	3.059336e+01
1148          	3.059036e+01
1149          	3.058796e+01
1150          	3.058559e+01
1151          	3.058212e+01
1152          	3.057962e+01
1153          	3.057727e+01
1154          	3.057442e+01
1155          	3.057145e+01
1156          	3.056863e+01
1157          	3.056619e+01
1158          	3.056363e+01
1159          	3.056077e+01
1160          	3.055847e+01
1161          	3.055594e+01
1162          	3.055277e+01
1163          	3.055042e+01
1164          	3.054776e+01
1165          	3.054332e+01
1166          	3.054072e+01
1167          	3.053809e+01
1168          	3.053519e+01
1169          	3.053253e+01
1170          	3.052959e+01
1171          	3.052687e+01
1172          	3.052409e+01
1173          	3.052060e+01
1174          	3.051770e+01
1175          	3.051482e+01
1176          	3.051051e+01
1177          	3.050759e+01
1178          	3.050453e+01
1179          	3.050116e+01
1180          	3.049797e+01
1181          	3.049446e+01
1182          	3.049116e+01
1183          	3.048799e+01
1184          	3.048454e+01
1185          	3.048133e+01
1186          	3.047857e+01
1187          	3.047478e+01
1188          	3.047146e+01
1189          	3.046819e+01
1190          	3.046360e+01
1191          	3.046034e+01
1192          	3.045720e+01
1193          	3.045364e+01
1194          	3.045002e+01
1195          	3.044648e+01
1196          	3.044322e+01
1197          	3.043979e+01
1198          	3.043595e+01
1199          	3.043270e+01
1200          	3.042927e+01
1201          	3.042506e+01
1202          	3.042185e+01
1203          	3.041845e+01
1204          	3.041429e+01
1205          	3.041113e+01
1206          	3.040749e+01
1207          	3.040332e+01
1208          	3.039987e+01
1209          	3.039628e+01
1210          	3.039229e+01
1211          	3.038890e+01
1212          	3.038532e+01
1213          	3.038113e+01
1214          	3.037762e+01
1215          	3.037408e+01
1216          	3.036996e+01
1217          	3.036610e+01
1218          	3.036158e+01
1219          	3.035835e+01
1220          	3.035463e+01
1221          	3.035062e+01
1222          	3.034767e+01
1223          	3.034409e+01
1224          	3.034038e+01
1225          	3.033595e+01
1226          	3.033172e+01
1227          	3.032836e+01
1228          	3.032448e+01
1229          	3.032078e+01
1230          	3.031690e+01
1231          	3.031331e+01
1232          	3.030953e+01
1233          	3.030532e+01
1234          	3.030128e+01
1235          	3.029684e+01
1236          	3.029343e+01
1237          	3.028976e+01
1238          	3.028660e+01
1239          	3.028301e+01
1240          	3.028019e+01
1241          	3.027725e+01
1242          	3.027293e+01
1243          	3.026955e+01
1244          	3.026620e+01
1245          	3.026215e+01
1246          	3.025893e+01
1247          	3.025581e+01
1248          	3.025118e+01
1249          	3.024827e+01
1250          	3.024527e+01
1251          	3.024185e+01
1252          	3.023848e+01
1253          	3.023516e+01
1254          	3.023207e+01
1255          	3.022905e+01
1256          	3.022549e+01
1257          	3.022239e+01
1258          	3.021943e+01
1259          	3.021555e+01
1260          	3.021253e+01
1261          	3.020968e+01
1262          	3.020626e+01
1263          	3.020270e+01
1264          	3.019917e+01
1265          	3.019624e+01
1266          	3.019375e+01
1267          	3.019065e+01
1268          	3.018841e+01
1269          	3.018605e+01
1270          	3.018332e+01
1271          	3.018050e+01
1272          	3.017768e+01
1273          	3.016982e+01
1274          	3.016791e+01
1275          	3.016619e+01
1276          	3.016419e+01
1277          	3.016226e+01
1278          	3.015984e+01
1279          	3.015742e+01
1280          	3.015480e+01
1281          	3.015165e+01
1282          	3.014886e+01
1283          	3.014620e+01
1284          	3.014253e+01
1285          	3.013987e+01
1286          	3.013763e+01
1287          	3.013503e+01
1288          	3.013284e+01
1289          	3.013055e+01
1290          	3.012454e+01
1291          	3.012251e+01
1292          	3.012088e+01
1293          	3.011874e+01
1294          	3.011683e+01
1295          	3.011480e+01
1296          	3.011478e+01
1297          	3.011194e+01
1298          	3.010928e+01
1299          	3.010627e+01
1300          	3.010398e+01
1301          	3.010181e+01
1302          	3.009453e+01
1303          	3.009338e+01
1304          	3.009261e+01
1305          	3.009117e+01
1306          	3.008962e+01
1307          	3.008778e+01
1308          	3.008569e+01
1309          	3.008353e+01
1310          	3.008121e+01
1311          	3.007895e+01
1312          	3.007687e+01
1313          	3.007417e+01
1314          	3.007214e+01
1315          	3.007029e+01
1316          	3.006797e+01
1317          	3.006560e+01
1318          	3.006327e+01
1319          	3.006125e+01
1320          	3.005903e+01
1321          	3.005643e+01
1322          	3.005443e+01
1323          	3.005221e+01
1324          	3.004928e+01
1325          	3.004728e+01
1326          	3.004503e+01
1327          	3.004198e+01
1328          	3.003994e+01
1329          	3.003766e+01
1330          	3.003471e+01
1331          	3.003266e+01
1332          	3.003035e+01
1333          	3.002703e+01
1334          	3.002485e+01
1335          	3.002249e+01
1336          	3.001966e+01
1337          	3.001691e+01
1338          	3.001405e+01
1339          	3.001169e+01
1340          	3.000952e+01
1341          	3.000683e+01
1342          	3.000477e+01
1343          	3.000277e+01
1344          	2.999991e+01
1345          	2.999670e+01
1346          	2.999380e+01
1347          	2.999131e+01
1348          	2.998928e+01
1349          	2.998770e+01
1350          	2.998585e+01
1351          	2.998349e+01
1352          	2.998153e+01
1353          	2.997919e+01
1354          	2.997518e+01
1355          	2.997292e+01
1356          	2.997065e+01
1357          	2.996815e+01
1358          	2.996600e+01
1359          	2.996361e+01
1360          	2.996150e+01
1361          	2.995934e+01
1362          	2.995665e+01
1363          	2.995439e+01
1364          	2.995211e+01
1365          	2.994862e+01
1366          	2.994628e+01
1367          	2.994408e+01
1368          	2.994124e+01
1369          	2.993869e+01
1370          	2.993621e+01
1371          	2.993387e+01
1372          	2.993165e+01
1373          	2.992909e+01
1374          	2.992681e+01
1375          	2.992454e+01
1376          	2.992163e+01
1377          	2.991931e+01
1378          	2.991704e+01
1379          	2.991398e+01
1380          	2.991167e+01
1381          	2.990945e+01
1382          	2.990661e+01
1383          	2.990438e+01
1384          	2.990219e+01
1385          	2.989878e+01
1386          	2.989639e+01
1387          	2.989417e+01
1388          	2.989151e+01
1389          	2.988883e+01
1390          	2.988622e+01
1391          	2.988394e+01
1392          	2.988146e+01
1393          	2.987868e+01
1394          	2.987646e+01
1395          	2.987402e+01
1396          	2.987092e+01
1397          	2.986871e+01
1398          	2.986628e+01
1399          	2.986325e+01
1400          	2.986112e+01
1401          	2.985872e+01
1402          	2.985541e+01
1403          	2.985318e+01
1404          	2.985075e+01
1405          	2.984783e+01
1406          	2.984492e+01
1407          	2.984192e+01
1408          	2.983947e+01
1409          	2.983724e+01
1410          	2.983444e+01
1411          	2.983228e+01
1412          	2.983018e+01
1413          	2.982725e+01
1414          	2.982434e+01
1415          	2.982150e+01
1416          	2.981885e+01
1417          	2.981647e+01
1418          	2.981369e+01
1419          	2.981137e+01
1420          	2.980919e+01
1421          	2.980646e+01
1422          	2.980338e+01
1423          	2.980045e+01
1424          	2.979799e+01
1425          	2.979550e+01
1426          	2.979267e+01
1427          	2.979057e+01
1428          	2.978829e+01
1429          	2.978554e+01
1430          	2.978281e+01
1431          	2.977988e+01
1432          	2.977743e+01
1433          	2.977516e+01
1434          	2.977226e+01
1435          	2.977016e+01
1436          	2.976815e+01
1437          	2.976528e+01
1438          	2.976218e+01
1439          	2.975939e+01
1440          	2.975699e+01
1441          	2.975502e+01
1442          	2.975347e+01
1443          	2.975162e+01
1444          	2.974929e+01
1445          	2.974749e+01
1446          	2.974534e+01
1447          	2.974074e+01
1448          	2.973908e+01
1449          	2.973749e+01
1450          	2.973561e+01
1451          	2.973412e+01
1452          	2.973237e+01
1453          	2.973081e+01
1454          	2.972913e+01
1455          	2.972686e+01
1456          	2.972506e+01
1457          	2.972331e+01
1458          	2.972010e+01
1459          	2.971859e+01
1460          	2.971731e+01
1461          	2.971554e+01
1462          	2.971412e+01
1463          	2.971260e+01
1464          	2.971110e+01
1465          	2.970974e+01
1466          	2.970780e+01
1467          	2.970631e+01
1468          	2.970485e+01
1469          	2.970203e+01
1470          	2.970023e+01
1471          	2.969879e+01
1472          	2.969709e+01
1473          	2.969542e+01
1474          	2.969380e+01
1475          	2.969242e+01
1476          	2.969071e+01
1477          	2.968863e+01
1478          	2.968708e+01
1479          	2.968519e+01
1480          	2.968245e+01
1481          	2.968068e+01
1482          	2.967871e+01
1483          	2.967629e+01
1484          	2.967383e+01
1485          	2.967124e+01
1486          	2.966915e+01
1487          	2.966722e+01
1488          	2.966462e+01
1489          	2.966261e+01
1490          	2.966058e+01
1491          	2.965766e+01
1492          	2.965470e+01
1493          	2.965176e+01
1494          	2.964899e+01
1495          	2.964641e+01
1496          	2.964345e+01
1497          	2.964088e+01
1498          	2.963841e+01
1499          	2.963512e+01
1500          	2.963155e+01
1501          	2.962828e+01
1502          	2.962555e+01
1503          	2.962269e+01
1504          	2.961959e+01
1505          	2.961710e+01
1506          	2.961441e+01
1507          	2.961120e+01
1508          	2.960786e+01
1509          	2.960430e+01
1510          	2.960116e+01
1511          	2.959821e+01
1512          	2.959487e+01
1513          	2.959205e+01
1514          	2.958939e+01
1515          	2.958577e+01
1516          	2.958286e+01
1517          	2.958002e+01
1518          	2.957549e+01
1519          	2.957260e+01
1520          	2.956973e+01
1521          	2.956631e+01
1522          	2.956325e+01
1523          	2.956020e+01
1524          	2.955716e+01
1525          	2.955438e+01
1526          	2.955086e+01
1527          	2.954758e+01
1528          	2.954443e+01
1529          	2.954055e+01
1530          	2.953742e+01
1531          	2.953445e+01
1532          	2.953093e+01
1533          	2.952690e+01
1534          	2.952319e+01
1535          	2.952007e+01
1536          	2.951698e+01
1537          	2.951354e+01
1538          	2.951068e+01
1539          	2.950770e+01
1540          	2.950436e+01
1541          	2.950121e+01
1542          	2.949761e+01
1543          	2.949423e+01
1544          	2.949076e+01
1545          	2.948658e+01
1546          	2.948317e+01
1547          	2.947982e+01
1548          	2.947475e+01
1549          	2.947154e+01
1550          	2.946853e+01
1551          	2.946489e+01
1552          	2.946153e+01
1553          	2.945808e+01
1554          	2.945460e+01
1555          	2.945118e+01
1556          	2.944730e+01
1557          	2.944371e+01
1558          	2.944023e+01
1559          	2.943584e+01
1560          	2.943219e+01
1561          	2.942886e+01
1562          	2.942509e+01
1563          	2.942114e+01
1564          	2.941734e+01
1565          	2.941391e+01
1566          	2.941039e+01
1567          	2.940664e+01
1568          	2.940344e+01
1569          	2.940001e+01
1570          	2.939597e+01
1571          	2.939273e+01
1572          	2.938920e+01
1573          	2.938341e+01
1574          	2.938015e+01
1575          	2.937688e+01
1576          	2.937336e+01
1577          	2.937017e+01
1578          	2.936661e+01
1579          	2.936327e+01
1580          	2.935981e+01
1581          	2.935564e+01
1582          	2.935209e+01
1583          	2.934860e+01
1584          	2.934375e+01
1585          	2.934020e+01
1586          	2.933702e+01
1587          	2.933333e+01
1588          	2.932999e+01
1589          	2.932657e+01
1590          	2.932310e+01
1591          	2.931960e+01
1592          	2.931554e+01
1593          	2.931201e+01
1594          	2.930852e+01
1595          	2.930430e+01
1596          	2.930072e+01
1597          	2.929731e+01
1598          	2.929344e+01
1599          	2.928928e+01
1600          	2.928546e+01
1601          	2.928214e+01
1602          	2.927873e+01
1603          	2.927510e+01
1604          	2.927198e+01
1605          	2.926862e+01
1606          	2.926480e+01
1607          	2.926109e+01
1608          	2.925707e+01
1609          	2.925348e+01
1610          	2.925002e+01
1611          	2.924588e+01
1612          	2.924251e+01
1613          	2.923923e+01
1614          	2.923499e+01
1615          	2.923170e+01
1616          	2.922842e+01
1617          	2.922371e+01
1618          	2.922020e+01
1619          	2.921678e+01
1620          	2.921269e+01
1621          	2.920875e+01
1622          	2.920495e+01
1623          	2.920130e+01
1624          	2.919782e+01
1625          	2.919405e+01
1626          	2.919053e+01
1627          	2.918705e+01
1628          	2.918293e+01
1629          	2.917939e+01
1630          	2.917587e+01
1631          	2.917103e+01
1632          	2.916743e+01
1633          	2.916399e+01
1634          	2.916015e+01
1635          	2.915630e+01
1636          	2.915250e+01
1637          	2.914903e+01
1638          	2.914538e+01
1639          	2.914145e+01
1640          	2.913805e+01
1641          	2.913444e+01
1642          	2.913027e+01
1643          	2.912696e+01
1644          	2.912342e+01
1645          	2.911928e+01
1646          	2.911600e+01
1647          	2.911251e+01
1648          	2.910805e+01
1649          	2.910473e+01
1650          	2.910125e+01
1651          	2.909734e+01
1652          	2.909357e+01
1653          	2.908966e+01
1654          	2.908621e+01
1655          	2.908291e+01
1656          	2.907910e+01
1657          	2.907586e+01
1658          	2.907265e+01
1659          	2.906858e+01
1660          	2.906537e+01
1661          	2.906214e+01
1662          	2.905715e+01
1663          	2.905388e+01
1664          	2.905077e+01
1665          	2.904705e+01
1666          	2.904364e+01
1667          	2.904023e+01
1668          	2.903688e+01
1669          	2.903359e+01
1670          	2.903000e+01
1671          	2.902669e+01
1672          	2.902348e+01
1673          	2.901952e+01
1674          	2.901634e+01
1675          	2.901331e+01
1676          	2.900979e+01
1677          	2.900596e+01
1678          	2.900243e+01
1679          	2.899947e+01
1680          	2.899654e+01
1681          	2.899331e+01
1682          	2.899073e+01
1683          	2.898794e+01
1684          	2.898464e+01
1685          	2.898144e+01
1686          	2.897796e+01
1687          	2.897485e+01
1688          	2.897183e+01
1689          	2.896816e+01
1690          	2.896528e+01
1691          	2.896245e+01
1692          	2.895862e+01
1693          	2.895572e+01
1694          	2.895281e+01
1695          	2.894875e+01
1696          	2.894576e+01
1697          	2.894281e+01
1698          	2.893904e+01
1699          	2.893506e+01
1700          	2.893140e+01
1701          	2.892813e+01
1702          	2.892526e+01
1703          	2.892222e+01
1704          	2.891934e+01
1705          	2.891664e+01
1706          	2.891354e+01
1707          	2.891042e+01
1708          	2.890716e+01
1709          	2.890405e+01
1710          	2.890062e+01
1711          	2.889679e+01
1712          	2.889367e+01
1713          	2.889042e+01
1714          	2.888506e+01
1715          	2.888231e+01
1716          	2.887959e+01
1717          	2.887661e+01
1718          	2.887380e+01
1719          	2.887065e+01
1720          	2.886771e+01
1721          	2.886468e+01
1722          	2.886112e+01
1723          	2.885799e+01
1724          	2.885499e+01
1725          	2.885063e+01
1726          	2.884766e+01
1727          	2.884488e+01
1728          	2.884154e+01
1729          	2.883853e+01
1730          	2.883551e+01
1731          	2.883250e+01
1732          	2.882952e+01
1733          	2.882617e+01
1734          	2.882315e+01
1735          	2.882022e+01
1736          	2.881644e+01
1737          	2.881351e+01
1738          	2.881076e+01
1739          	2.880758e+01
1740          	2.880425e+01
1741          	2.880114e+01
1742          	2.879850e+01
1743          	2.879580e+01
1744          	2.879285e+01
1745          	2.879048e+01
1746          	2.878789e+01
1747          	2.878477e+01
1748          	2.878131e+01
1749          	2.877791e+01
1750          	2.877522e+01
1751          	2.877294e+01
1752          	2.877085e+01
1753          	2.876877e+01
1754          	2.876616e+01
1755          	2.876374e+01
1756          	2.876122e+01
1757          	2.875613e+01
1758          	2.875363e+01
1759          	2.875150e+01
1760          	2.874913e+01
1761          	2.874679e+01
1762          	2.874445e+01
1763          	2.874225e+01
1764          	2.873972e+01
1765          	2.873686e+01
1766          	2.873443e+01
1767          	2.873181e+01
1768          	2.872791e+01
1769          	2.872561e+01
1770          	2.872332e+01
1771          	2.872083e+01
1772          	2.871866e+01
1773          	2.871624e+01
1774          	2.871410e+01
1775          	2.871187e+01
1776          	2.870910e+01
1777          	2.870676e+01
1778          	2.870446e+01
1779          	2.870093e+01
1780          	2.869868e+01
1781          	2.869663e+01
1782          	2.869396e+01
1783          	2.869169e+01
1784          	2.868946e+01
1785          	2.868729e+01
1786          	2.868515e+01
1787          	2.868258e+01
1788          	2.868033e+01
1789          	2.867811e+01
1790          	2.867510e+01
1791          	2.867277e+01
1792          	2.867051e+01
1793          	2.866767e+01
1794          	2.866420e+01
1795          	2.866114e+01
1796          	2.865874e+01
1797          	2.865649e+01
1798          	2.865464e+01
1799          	2.865272e+01
1800          	2.864994e+01
1801          	2.864756e+01
1802          	2.864500e+01
1803          	2.864027e+01
1804          	2.863766e+01
1805          	2.863519e+01
1806          	2.863227e+01
1807          	2.862978e+01
1808          	2.862724e+01
1809          	2.862462e+01
1810          	2.862190e+01
1811          	2.861881e+01
1812          	2.861600e+01
1813          	2.861321e+01
1814          	2.860938e+01
1815          	2.860660e+01
1816          	2.860402e+01
1817          	2.860108e+01
1818          	2.859815e+01
1819          	2.859529e+01
1820          	2.859275e+01
1821          	2.858991e+01
1822          	2.858688e+01
1823          	2.858439e+01
1824          	2.858177e+01
1825          	2.857853e+01
1826          	2.857625e+01
1827          	2.857382e+01
1828          	2.857083e+01
1829          	2.856870e+01
1830          	2.856643e+01
1831          	2.856332e+01
1832          	2.856126e+01
1833          	2.855907e+01
1834          	2.855646e+01
1835          	2.855392e+01
1836          	2.855137e+01
1837          	2.854943e+01
1838          	2.854778e+01
1839          	2.854572e+01
1840          	2.854427e+01
1841          	2.854293e+01
1842          	2.854084e+01
1843          	2.853885e+01
1844          	2.853700e+01
1845          	2.853541e+01
1846          	2.853411e+01
1847          	2.853250e+01
1848          	2.853138e+01
1849          	2.853042e+01
1850          	2.852891e+01
1851          	2.852699e+01
1852          	2.852538e+01
1853          	2.852435e+01
1854          	2.852340e+01
1855          	2.852211e+01
1856          	2.852161e+01
1857          	2.852101e+01
1858          	2.852002e+01
1859          	2.851923e+01
1860          	2.851810e+01
1861          	2.851725e+01
1862          	2.851646e+01
1863          	2.851499e+01
1864          	2.851428e+01
1865          	2.851369e+01
1866          	2.851204e+01
1867          	2.851143e+01
1868          	2.851085e+01
1869          	2.850944e+01
1870          	2.850780e+01
1871          	2.850642e+01
1872          	2.850537e+01
1873          	2.850461e+01
1874          	2.850352e+01
1875          	2.850268e+01
1876          	2.850190e+01
1877          	2.850067e+01
1878          	2.849934e+01
1879          	2.849783e+01
1880          	2.849645e+01
1881          	2.849465e+01
1882          	2.849244e+01
1883          	2.849094e+01
1884          	2.848916e+01
1885          	2.848635e+01
1886          	2.848481e+01
1887          	2.848309e+01
1888          	2.848090e+01
1889          	2.847882e+01
1890          	2.847648e+01
1891          	2.847447e+01
1892          	2.847250e+01
1893          	2.846999e+01
1894          	2.846798e+01
1895          	2.846599e+01
1896          	2.846309e+01
1897          	2.846109e+01
1898          	2.845912e+01
1899          	2.845624e+01
1900          	2.845432e+01
1901          	2.845245e+01
1902          	2.844969e+01
1903          	2.844786e+01
1904          	2.844609e+01
1905          	2.844350e+01
1906          	2.844180e+01
1907          	2.844018e+01
1908          	2.843771e+01
1909          	2.843618e+01
1910          	2.843476e+01
1911          	2.843258e+01
1912          	2.843135e+01
1913          	2.843022e+01
1914          	2.842814e+01
1915          	2.842714e+01
1916          	2.842627e+01
1917          	2.842474e+01
1918          	2.842320e+01
1919          	2.842202e+01
1920          	2.842124e+01
1921          	2.842092e+01
1922          	2.842046e+01
1923          	2.842039e+01
1924          	2.842053e+01
1925          	2.842031e+01
1926          	2.842005e+01
1927          	2.841976e+01
1928          	2.841995e+01
1929          	2.842005e+01
1930          	2.841985e+01
1931          	2.842049e+01
1932          	2.842105e+01
1933          	2.842102e+01
1934          	2.842201e+01
1935          	2.842286e+01
1936          	2.842309e+01
1937          	2.842429e+01
1938          	2.842537e+01
1939          	2.842576e+01
1940          	2.842715e+01
1941          	2.842835e+01
1942          	2.842894e+01
1943          	2.843049e+01
1944          	2.843189e+01
1945          	2.843254e+01
1946          	2.843424e+01
1947          	2.843580e+01
1948          	2.843687e+01
1949          	2.843755e+01
1950          	2.843843e+01
1951          	2.844009e+01
1952          	2.844223e+01
1953          	2.844457e+01
1954          	2.844698e+01
1955          	2.844886e+01
1956          	2.845088e+01
1957          	2.845284e+01
1958          	2.845333e+01
1959          	2.845521e+01
1960          	2.845737e+01
1961          	2.845928e+01
1962          	2.846129e+01
1963          	2.846342e+01
1964          	2.846583e+01
