# Residuals   
# Time        	p             	Ux            	Uy            	Uz            
0             	N/A	N/A
1             	1.000000e+00	1.000000e+00	1.000000e+00	1.000000e+00
2             	3.685663e-02	5.865615e-01	4.429065e-01	3.902638e-01
3             	5.632402e-02	2.533160e-01	2.143862e-01	1.661915e-01
4             	7.810662e-02	1.292672e-01	1.624975e-01	4.840859e-01
5             	1.750013e-01	5.991957e-02	1.481865e-01	5.421817e-01
6             	1.952422e-01	6.570154e-02	1.578615e-01	4.148247e-01
7             	1.000462e-01	1.151625e-01	1.705190e-01	2.734205e-01
8             	8.400698e-02	1.523035e-01	1.704767e-01	1.611076e-01
9             	8.825339e-02	1.503241e-01	1.687192e-01	2.024959e-01
10            	1.128629e-01	1.028615e-01	1.580808e-01	3.351332e-01
11            	1.737381e-01	5.692197e-02	1.370445e-01	3.573240e-01
12            	1.160989e-01	6.430111e-02	1.182647e-01	2.913118e-01
13            	8.600678e-02	7.856763e-02	9.413845e-02	1.977395e-01
14            	7.691110e-02	7.297163e-02	6.806332e-02	1.166284e-01
15            	7.818784e-02	5.318681e-02	5.172556e-02	1.449690e-01
16            	8.887237e-02	3.216305e-02	4.377977e-02	2.043150e-01
17            	1.065935e-01	2.148418e-02	3.975930e-02	2.026365e-01
18            	1.045899e-01	2.251470e-02	3.739657e-02	1.588483e-01
19            	9.467472e-02	2.547416e-02	3.285406e-02	1.018733e-01
20            	9.292750e-02	2.350083e-02	2.643048e-02	6.473091e-02
21            	9.654197e-02	1.757793e-02	2.256164e-02	7.775769e-02
22            	9.967417e-02	1.433204e-02	2.133561e-02	9.423816e-02
23            	8.948002e-02	1.468070e-02	2.043104e-02	9.043234e-02
24            	8.248863e-02	1.595557e-02	1.852646e-02	7.177098e-02
25            	7.844534e-02	1.615717e-02	1.588044e-02	5.113117e-02
26            	7.669122e-02	1.486915e-02	1.374750e-02	4.344369e-02
27            	7.649704e-02	1.308287e-02	1.274564e-02	4.794944e-02
28            	7.705105e-02	1.166762e-02	1.214292e-02	5.044123e-02
29            	7.754483e-02	1.082528e-02	1.148643e-02	4.699998e-02
30            	7.735253e-02	1.030383e-02	1.068911e-02	4.029321e-02
31            	7.622380e-02	9.866597e-03	9.921783e-03	3.459736e-02
32            	7.432725e-02	9.455869e-03	9.384491e-03	3.241650e-02
33            	7.200437e-02	9.120876e-03	9.031942e-03	3.223902e-02
34            	6.959344e-02	8.892234e-03	8.713370e-03	3.164040e-02
35            	6.733161e-02	8.720876e-03	8.361105e-03	3.005214e-02
36            	6.532370e-02	8.533493e-03	7.996390e-03	2.821417e-02
37            	6.358153e-02	8.294198e-03	7.680483e-03	2.691073e-02
38            	6.206482e-02	8.018316e-03	7.429945e-03	2.627831e-02
39            	6.068327e-02	7.737798e-03	7.223490e-03	2.580822e-02
40            	5.934363e-02	7.474502e-03	7.023965e-03	2.513751e-02
41            	5.797759e-02	7.232092e-03	6.824005e-03	2.424155e-02
42            	5.654640e-02	7.008852e-03	6.624088e-03	2.334024e-02
43            	5.505173e-02	6.802478e-03	6.432998e-03	2.256630e-02
44            	5.351147e-02	6.611991e-03	6.247036e-03	2.191597e-02
45            	5.195985e-02	6.434471e-03	6.068499e-03	2.129519e-02
46            	5.042359e-02	6.268553e-03	5.901170e-03	2.071434e-02
47            	4.892784e-02	6.110809e-03	5.748063e-03	2.017278e-02
48            	4.747864e-02	5.958573e-03	5.604033e-03	1.966953e-02
49            	4.607824e-02	5.809188e-03	5.470805e-03	1.917899e-02
50            	4.472115e-02	5.664369e-03	5.349093e-03	1.873629e-02
51            	4.341081e-02	5.524932e-03	5.237951e-03	1.832285e-02
52            	4.213141e-02	5.391243e-03	5.128343e-03	1.791516e-02
53            	4.088227e-02	5.261850e-03	5.020348e-03	1.748714e-02
54            	3.966279e-02	5.138112e-03	4.917496e-03	1.709393e-02
55            	3.847918e-02	5.020201e-03	4.821717e-03	1.673247e-02
56            	3.732345e-02	4.907768e-03	4.725547e-03	1.638392e-02
57            	3.620127e-02	4.799213e-03	4.632251e-03	1.602110e-02
58            	3.511396e-02	4.695414e-03	4.544735e-03	1.569417e-02
59            	3.406817e-02	4.596232e-03	4.464621e-03	1.539628e-02
60            	3.305611e-02	4.501304e-03	4.385377e-03	1.511086e-02
61            	3.208325e-02	4.409000e-03	4.308451e-03	1.480678e-02
62            	3.114613e-02	4.320314e-03	4.236605e-03	1.453311e-02
63            	3.024951e-02	4.235350e-03	4.170783e-03	1.428058e-02
64            	2.938203e-02	4.153836e-03	4.103583e-03	1.403196e-02
65            	2.854937e-02	4.074300e-03	4.036935e-03	1.375849e-02
66            	2.774820e-02	3.997806e-03	3.974332e-03	1.351486e-02
67            	2.698202e-02	3.924567e-03	3.917189e-03	1.329365e-02
68            	2.623994e-02	3.854311e-03	3.858378e-03	1.307687e-02
69            	2.552930e-02	3.785707e-03	3.799894e-03	1.283662e-02
70            	2.484598e-02	3.719800e-03	3.745189e-03	1.262655e-02
71            	2.419558e-02	3.656726e-03	3.695942e-03	1.243710e-02
72            	2.356530e-02	3.596135e-03	3.644975e-03	1.225254e-02
73            	2.296333e-02	3.536671e-03	3.594071e-03	1.204169e-02
74            	2.238497e-02	3.479429e-03	3.546816e-03	1.186042e-02
75            	2.183690e-02	3.424587e-03	3.504488e-03	1.169955e-02
76            	2.130511e-02	3.371804e-03	3.459810e-03	1.154136e-02
77            	2.079627e-02	3.319809e-03	3.415058e-03	1.135586e-02
78            	2.030597e-02	3.269605e-03	3.373517e-03	1.120016e-02
79            	1.984127e-02	3.221490e-03	3.336498e-03	1.106393e-02
80            	1.938759e-02	3.175052e-03	3.296970e-03	1.093056e-02
81            	1.895344e-02	3.129045e-03	3.257119e-03	1.076867e-02
82            	1.853504e-02	3.084530e-03	3.220198e-03	1.063510e-02
83            	1.814022e-02	3.041882e-03	3.187788e-03	1.052045e-02
84            	1.775415e-02	3.000683e-03	3.152604e-03	1.040703e-02
85            	1.738468e-02	2.959642e-03	3.116738e-03	1.026314e-02
86            	1.702791e-02	2.919873e-03	3.083663e-03	1.014753e-02
87            	1.669212e-02	2.881708e-03	3.054974e-03	1.005060e-02
88            	1.636241e-02	2.844753e-03	3.023167e-03	9.955336e-03
89            	1.604710e-02	2.807819e-03	2.990374e-03	9.828628e-03
90            	1.574232e-02	2.772032e-03	2.960275e-03	9.729388e-03
91            	1.545548e-02	2.737750e-03	2.934696e-03	9.648215e-03
92            	1.517161e-02	2.704516e-03	2.905814e-03	9.567443e-03
93            	1.490003e-02	2.671187e-03	2.875945e-03	9.453812e-03
94            	1.463611e-02	2.638824e-03	2.848678e-03	9.367391e-03
95            	1.438753e-02	2.607793e-03	2.825510e-03	9.298323e-03
96            	1.413988e-02	2.577681e-03	2.799092e-03	9.229959e-03
97            	1.390227e-02	2.547393e-03	2.771534e-03	9.128214e-03
98            	1.367061e-02	2.517999e-03	2.746534e-03	9.053401e-03
99            	1.345321e-02	2.489855e-03	2.725605e-03	8.995680e-03
100           	1.323554e-02	2.462487e-03	2.701134e-03	8.936702e-03
101           	1.302649e-02	2.434855e-03	2.675309e-03	8.843649e-03
102           	1.282279e-02	2.408034e-03	2.651916e-03	8.777666e-03
103           	1.263216e-02	2.382379e-03	2.632423e-03	8.728980e-03
104           	1.244034e-02	2.357423e-03	2.609369e-03	8.679400e-03
105           	1.225704e-02	2.332148e-03	2.584934e-03	8.594650e-03
106           	1.207795e-02	2.307658e-03	2.562870e-03	8.536781e-03
107           	1.191083e-02	2.284266e-03	2.544796e-03	8.496050e-03
108           	1.174192e-02	2.261493e-03	2.523033e-03	8.453997e-03
109           	1.157983e-02	2.238312e-03	2.499835e-03	8.376264e-03
110           	1.142123e-02	2.215838e-03	2.478948e-03	8.325635e-03
111           	1.127433e-02	2.194416e-03	2.461898e-03	8.291198e-03
112           	1.112554e-02	2.173527e-03	2.441205e-03	8.254820e-03
113           	1.098281e-02	2.152195e-03	2.419006e-03	8.182393e-03
114           	1.084208e-02	2.131514e-03	2.399123e-03	8.137207e-03
115           	1.071202e-02	2.111858e-03	2.383128e-03	8.108660e-03
116           	1.057854e-02	2.092683e-03	2.363400e-03	8.078406e-03
117           	1.045001e-02	2.073057e-03	2.342219e-03	8.011385e-03
118           	1.032313e-02	2.054030e-03	2.323339e-03	7.971959e-03
119           	1.020650e-02	2.035938e-03	2.308341e-03	7.949173e-03
120           	1.008628e-02	2.018264e-03	2.289533e-03	7.924279e-03
121           	9.970798e-03	2.000067e-03	2.269244e-03	7.862000e-03
122           	9.856616e-03	1.982455e-03	2.251337e-03	7.828277e-03
123           	9.752295e-03	1.965776e-03	2.237334e-03	7.811578e-03
124           	9.644204e-03	1.949459e-03	2.219537e-03	7.793072e-03
125           	9.540765e-03	1.932602e-03	2.200245e-03	7.736462e-03
126           	9.438578e-03	1.916299e-03	2.183316e-03	7.708015e-03
127           	9.345824e-03	1.900909e-03	2.170334e-03	7.697023e-03
128           	9.248778e-03	1.885869e-03	2.153604e-03	7.684129e-03
129           	9.155885e-03	1.870249e-03	2.135418e-03	7.633036e-03
130           	9.063532e-03	1.855154e-03	2.119675e-03	7.611045e-03
131           	8.980253e-03	1.840954e-03	2.107962e-03	7.606658e-03
132           	8.892202e-03	1.827069e-03	2.092539e-03	7.600357e-03
133           	8.807801e-03	1.812594e-03	2.075698e-03	7.554941e-03
134           	8.723628e-03	1.798630e-03	2.061432e-03	7.538106e-03
135           	8.648293e-03	1.785523e-03	2.051246e-03	7.538914e-03
136           	8.568007e-03	1.772678e-03	2.037233e-03	7.537503e-03
137           	8.491253e-03	1.759220e-03	2.021787e-03	7.495915e-03
138           	8.414686e-03	1.746238e-03	2.008857e-03	7.484220e-03
139           	8.346779e-03	1.734100e-03	2.000100e-03	7.490551e-03
140           	8.273737e-03	1.722213e-03	1.987522e-03	7.493985e-03
141           	8.203954e-03	1.709686e-03	1.973478e-03	7.456264e-03
142           	8.133861e-03	1.697616e-03	1.961943e-03	7.448655e-03
143           	8.072163e-03	1.686381e-03	1.954503e-03	7.459153e-03
144           	8.005207e-03	1.675353e-03	1.943217e-03	7.467226e-03
145           	7.941294e-03	1.663679e-03	1.930596e-03	7.433475e-03
146           	7.877056e-03	1.652461e-03	1.920527e-03	7.430326e-03
147           	7.821042e-03	1.642064e-03	1.914703e-03	7.445638e-03
148           	7.759528e-03	1.631865e-03	1.905011e-03	7.458169e-03
149           	7.701052e-03	1.621004e-03	1.893936e-03	7.428027e-03
150           	7.642180e-03	1.610579e-03	1.885422e-03	7.429214e-03
151           	7.591054e-03	1.600954e-03	1.881118e-03	7.449257e-03
152           	7.534164e-03	1.591503e-03	1.872947e-03	7.466374e-03
153           	7.480043e-03	1.581353e-03	1.863319e-03	7.439858e-03
154           	7.425612e-03	1.571621e-03	1.856200e-03	7.444817e-03
155           	7.379428e-03	1.562669e-03	1.853262e-03	7.468856e-03
156           	7.327639e-03	1.553871e-03	1.846343e-03	7.489948e-03
157           	7.278423e-03	1.544377e-03	1.837829e-03	7.465947e-03
158           	7.228857e-03	1.535280e-03	1.831751e-03	7.473949e-03
159           	7.187367e-03	1.526942e-03	1.829825e-03	7.501079e-03
160           	7.140053e-03	1.518716e-03	1.823844e-03	7.525291e-03
161           	7.095448e-03	1.509778e-03	1.816232e-03	7.503779e-03
162           	7.050261e-03	1.501214e-03	1.811072e-03	7.514845e-03
163           	7.012869e-03	1.493398e-03	1.809999e-03	7.545364e-03
164           	6.969833e-03	1.485680e-03	1.804779e-03	7.572354e-03
165           	6.929423e-03	1.477217e-03	1.797887e-03	7.552360e-03
166           	6.888342e-03	1.469118e-03	1.793442e-03	7.565521e-03
167           	6.854916e-03	1.461756e-03	1.793153e-03	7.598158e-03
168           	6.815651e-03	1.454465e-03	1.788681e-03	7.627584e-03
169           	6.778996e-03	1.446404e-03	1.782465e-03	7.609148e-03
170           	6.741493e-03	1.438685e-03	1.778673e-03	7.624003e-03
171           	6.711574e-03	1.431691e-03	1.778995e-03	7.658276e-03
172           	6.675685e-03	1.424758e-03	1.775057e-03	7.688373e-03
173           	6.642164e-03	1.417052e-03	1.769326e-03	7.669125e-03
174           	6.607716e-03	1.409683e-03	1.765958e-03	7.683742e-03
175           	6.580595e-03	1.403028e-03	1.766730e-03	7.718163e-03
176           	6.547208e-03	1.396424e-03	1.763184e-03	7.748610e-03
177           	6.515973e-03	1.389052e-03	1.757802e-03	7.728574e-03
178           	6.483813e-03	1.382014e-03	1.754798e-03	7.743288e-03
179           	6.459059e-03	1.375683e-03	1.755888e-03	7.778549e-03
180           	6.428249e-03	1.369388e-03	1.752622e-03	7.809114e-03
181           	6.399575e-03	1.362311e-03	1.747473e-03	7.788443e-03
182           	6.369631e-03	1.355558e-03	1.744687e-03	7.802639e-03
183           	6.346942e-03	1.349495e-03	1.745990e-03	7.836746e-03
184           	6.317973e-03	1.343465e-03	1.742863e-03	7.866782e-03
185           	6.291107e-03	1.336666e-03	1.737845e-03	7.844161e-03
186           	6.263175e-03	1.330214e-03	1.735255e-03	7.857176e-03
187           	6.242718e-03	1.324475e-03	1.736920e-03	7.890790e-03
188           	6.216017e-03	1.318756e-03	1.734097e-03	7.920305e-03
189           	6.191395e-03	1.312263e-03	1.729382e-03	7.896629e-03
190           	6.165440e-03	1.306111e-03	1.727106e-03	7.909958e-03
191           	6.146673e-03	1.300683e-03	1.729011e-03	7.944743e-03
192           	6.121588e-03	1.295283e-03	1.726378e-03	7.974362e-03
193           	6.098553e-03	1.289099e-03	1.721925e-03	7.949048e-03
194           	6.074329e-03	1.283251e-03	1.719973e-03	7.960710e-03
195           	6.057082e-03	1.278127e-03	1.722223e-03	7.994467e-03
196           	6.033682e-03	1.273040e-03	1.719997e-03	8.023830e-03
197           	6.012028e-03	1.267194e-03	1.715845e-03	7.997640e-03
198           	5.989032e-03	1.261689e-03	1.714138e-03	8.009069e-03
199           	5.973298e-03	1.256903e-03	1.716775e-03	8.043665e-03
200           	5.951386e-03	1.252155e-03	1.714826e-03	8.072729e-03
201           	5.931547e-03	1.246647e-03	1.711035e-03	8.044897e-03
202           	5.910544e-03	1.241452e-03	1.709833e-03	8.054184e-03
203           	5.896828e-03	1.236959e-03	1.712911e-03	8.085492e-03
204           	5.876861e-03	1.232477e-03	1.711348e-03	8.111970e-03
205           	5.858679e-03	1.227195e-03	1.707806e-03	8.080338e-03
206           	5.839322e-03	1.222252e-03	1.706659e-03	8.085652e-03
207           	5.827349e-03	1.218023e-03	1.709923e-03	8.112211e-03
208           	5.808833e-03	1.213802e-03	1.708584e-03	8.134143e-03
209           	5.791872e-03	1.208801e-03	1.705308e-03	8.097235e-03
210           	5.773322e-03	1.204133e-03	1.704569e-03	8.098659e-03
211           	5.761893e-03	1.200181e-03	1.708132e-03	8.122317e-03
212           	5.744000e-03	1.196229e-03	1.706986e-03	8.139810e-03
213           	5.727985e-03	1.191480e-03	1.703873e-03	8.097825e-03
214           	5.710420e-03	1.187053e-03	1.703378e-03	8.093760e-03
215           	5.699825e-03	1.183316e-03	1.707280e-03	8.112070e-03
216           	5.682923e-03	1.179545e-03	1.706364e-03	8.124429e-03
217           	5.667852e-03	1.174973e-03	1.703390e-03	8.076363e-03
218           	5.651495e-03	1.170719e-03	1.703013e-03	8.067152e-03
219           	5.642097e-03	1.167161e-03	1.707084e-03	8.079893e-03
220           	5.626327e-03	1.163566e-03	1.706319e-03	8.086157e-03
221           	5.612132e-03	1.159154e-03	1.703469e-03	8.033560e-03
222           	5.596598e-03	1.155042e-03	1.703126e-03	8.020047e-03
223           	5.588245e-03	1.151607e-03	1.707217e-03	8.029284e-03
224           	5.573630e-03	1.148125e-03	1.706428e-03	8.033678e-03
225           	5.560639e-03	1.143834e-03	1.703530e-03	7.977977e-03
226           	5.546334e-03	1.139830e-03	1.703138e-03	7.961993e-03
227           	5.539263e-03	1.136465e-03	1.707167e-03	7.970157e-03
228           	5.525629e-03	1.133025e-03	1.706183e-03	7.973005e-03
229           	5.513306e-03	1.128752e-03	1.703000e-03	7.915381e-03
230           	5.499027e-03	1.124772e-03	1.702410e-03	7.898981e-03
231           	5.491613e-03	1.121479e-03	1.706365e-03	7.905369e-03
232           	5.477690e-03	1.118130e-03	1.705275e-03	7.907066e-03
233           	5.465409e-03	1.113957e-03	1.701994e-03	7.848432e-03
234           	5.451483e-03	1.110077e-03	1.701206e-03	7.830504e-03
235           	5.444614e-03	1.106871e-03	1.704944e-03	7.836393e-03
236           	5.431245e-03	1.103596e-03	1.703640e-03	7.836617e-03
237           	5.420076e-03	1.099468e-03	1.700138e-03	7.776349e-03
238           	5.407368e-03	1.095644e-03	1.699172e-03	7.757178e-03
239           	5.401774e-03	1.092486e-03	1.702750e-03	7.760480e-03
240           	5.390094e-03	1.089254e-03	1.701221e-03	7.756899e-03
241           	5.380055e-03	1.085177e-03	1.697389e-03	7.692868e-03
242           	5.368367e-03	1.081411e-03	1.696113e-03	7.669435e-03
243           	5.363843e-03	1.078312e-03	1.699407e-03	7.669695e-03
244           	5.352752e-03	1.075121e-03	1.697535e-03	7.665099e-03
245           	5.343155e-03	1.071058e-03	1.693444e-03	7.598278e-03
246           	5.331989e-03	1.067295e-03	1.692013e-03	7.572759e-03
247           	5.328092e-03	1.064240e-03	1.695182e-03	7.571822e-03
248           	5.317658e-03	1.061130e-03	1.693107e-03	7.564674e-03
249           	5.308492e-03	1.057163e-03	1.688813e-03	7.497866e-03
250           	5.297493e-03	1.053473e-03	1.687322e-03	7.471283e-03
251           	5.293312e-03	1.050448e-03	1.690606e-03	7.469050e-03
252           	5.282638e-03	1.047321e-03	1.688688e-03	7.460407e-03
253           	5.273583e-03	1.043383e-03	1.684637e-03	7.392085e-03
254           	5.262903e-03	1.039761e-03	1.683261e-03	7.365317e-03
255           	5.259231e-03	1.036842e-03	1.686596e-03	7.362466e-03
256           	5.249198e-03	1.033897e-03	1.684644e-03	7.352739e-03
257           	5.240750e-03	1.030128e-03	1.680422e-03	7.282366e-03
258           	5.230728e-03	1.026628e-03	1.678947e-03	7.254998e-03
259           	5.227803e-03	1.023811e-03	1.682249e-03	7.251657e-03
260           	5.218413e-03	1.020955e-03	1.680268e-03	7.240922e-03
261           	5.210917e-03	1.017260e-03	1.676050e-03	7.170730e-03
262           	5.201988e-03	1.013839e-03	1.674723e-03	7.142873e-03
263           	5.200101e-03	1.011117e-03	1.678145e-03	7.138436e-03
264           	5.191806e-03	1.008338e-03	1.676205e-03	7.128780e-03
265           	5.185015e-03	1.004706e-03	1.671973e-03	7.060599e-03
266           	5.176966e-03	1.001367e-03	1.670558e-03	7.033737e-03
267           	5.175874e-03	9.987384e-04	1.674066e-03	7.030608e-03
268           	5.168441e-03	9.960138e-04	1.672238e-03	7.021525e-03
269           	5.162929e-03	9.924604e-04	1.668241e-03	6.953011e-03
270           	5.156178e-03	9.892293e-04	1.667083e-03	6.925396e-03
271           	5.156834e-03	9.867310e-04	1.670897e-03	6.919734e-03
272           	5.151031e-03	9.841586e-04	1.669328e-03	6.907547e-03
273           	5.146766e-03	9.807421e-04	1.665494e-03	6.837322e-03
274           	5.141373e-03	9.776259e-04	1.664634e-03	6.806246e-03
275           	5.142925e-03	9.751978e-04	1.668825e-03	6.797014e-03
276           	5.138382e-03	9.726591e-04	1.667632e-03	6.781623e-03
277           	5.135236e-03	9.692774e-04	1.664120e-03	6.707923e-03
278           	5.130447e-03	9.661955e-04	1.663436e-03	6.673433e-03
279           	5.132489e-03	9.637749e-04	1.667710e-03	6.663068e-03
280           	5.127956e-03	9.613040e-04	1.666601e-03	6.645120e-03
281           	5.125178e-03	9.579778e-04	1.663075e-03	6.566819e-03
282           	5.121460e-03	9.549261e-04	1.662335e-03	6.530427e-03
283           	5.124522e-03	9.525713e-04	1.666767e-03	6.515503e-03
284           	5.120777e-03	9.501389e-04	1.665691e-03	6.494541e-03
285           	5.118339e-03	9.468414e-04	1.662306e-03	6.416575e-03
286           	5.114412e-03	9.438380e-04	1.661919e-03	6.378772e-03
287           	5.117112e-03	9.415459e-04	1.666740e-03	6.363737e-03
288           	5.113506e-03	9.392128e-04	1.665938e-03	6.344293e-03
289           	5.111501e-03	9.360430e-04	1.662743e-03	6.267009e-03
290           	5.108103e-03	9.331535e-04	1.662463e-03	6.229812e-03
291           	5.111706e-03	9.309350e-04	1.667255e-03	6.216131e-03
292           	5.108875e-03	9.285977e-04	1.666493e-03	6.195979e-03
293           	5.107624e-03	9.254401e-04	1.663279e-03	6.118482e-03
294           	5.104692e-03	9.226086e-04	1.663003e-03	6.081313e-03
295           	5.108216e-03	9.204410e-04	1.667892e-03	6.067463e-03
296           	5.105787e-03	9.181544e-04	1.667043e-03	6.047851e-03
297           	5.105311e-03	9.150541e-04	1.663738e-03	5.970294e-03
298           	5.103506e-03	9.122528e-04	1.663410e-03	5.931571e-03
299           	5.109224e-03	9.101340e-04	1.668267e-03	5.914849e-03
300           	5.108832e-03	9.079030e-04	1.667341e-03	5.892005e-03
301           	5.110376e-03	9.048267e-04	1.663933e-03	5.811634e-03
302           	5.110994e-03	9.020574e-04	1.663560e-03	5.770419e-03
303           	5.119140e-03	8.999915e-04	1.668501e-03	5.752446e-03
304           	5.121425e-03	8.977901e-04	1.667709e-03	5.728472e-03
305           	5.126078e-03	8.947121e-04	1.664502e-03	5.648795e-03
306           	5.129559e-03	8.919565e-04	1.664418e-03	5.608677e-03
307           	5.139812e-03	8.899237e-04	1.669755e-03	5.590841e-03
308           	5.143765e-03	8.877738e-04	1.669391e-03	5.567224e-03
309           	5.149090e-03	8.847987e-04	1.666646e-03	5.488407e-03
310           	5.153138e-03	8.821617e-04	1.667073e-03	5.448867e-03
311           	5.164016e-03	8.802320e-04	1.672808e-03	5.431064e-03
312           	5.168544e-03	8.782090e-04	1.672638e-03	5.407968e-03
313           	5.175063e-03	8.753067e-04	1.669860e-03	5.330463e-03
314           	5.180087e-03	8.727211e-04	1.670130e-03	5.291097e-03
315           	5.191787e-03	8.708282e-04	1.675711e-03	5.274779e-03
316           	5.197385e-03	8.688101e-04	1.675261e-03	5.252856e-03
317           	5.204765e-03	8.659341e-04	1.672199e-03	5.176383e-03
318           	5.211049e-03	8.633477e-04	1.672208e-03	5.138668e-03
319           	5.224147e-03	8.614594e-04	1.677536e-03	5.123182e-03
320           	5.231396e-03	8.594629e-04	1.676785e-03	5.101714e-03
321           	5.240856e-03	8.565877e-04	1.673533e-03	5.026066e-03
322           	5.248603e-03	8.540082e-04	1.673345e-03	4.988391e-03
323           	5.262856e-03	8.521099e-04	1.678470e-03	4.973282e-03
324           	5.270323e-03	8.500849e-04	1.677480e-03	4.952938e-03
325           	5.278945e-03	8.471791e-04	1.673771e-03	4.878282e-03
326           	5.286059e-03	8.445499e-04	1.673085e-03	4.841727e-03
327           	5.299954e-03	8.425730e-04	1.677779e-03	4.826970e-03
328           	5.307409e-03	8.404762e-04	1.676300e-03	4.806874e-03
329           	5.316108e-03	8.374805e-04	1.672042e-03	4.731744e-03
330           	5.323072e-03	8.347086e-04	1.670753e-03	4.693144e-03
331           	5.336126e-03	8.325900e-04	1.674785e-03	4.676461e-03
332           	5.342043e-03	8.303409e-04	1.672700e-03	4.654333e-03
333           	5.349388e-03	8.271373e-04	1.667844e-03	4.578288e-03
334           	5.355725e-03	8.241806e-04	1.666066e-03	4.540560e-03
335           	5.368716e-03	8.218885e-04	1.669652e-03	4.526191e-03
336           	5.375007e-03	8.194068e-04	1.667009e-03	4.507508e-03
337           	5.382365e-03	8.160597e-04	1.661678e-03	4.435900e-03
338           	5.387522e-03	8.129746e-04	1.659383e-03	4.401422e-03
339           	5.398484e-03	8.105344e-04	1.662448e-03	4.388111e-03
340           	5.402669e-03	8.078864e-04	1.659325e-03	4.369714e-03
341           	5.407890e-03	8.043993e-04	1.653469e-03	4.298680e-03
342           	5.411676e-03	8.011979e-04	1.650737e-03	4.264412e-03
343           	5.421849e-03	7.986227e-04	1.653586e-03	4.251710e-03
344           	5.424895e-03	7.958407e-04	1.650404e-03	4.234703e-03
345           	5.429388e-03	7.921578e-04	1.644544e-03	4.164910e-03
346           	5.431664e-03	7.887229e-04	1.641730e-03	4.132854e-03
347           	5.439549e-03	7.859503e-04	1.644402e-03	4.123683e-03
348           	5.440019e-03	7.829957e-04	1.640786e-03	4.110626e-03
349           	5.440952e-03	7.791876e-04	1.634315e-03	4.046058e-03
350           	5.439556e-03	7.756526e-04	1.630961e-03	4.018568e-03
351           	5.443930e-03	7.727583e-04	1.633028e-03	4.013551e-03
352           	5.440914e-03	7.697253e-04	1.628951e-03	4.004109e-03
353           	5.438631e-03	7.657790e-04	1.622197e-03	3.943116e-03
354           	5.434069e-03	7.621136e-04	1.618533e-03	3.918638e-03
355           	5.435024e-03	7.590964e-04	1.620344e-03	3.916005e-03
356           	5.429055e-03	7.559424e-04	1.615747e-03	3.908931e-03
357           	5.423868e-03	7.519370e-04	1.608241e-03	3.850504e-03
358           	5.416570e-03	7.481845e-04	1.603924e-03	3.827849e-03
359           	5.415921e-03	7.450835e-04	1.605147e-03	3.825922e-03
360           	5.408564e-03	7.418452e-04	1.600228e-03	3.818524e-03
361           	5.402459e-03	7.377359e-04	1.592631e-03	3.760647e-03
362           	5.394426e-03	7.338904e-04	1.588114e-03	3.737625e-03
363           	5.392731e-03	7.307113e-04	1.588901e-03	3.734842e-03
364           	5.384210e-03	7.273922e-04	1.583291e-03	3.726770e-03
365           	5.376581e-03	7.232233e-04	1.574796e-03	3.668551e-03
366           	5.367064e-03	7.193507e-04	1.569445e-03	3.645158e-03
367           	5.363691e-03	7.161487e-04	1.569502e-03	3.641912e-03
368           	5.353245e-03	7.127747e-04	1.562965e-03	3.633441e-03
369           	5.343605e-03	7.085371e-04	1.553597e-03	3.575412e-03
370           	5.331591e-03	7.045593e-04	1.547259e-03	3.551698e-03
371           	5.324851e-03	7.012494e-04	1.546419e-03	3.547437e-03
372           	5.310977e-03	6.977998e-04	1.539285e-03	3.537239e-03
373           	5.298275e-03	6.934782e-04	1.529163e-03	3.477852e-03
374           	5.283807e-03	6.894870e-04	1.522163e-03	3.451883e-03
375           	5.275160e-03	6.861934e-04	1.520632e-03	3.445335e-03
376           	5.259556e-03	6.827391e-04	1.512663e-03	3.434291e-03
377           	5.244679e-03	6.784070e-04	1.501784e-03	3.373939e-03
378           	5.227427e-03	6.743599e-04	1.494012e-03	3.347012e-03
379           	5.215825e-03	6.710244e-04	1.491680e-03	3.338809e-03
380           	5.197189e-03	6.675513e-04	1.482979e-03	3.324763e-03
381           	5.179159e-03	6.632536e-04	1.471240e-03	3.261310e-03
382           	5.159123e-03	6.592769e-04	1.462713e-03	3.230785e-03
383           	5.144759e-03	6.559996e-04	1.459736e-03	3.219869e-03
384           	5.123473e-03	6.525458e-04	1.450294e-03	3.203274e-03
385           	5.103003e-03	6.482829e-04	1.438009e-03	3.138080e-03
386           	5.080341e-03	6.443374e-04	1.428801e-03	3.106240e-03
387           	5.063041e-03	6.410362e-04	1.425134e-03	3.093407e-03
388           	5.038631e-03	6.376491e-04	1.415166e-03	3.075454e-03
389           	5.014493e-03	6.334764e-04	1.402397e-03	3.009271e-03
390           	4.987657e-03	6.296374e-04	1.392728e-03	2.976660e-03
391           	4.966469e-03	6.264690e-04	1.388885e-03	2.963305e-03
392           	4.938397e-03	6.231819e-04	1.378654e-03	2.945018e-03
393           	4.911126e-03	6.190902e-04	1.365802e-03	2.878589e-03
394           	4.881597e-03	6.153106e-04	1.356206e-03	2.845618e-03
395           	4.857457e-03	6.122212e-04	1.352175e-03	2.832645e-03
396           	4.826204e-03	6.089115e-04	1.341631e-03	2.815061e-03
397           	4.795959e-03	6.047587e-04	1.328126e-03	2.750075e-03
398           	4.763608e-03	6.009075e-04	1.318010e-03	2.718542e-03
399           	4.737509e-03	5.978135e-04	1.313677e-03	2.706485e-03
400           	4.705486e-03	5.945994e-04	1.303096e-03	2.689898e-03
401           	4.674926e-03	5.905531e-04	1.289606e-03	2.626322e-03
402           	4.642668e-03	5.867514e-04	1.279393e-03	2.596569e-03
403           	4.616846e-03	5.835933e-04	1.274880e-03	2.586770e-03
404           	4.584560e-03	5.803044e-04	1.263980e-03	2.572645e-03
405           	4.553458e-03	5.761818e-04	1.250260e-03	2.511603e-03
406           	4.520760e-03	5.723832e-04	1.239740e-03	2.484078e-03
407           	4.494447e-03	5.692813e-04	1.235002e-03	2.476270e-03
408           	4.462461e-03	5.660041e-04	1.223933e-03	2.464066e-03
409           	4.431897e-03	5.619358e-04	1.210110e-03	2.405151e-03
410           	4.399709e-03	5.581532e-04	1.199645e-03	2.379694e-03
411           	4.374043e-03	5.550316e-04	1.194915e-03	2.373945e-03
412           	4.342293e-03	5.517098e-04	1.183775e-03	2.363933e-03
413           	4.311546e-03	5.474838e-04	1.169927e-03	2.307556e-03
414           	4.279416e-03	5.435189e-04	1.159487e-03	2.284619e-03
415           	4.254092e-03	5.402110e-04	1.154953e-03	2.281503e-03
416           	4.222533e-03	5.367939e-04	1.144065e-03	2.273919e-03
417           	4.192019e-03	5.325376e-04	1.130547e-03	2.219771e-03
418           	4.159823e-03	5.285506e-04	1.120359e-03	2.199202e-03
419           	4.134200e-03	5.252202e-04	1.116148e-03	2.198227e-03
420           	4.102427e-03	5.217266e-04	1.105449e-03	2.192917e-03
421           	4.071969e-03	5.174057e-04	1.091975e-03	2.141104e-03
422           	4.040160e-03	5.133443e-04	1.081937e-03	2.122913e-03
423           	4.014883e-03	5.099412e-04	1.077783e-03	2.124535e-03
424           	3.983356e-03	5.063595e-04	1.067188e-03	2.122093e-03
425           	3.952866e-03	5.019561e-04	1.053950e-03	2.073289e-03
426           	3.920543e-03	4.978188e-04	1.044165e-03	2.057881e-03
427           	3.894237e-03	4.943481e-04	1.040376e-03	2.062032e-03
428           	3.861623e-03	4.906691e-04	1.030087e-03	2.061373e-03
429           	3.830086e-03	4.861293e-04	1.017163e-03	2.013828e-03
430           	3.797065e-03	4.819184e-04	1.007679e-03	1.999439e-03
431           	3.770447e-03	4.784535e-04	1.004064e-03	2.004451e-03
432           	3.737437e-03	4.748359e-04	9.940198e-04	2.004806e-03
433           	3.705404e-03	4.703902e-04	9.812478e-04	1.958171e-03
434           	3.671490e-03	4.662459e-04	9.720108e-04	1.944425e-03
435           	3.643814e-03	4.628362e-04	9.687878e-04	1.949960e-03
436           	3.610109e-03	4.592585e-04	9.590594e-04	1.950540e-03
437           	3.577438e-03	4.548577e-04	9.466048e-04	1.903868e-03
438           	3.542798e-03	4.507708e-04	9.376829e-04	1.890153e-03
439           	3.514275e-03	4.473963e-04	9.346486e-04	1.895712e-03
440           	3.479494e-03	4.438704e-04	9.251184e-04	1.896569e-03
441           	3.445666e-03	4.395624e-04	9.129508e-04	1.850421e-03
442           	3.409827e-03	4.355579e-04	9.042434e-04	1.837224e-03
443           	3.379944e-03	4.322529e-04	9.014941e-04	1.843110e-03
444           	3.343804e-03	4.288193e-04	8.922624e-04	1.844112e-03
445           	3.308651e-03	4.245766e-04	8.803388e-04	1.798139e-03
446           	3.271701e-03	4.206701e-04	8.718703e-04	1.785011e-03
447           	3.241088e-03	4.174759e-04	8.694492e-04	1.791024e-03
448           	3.204500e-03	4.141076e-04	8.606167e-04	1.792078e-03
449           	3.169048e-03	4.099712e-04	8.490534e-04	1.745848e-03
450           	3.131847e-03	4.061901e-04	8.409643e-04	1.732605e-03
451           	3.101260e-03	4.031200e-04	8.389402e-04	1.738657e-03
452           	3.064911e-03	3.999000e-04	8.304398e-04	1.739794e-03
453           	3.030056e-03	3.959194e-04	8.192234e-04	1.693673e-03
454           	2.993879e-03	3.922674e-04	8.114636e-04	1.680517e-03
455           	2.964311e-03	3.893370e-04	8.097043e-04	1.686732e-03
456           	2.928727e-03	3.862631e-04	8.014122e-04	1.688268e-03
457           	2.894693e-03	3.824280e-04	7.904230e-04	1.642588e-03
458           	2.859439e-03	3.789332e-04	7.828862e-04	1.629908e-03
459           	2.830713e-03	3.761628e-04	7.813617e-04	1.636657e-03
460           	2.796257e-03	3.732664e-04	7.733934e-04	1.638705e-03
461           	2.763612e-03	3.696099e-04	7.627157e-04	1.593722e-03
462           	2.729888e-03	3.662789e-04	7.555480e-04	1.581910e-03
463           	2.703022e-03	3.636562e-04	7.543996e-04	1.589578e-03
464           	2.670594e-03	3.608970e-04	7.467646e-04	1.592269e-03
465           	2.639636e-03	3.573786e-04	7.364042e-04	1.547818e-03
466           	2.607476e-03	3.542137e-04	7.295882e-04	1.536609e-03
467           	2.582308e-03	3.517823e-04	7.288221e-04	1.544811e-03
468           	2.551484e-03	3.492034e-04	7.215309e-04	1.548186e-03
469           	2.522279e-03	3.458597e-04	7.115296e-04	1.504270e-03
470           	2.491967e-03	3.428543e-04	7.050353e-04	1.493617e-03
471           	2.468435e-03	3.405792e-04	7.045921e-04	1.502202e-03
472           	2.439247e-03	3.381644e-04	6.976262e-04	1.505777e-03
473           	2.411592e-03	3.349855e-04	6.879332e-04	1.461896e-03
474           	2.382690e-03	3.321371e-04	6.817934e-04	1.451182e-03
475           	2.360599e-03	3.300070e-04	6.816846e-04	1.459880e-03
476           	2.332867e-03	3.277240e-04	6.750058e-04	1.463656e-03
477           	2.306848e-03	3.246776e-04	6.655613e-04	1.420158e-03
478           	2.279749e-03	3.219811e-04	6.596840e-04	1.409974e-03
479           	2.259557e-03	3.200213e-04	6.598560e-04	1.419235e-03
480           	2.233822e-03	3.179120e-04	6.534633e-04	1.423514e-03
481           	2.209879e-03	3.150239e-04	6.443547e-04	1.380337e-03
482           	2.184806e-03	3.124619e-04	6.387976e-04	1.370538e-03
483           	2.166623e-03	3.106165e-04	6.393216e-04	1.380234e-03
484           	2.143071e-03	3.086197e-04	6.332757e-04	1.385084e-03
485           	2.120919e-03	3.058469e-04	6.244577e-04	1.342551e-03
486           	2.097846e-03	3.034119e-04	6.191635e-04	1.333324e-03
487           	2.081553e-03	3.017004e-04	6.199428e-04	1.343498e-03
488           	2.059722e-03	2.998284e-04	6.141026e-04	1.348772e-03
489           	2.039631e-03	2.971774e-04	6.055100e-04	1.306641e-03
490           	2.018373e-03	2.948628e-04	6.004554e-04	1.297859e-03
491           	2.003926e-03	2.932627e-04	6.014869e-04	1.308583e-03
492           	1.983987e-03	2.915050e-04	5.959158e-04	1.314491e-03
493           	1.965673e-03	2.889715e-04	5.875335e-04	1.273017e-03
494           	1.946141e-03	2.867639e-04	5.826811e-04	1.264904e-03
495           	1.933384e-03	2.852668e-04	5.839347e-04	1.276304e-03
496           	1.915059e-03	2.836020e-04	5.785964e-04	1.282788e-03
497           	1.898351e-03	2.811568e-04	5.704716e-04	1.241783e-03
498           	1.880497e-03	2.790327e-04	5.658681e-04	1.234213e-03
499           	1.869435e-03	2.776163e-04	5.673304e-04	1.246165e-03
500           	1.852761e-03	2.760299e-04	5.621686e-04	1.253207e-03
501           	1.837696e-03	2.736673e-04	5.542008e-04	1.212734e-03
502           	1.821381e-03	2.716261e-04	5.497862e-04	1.205653e-03
503           	1.811725e-03	2.702895e-04	5.514866e-04	1.218070e-03
504           	1.796381e-03	2.687775e-04	5.465626e-04	1.225540e-03
505           	1.782557e-03	2.664831e-04	5.388448e-04	1.185434e-03
506           	1.767519e-03	2.645075e-04	5.346751e-04	1.178756e-03
507           	1.759097e-03	2.632318e-04	5.365827e-04	1.191592e-03
508           	1.744945e-03	2.617791e-04	5.318323e-04	1.199446e-03
509           	1.732316e-03	2.595422e-04	5.242798e-04	1.159732e-03
510           	1.718208e-03	2.576186e-04	5.202446e-04	1.153461e-03
511           	1.710782e-03	2.564023e-04	5.223403e-04	1.166705e-03
512           	1.697796e-03	2.550143e-04	5.178143e-04	1.174948e-03
513           	1.685798e-03	2.528298e-04	5.104527e-04	1.135449e-03
514           	1.672620e-03	2.509595e-04	5.066190e-04	1.129297e-03
515           	1.666179e-03	2.497960e-04	5.088968e-04	1.142676e-03
516           	1.653621e-03	2.484490e-04	5.044710e-04	1.150964e-03
517           	1.642558e-03	2.463105e-04	4.972344e-04	1.111511e-03
518           	1.630129e-03	2.444900e-04	4.935602e-04	1.105498e-03
519           	1.624259e-03	2.433736e-04	4.959917e-04	1.118983e-03
520           	1.612574e-03	2.420776e-04	4.917412e-04	1.127444e-03
521           	1.602245e-03	2.399948e-04	4.846770e-04	1.088126e-03
522           	1.590509e-03	2.382326e-04	4.811612e-04	1.082212e-03
523           	1.585293e-03	2.371749e-04	4.837752e-04	1.095766e-03
524           	1.574238e-03	2.359319e-04	4.796935e-04	1.104260e-03
525           	1.564482e-03	2.338988e-04	4.727837e-04	1.064965e-03
526           	1.553288e-03	2.321835e-04	4.694132e-04	1.059101e-03
527           	1.548577e-03	2.311708e-04	4.721466e-04	1.072683e-03
528           	1.537976e-03	2.299728e-04	4.681736e-04	1.081182e-03
529           	1.528658e-03	2.279889e-04	4.613732e-04	1.041889e-03
530           	1.517895e-03	2.263174e-04	4.581109e-04	1.036056e-03
531           	1.513622e-03	2.253438e-04	4.609541e-04	1.049677e-03
532           	1.503487e-03	2.241891e-04	4.570901e-04	1.058231e-03
533           	1.494598e-03	2.222493e-04	4.503928e-04	1.018962e-03
534           	1.484255e-03	2.206238e-04	4.472338e-04	1.013160e-03
535           	1.480383e-03	2.197000e-04	4.501752e-04	1.026849e-03
536           	1.470627e-03	2.185905e-04	4.463603e-04	1.035445e-03
537           	1.462135e-03	2.166907e-04	4.396786e-04	9.961871e-04
538           	1.452173e-03	2.151101e-04	4.365249e-04	9.904014e-04
539           	1.448661e-03	2.142313e-04	4.394841e-04	1.004069e-03
540           	1.439234e-03	2.131649e-04	4.357103e-04	1.012592e-03
541           	1.431063e-03	2.113089e-04	4.290836e-04	9.732445e-04
542           	1.421405e-03	2.097666e-04	4.259810e-04	9.673841e-04
543           	1.418210e-03	2.089228e-04	4.289805e-04	9.810144e-04
544           	1.409116e-03	2.078866e-04	4.252388e-04	9.895196e-04
545           	1.401263e-03	2.060691e-04	4.186439e-04	9.501568e-04
546           	1.391916e-03	2.045700e-04	4.155877e-04	9.442528e-04
547           	1.388989e-03	2.037718e-04	4.186493e-04	9.578363e-04
548           	1.380165e-03	2.027914e-04	4.149507e-04	9.663073e-04
549           	1.372594e-03	2.010259e-04	4.083955e-04	9.269295e-04
550           	1.363487e-03	1.995729e-04	4.053761e-04	9.210669e-04
551           	1.360809e-03	1.988175e-04	4.084857e-04	9.347179e-04
552           	1.352191e-03	1.978699e-04	4.048337e-04	9.432674e-04
553           	1.344803e-03	1.961369e-04	3.983158e-04	9.039525e-04
554           	1.335897e-03	1.947211e-04	3.953483e-04	8.981880e-04
555           	1.333443e-03	1.940082e-04	3.985213e-04	9.119572e-04
556           	1.325126e-03	1.931070e-04	3.949348e-04	9.206568e-04
557           	1.318075e-03	1.914208e-04	3.884969e-04	8.815492e-04
558           	1.309527e-03	1.900480e-04	3.856188e-04	8.760168e-04
559           	1.307436e-03	1.893732e-04	3.888834e-04	8.900494e-04
560           	1.299472e-03	1.885082e-04	3.853917e-04	8.990424e-04
561           	1.292783e-03	1.868552e-04	3.790402e-04	8.602065e-04
562           	1.284611e-03	1.855135e-04	3.762512e-04	8.549787e-04
563           	1.282916e-03	1.848719e-04	3.796195e-04	8.693962e-04
564           	1.275324e-03	1.840446e-04	3.762242e-04	8.788178e-04
565           	1.269033e-03	1.824326e-04	3.699771e-04	8.404485e-04
566           	1.261238e-03	1.811368e-04	3.672980e-04	8.357529e-04
567           	1.259933e-03	1.805413e-04	3.707745e-04	8.507178e-04
568           	1.252784e-03	1.797569e-04	3.674931e-04	8.606813e-04
569           	1.246922e-03	1.781900e-04	3.613582e-04	8.228145e-04
570           	1.239611e-03	1.769404e-04	3.587899e-04	8.186305e-04
571           	1.238810e-03	1.763943e-04	3.623798e-04	8.341198e-04
572           	1.232124e-03	1.756591e-04	3.591972e-04	8.446193e-04
573           	1.226707e-03	1.741392e-04	3.531550e-04	8.072860e-04
574           	1.219835e-03	1.729388e-04	3.506816e-04	8.036403e-04
575           	1.219433e-03	1.724411e-04	3.543751e-04	8.196992e-04
576           	1.213172e-03	1.717516e-04	3.512857e-04	8.307389e-04
577           	1.208147e-03	1.702812e-04	3.453250e-04	7.938793e-04
578           	1.201626e-03	1.691282e-04	3.429286e-04	7.906808e-04
579           	1.201546e-03	1.686794e-04	3.466969e-04	8.071470e-04
580           	1.195564e-03	1.680401e-04	3.436588e-04	8.185549e-04
581           	1.190845e-03	1.666203e-04	3.377412e-04	7.819844e-04
582           	1.184644e-03	1.655184e-04	3.353867e-04	7.791002e-04
583           	1.184909e-03	1.651211e-04	3.392049e-04	7.958676e-04
584           	1.179261e-03	1.645340e-04	3.362248e-04	8.075356e-04
585           	1.174842e-03	1.631679e-04	3.303666e-04	7.711755e-04
586           	1.168926e-03	1.621199e-04	3.280625e-04	7.685002e-04
587           	1.169516e-03	1.617770e-04	3.319231e-04	7.854605e-04
588           	1.164213e-03	1.612432e-04	3.289570e-04	7.973024e-04
589           	1.160129e-03	1.599303e-04	3.230962e-04	7.610655e-04
590           	1.154508e-03	1.589359e-04	3.207909e-04	7.585188e-04
591           	1.155323e-03	1.586428e-04	3.246579e-04	7.756257e-04
592           	1.150187e-03	1.581583e-04	3.216858e-04	7.876189e-04
593           	1.146245e-03	1.568918e-04	3.158237e-04	7.514696e-04
594           	1.140773e-03	1.559393e-04	3.135262e-04	7.490409e-04
595           	1.141728e-03	1.556883e-04	3.174033e-04	7.662505e-04
596           	1.136741e-03	1.552470e-04	3.144498e-04	7.783192e-04
597           	1.132966e-03	1.540225e-04	3.085911e-04	7.421812e-04
598           	1.127712e-03	1.531120e-04	3.063035e-04	7.397664e-04
599           	1.128866e-03	1.529010e-04	3.101998e-04	7.570083e-04
600           	1.124084e-03	1.524942e-04	3.072597e-04	7.691083e-04
601           	1.120518e-03	1.513016e-04	3.014223e-04	7.329131e-04
602           	1.115416e-03	1.504238e-04	2.991611e-04	7.304907e-04
603           	1.116710e-03	1.502455e-04	3.030969e-04	7.477602e-04
604           	1.112062e-03	1.498726e-04	3.001904e-04	7.598393e-04
605           	1.108611e-03	1.487154e-04	2.943716e-04	7.235535e-04
606           	1.103610e-03	1.478708e-04	2.921276e-04	7.210522e-04
607           	1.105017e-03	1.477285e-04	2.960762e-04	7.382516e-04
608           	1.100448e-03	1.473900e-04	2.931624e-04	7.502606e-04
609           	1.097069e-03	1.462629e-04	2.873358e-04	7.138375e-04
610           	1.092122e-03	1.454449e-04	2.850846e-04	7.112291e-04
611           	1.093568e-03	1.453218e-04	2.890361e-04	7.283301e-04
612           	1.089027e-03	1.449982e-04	2.861266e-04	7.401927e-04
613           	1.085615e-03	1.438891e-04	2.803015e-04	7.035062e-04
614           	1.080683e-03	1.430870e-04	2.780575e-04	7.006939e-04
615           	1.082171e-03	1.429764e-04	2.820204e-04	7.175989e-04
616           	1.077694e-03	1.426633e-04	2.791081e-04	7.292536e-04
617           	1.074419e-03	1.415605e-04	2.732730e-04	6.923067e-04
618           	1.069608e-03	1.407621e-04	2.710182e-04	6.892894e-04
619           	1.071208e-03	1.406551e-04	2.749747e-04	7.059968e-04
620           	1.066833e-03	1.403433e-04	2.720532e-04	7.174306e-04
621           	1.063661e-03	1.392343e-04	2.661994e-04	6.801873e-04
622           	1.058909e-03	1.384251e-04	2.639313e-04	6.769025e-04
623           	1.060520e-03	1.383014e-04	2.678750e-04	6.933916e-04
624           	1.056140e-03	1.379651e-04	2.649305e-04	7.046166e-04
625           	1.052930e-03	1.368286e-04	2.590597e-04	6.670825e-04
626           	1.048159e-03	1.359893e-04	2.567716e-04	6.635652e-04
627           	1.049798e-03	1.358332e-04	2.606992e-04	6.798328e-04
628           	1.045471e-03	1.354596e-04	2.577343e-04	6.908007e-04
629           	1.042280e-03	1.342844e-04	2.518354e-04	6.529430e-04
630           	1.037505e-03	1.334054e-04	2.495242e-04	6.491797e-04
631           	1.039070e-03	1.332039e-04	2.534407e-04	6.652591e-04
632           	1.034602e-03	1.327842e-04	2.504542e-04	6.760372e-04
633           	1.031237e-03	1.315569e-04	2.445319e-04	6.379299e-04
634           	1.026233e-03	1.306189e-04	2.422117e-04	6.339404e-04
635           	1.027554e-03	1.303563e-04	2.461330e-04	6.498278e-04
636           	1.022830e-03	1.298721e-04	2.431621e-04	6.604524e-04
637           	1.019216e-03	1.285798e-04	2.372653e-04	6.221092e-04
638           	1.013930e-03	1.275789e-04	2.349691e-04	6.179612e-04
639           	1.014937e-03	1.272531e-04	2.389100e-04	6.337543e-04
640           	1.009889e-03	1.267072e-04	2.359508e-04	6.442572e-04
641           	1.005924e-03	1.253626e-04	2.300646e-04	6.057230e-04
642           	1.000280e-03	1.243105e-04	2.277887e-04	6.014482e-04
643           	1.000940e-03	1.239331e-04	2.317616e-04	6.171535e-04
644           	9.955801e-04	1.233347e-04	2.288221e-04	6.275828e-04
645           	9.913112e-04	1.219374e-04	2.229590e-04	5.888894e-04
646           	9.853700e-04	1.208333e-04	2.207160e-04	5.845133e-04
647           	9.856967e-04	1.204113e-04	2.247378e-04	6.001431e-04
648           	9.799037e-04	1.197709e-04	2.218617e-04	6.104831e-04
649           	9.751602e-04	1.183318e-04	2.160659e-04	5.716655e-04
650           	9.687359e-04	1.171900e-04	2.138866e-04	5.672591e-04
651           	9.685948e-04	1.167323e-04	2.179682e-04	5.829196e-04
652           	9.623599e-04	1.160587e-04	2.151367e-04	5.932988e-04
653           	9.571820e-04	1.145896e-04	2.093717e-04	5.544465e-04
654           	9.503162e-04	1.134223e-04	2.072304e-04	5.500719e-04
655           	9.497178e-04	1.129421e-04	2.113586e-04	5.657841e-04
656           	9.430136e-04	1.122506e-04	2.085657e-04	5.762109e-04
657           	9.373330e-04	1.107676e-04	2.028393e-04	5.373119e-04
658           	9.299541e-04	1.095876e-04	2.007313e-04	5.329337e-04
659           	9.288957e-04	1.090973e-04	2.048868e-04	5.486781e-04
660           	9.217714e-04	1.083980e-04	2.021138e-04	5.591387e-04
661           	9.157352e-04	1.069101e-04	1.964028e-04	5.202219e-04
662           	9.080245e-04	1.057296e-04	1.943130e-04	5.158784e-04
663           	9.066279e-04	1.052415e-04	1.984974e-04	5.316917e-04
664           	8.991714e-04	1.045481e-04	1.957554e-04	5.422144e-04
665           	8.927953e-04	1.030698e-04	1.900784e-04	5.032734e-04
666           	8.847783e-04	1.019018e-04	1.880297e-04	4.989597e-04
667           	8.830686e-04	1.014282e-04	1.922624e-04	5.148552e-04
668           	8.753257e-04	1.007475e-04	1.895644e-04	5.254384e-04
669           	8.686629e-04	9.928651e-05	1.839241e-04	4.865194e-04
670           	8.603767e-04	9.813924e-05	1.819104e-04	4.823292e-04
671           	8.584086e-04	9.768767e-05	1.861840e-04	4.983957e-04
672           	8.503860e-04	9.703049e-05	1.835248e-04	5.091736e-04
673           	8.434904e-04	9.559325e-05	1.779346e-04	4.703358e-04
674           	8.349712e-04	9.447023e-05	1.759785e-04	4.662392e-04
675           	8.327846e-04	9.404476e-05	1.803121e-04	4.824334e-04
676           	8.245991e-04	9.341565e-05	1.777101e-04	4.933286e-04
677           	8.175303e-04	9.200832e-05	1.721734e-04	4.545452e-04
678           	8.088336e-04	9.091682e-05	1.702762e-04	4.505873e-04
679           	8.065258e-04	9.052621e-05	1.746684e-04	4.669461e-04
680           	7.982327e-04	8.993371e-05	1.721172e-04	4.779879e-04
681           	7.910780e-04	8.856251e-05	1.666273e-04	4.392856e-04
682           	7.823264e-04	8.750663e-05	1.647733e-04	4.354580e-04
683           	7.799421e-04	8.715169e-05	1.692163e-04	4.519804e-04
684           	7.715635e-04	8.659314e-05	1.667107e-04	4.632030e-04
685           	7.643078e-04	8.525600e-05	1.612621e-04	4.246191e-04
686           	7.554466e-04	8.423450e-05	1.594531e-04	4.209757e-04
687           	7.529900e-04	8.391296e-05	1.639416e-04	4.377151e-04
688           	7.445641e-04	8.338787e-05	1.614745e-04	4.491146e-04
689           	7.372793e-04	8.208536e-05	1.560617e-04	4.106302e-04
690           	7.284029e-04	8.110042e-05	1.542877e-04	4.071153e-04
691           	7.259123e-04	8.081734e-05	1.588103e-04	4.240026e-04
692           	7.174573e-04	8.033149e-05	1.563764e-04	4.355436e-04
693           	7.101767e-04	7.906716e-05	1.509965e-04	3.971242e-04
694           	7.013148e-04	7.811855e-05	1.492584e-04	3.937221e-04
695           	6.988461e-04	7.787018e-05	1.538220e-04	4.107506e-04
696           	6.904298e-04	7.741940e-05	1.514245e-04	4.224182e-04
697           	6.831799e-04	7.619175e-05	1.460814e-04	3.840490e-04
698           	6.743837e-04	7.528101e-05	1.443823e-04	3.807415e-04
699           	6.720014e-04	7.507236e-05	1.489912e-04	3.978876e-04
700           	6.636922e-04	7.465862e-05	1.466380e-04	4.096550e-04
701           	6.565516e-04	7.346620e-05	1.413428e-04	3.713225e-04
702           	6.478477e-04	7.259045e-05	1.396926e-04	3.680992e-04
703           	6.455718e-04	7.241540e-05	1.443529e-04	3.853658e-04
704           	6.373730e-04	7.203447e-05	1.420466e-04	3.972579e-04
705           	6.303622e-04	7.087630e-05	1.367939e-04	3.589879e-04
706           	6.218147e-04	7.003436e-05	1.351922e-04	3.558770e-04
707           	6.196923e-04	6.989198e-05	1.399061e-04	3.732673e-04
708           	6.116513e-04	6.954380e-05	1.376560e-04	3.852628e-04
709           	6.047912e-04	6.841828e-05	1.324645e-04	3.470261e-04
710           	5.963928e-04	6.760826e-05	1.309264e-04	3.439853e-04
711           	5.944311e-04	6.749761e-05	1.357094e-04	3.614715e-04
712           	5.865719e-04	6.718087e-05	1.335249e-04	3.735633e-04
713           	5.799134e-04	6.608566e-05	1.283948e-04	3.353597e-04
714           	5.717321e-04	6.530540e-05	1.269219e-04	3.324020e-04
715           	5.700005e-04	6.522405e-05	1.317689e-04	3.500007e-04
716           	5.623521e-04	6.493492e-05	1.296477e-04	3.621930e-04
717           	5.558934e-04	6.386705e-05	1.245839e-04	3.240367e-04
718           	5.479215e-04	6.311352e-05	1.231785e-04	3.211626e-04
719           	5.464132e-04	6.305768e-05	1.280961e-04	3.388745e-04
720           	5.390011e-04	6.279174e-05	1.260425e-04	3.511755e-04
721           	5.327952e-04	6.174701e-05	1.210421e-04	3.130659e-04
722           	5.250608e-04	6.101653e-05	1.196976e-04	3.102850e-04
723           	5.237819e-04	6.098470e-05	1.246757e-04	3.281149e-04
724           	5.166181e-04	6.074265e-05	1.226791e-04	3.405380e-04
725           	5.106546e-04	5.972109e-05	1.177344e-04	3.025029e-04
726           	5.031729e-04	5.901334e-05	1.164444e-04	2.998497e-04
727           	5.021566e-04	5.900283e-05	1.214762e-04	3.178428e-04
728           	4.952343e-04	5.878214e-05	1.195295e-04	3.304182e-04
729           	4.895219e-04	5.778256e-05	1.146291e-04	2.924831e-04
730           	4.822842e-04	5.709538e-05	1.133814e-04	2.899780e-04
731           	4.815096e-04	5.710578e-05	1.184547e-04	3.081469e-04
732           	4.748414e-04	5.690558e-05	1.165461e-04	3.209007e-04
733           	4.693747e-04	5.592573e-05	1.116818e-04	2.830905e-04
734           	4.623831e-04	5.525865e-05	1.104684e-04	2.807444e-04
735           	4.618447e-04	5.528841e-05	1.155748e-04	2.990940e-04
736           	4.554108e-04	5.510869e-05	1.136941e-04	3.120278e-04
737           	4.501742e-04	5.415105e-05	1.088572e-04	2.743554e-04
738           	4.434189e-04	5.350657e-05	1.076727e-04	2.721841e-04
739           	4.431100e-04	5.355811e-05	1.128073e-04	2.907231e-04
740           	4.369033e-04	5.339860e-05	1.109521e-04	3.038430e-04
741           	4.319043e-04	5.246069e-05	1.061355e-04	2.663070e-04
742           	4.253926e-04	5.183643e-05	1.049670e-04	2.643047e-04
743           	4.253387e-04	5.190887e-05	1.101177e-04	2.830356e-04
744           	4.193939e-04	5.176993e-05	1.082770e-04	2.963255e-04
745           	4.146469e-04	5.085208e-05	1.034758e-04	2.588991e-04
746           	4.083772e-04	5.024659e-05	1.023251e-04	2.570418e-04
747           	4.085619e-04	5.033815e-05	1.074964e-04	2.759368e-04
748           	4.028508e-04	5.021809e-05	1.056769e-04	2.893905e-04
749           	3.983260e-04	4.931920e-05	1.008931e-04	2.520835e-04
750           	3.922837e-04	4.873307e-05	9.976192e-05	2.503614e-04
751           	3.926970e-04	4.884367e-05	1.049530e-04	2.693933e-04
752           	3.872157e-04	4.874296e-05	1.031526e-04	2.829671e-04
753           	3.829231e-04	4.786349e-05	9.839204e-05	2.457315e-04
754           	3.771097e-04	4.729726e-05	9.728504e-05	2.441158e-04
755           	3.777502e-04	4.742697e-05	1.025025e-04	2.632641e-04
756           	3.724930e-04	4.734497e-05	1.007276e-04	2.769388e-04
757           	3.684263e-04	4.648499e-05	9.599087e-05	2.397505e-04
758           	3.628280e-04	4.593821e-05	9.490588e-05	2.382012e-04
759           	3.636824e-04	4.608744e-05	1.001452e-04	2.574292e-04
760           	3.586338e-04	4.602510e-05	9.838871e-05	2.711689e-04
761           	3.547687e-04	4.518426e-05	9.366934e-05	2.340017e-04
762           	3.493785e-04	4.465652e-05	9.260314e-05	2.324937e-04
763           	3.504330e-04	4.482466e-05	9.786202e-05	2.517800e-04
764           	3.455793e-04	4.478125e-05	9.612268e-05	2.655731e-04
765           	3.419021e-04	4.395945e-05	9.141838e-05	2.284146e-04
766           	3.366898e-04	4.345076e-05	9.036708e-05	2.269387e-04
767           	3.379217e-04	4.363784e-05	9.563988e-05	2.462631e-04
768           	3.332460e-04	4.361233e-05	9.391374e-05	2.600835e-04
769           	3.297418e-04	4.280835e-05	8.922166e-05	2.229132e-04
770           	3.247006e-04	4.231637e-05	8.818288e-05	2.214541e-04
771           	3.260996e-04	4.251860e-05	9.346870e-05	2.408117e-04
772           	3.215956e-04	4.250731e-05	9.175344e-05	2.546624e-04
773           	3.182674e-04	4.171639e-05	8.707133e-05	2.174861e-04
774           	3.133983e-04	4.123652e-05	8.604114e-05	2.160408e-04
775           	3.149658e-04	4.145055e-05	9.133644e-05	2.354212e-04
776           	3.106187e-04	4.145087e-05	8.963083e-05	2.492917e-04
777           	3.074334e-04	4.067164e-05	8.495843e-05	2.121018e-04
778           	3.027005e-04	4.020326e-05	8.393852e-05	2.106687e-04
779           	3.043962e-04	4.042842e-05	8.924357e-05	2.300724e-04
780           	3.001708e-04	4.044013e-05	8.754487e-05	2.439597e-04
781           	2.971124e-04	3.967217e-05	8.287766e-05	2.067538e-04
782           	2.925088e-04	3.921518e-05	8.186301e-05	2.053273e-04
783           	2.943347e-04	3.945150e-05	8.717383e-05	2.247544e-04
784           	2.902396e-04	3.947342e-05	8.547992e-05	2.386647e-04
785           	2.873052e-04	3.871566e-05	8.081780e-05	2.014572e-04
786           	2.828233e-04	3.826783e-05	7.980831e-05	2.000548e-04
787           	2.847738e-04	3.851296e-05	8.512473e-05	2.195206e-04
788           	2.808062e-04	3.854342e-05	8.343488e-05	2.334664e-04
789           	2.780014e-04	3.779412e-05	7.877592e-05	1.962636e-04
790           	2.736510e-04	3.735497e-05	7.776999e-05	1.948872e-04
791           	2.757347e-04	3.760853e-05	8.309099e-05	2.143917e-04
792           	2.719034e-04	3.764704e-05	8.140506e-05	2.283696e-04
793           	2.692369e-04	3.690584e-05	7.674991e-05	1.911703e-04
794           	2.650169e-04	3.647477e-05	7.574862e-05	1.898185e-04
795           	2.672266e-04	3.673669e-05	8.107646e-05	2.093601e-04
796           	2.635224e-04	3.678377e-05	7.939705e-05	2.233760e-04
797           	2.609766e-04	3.605091e-05	7.474724e-05	1.861855e-04
798           	2.568826e-04	3.562826e-05	7.375248e-05	1.848623e-04
799           	2.592136e-04	3.589804e-05	7.908705e-05	2.044433e-04
800           	2.556250e-04	3.595252e-05	7.741330e-05	2.184938e-04
801           	2.531885e-04	3.522689e-05	7.276911e-05	1.813142e-04
802           	2.492027e-04	3.481119e-05	7.178021e-05	1.800208e-04
803           	2.516441e-04	3.508761e-05	7.712213e-05	1.996440e-04
804           	2.481601e-04	3.514815e-05	7.545564e-05	2.137385e-04
805           	2.458286e-04	3.442875e-05	7.081956e-05	1.765830e-04
806           	2.419398e-04	3.401912e-05	6.984076e-05	1.753353e-04
807           	2.444740e-04	3.430172e-05	7.519426e-05	1.950173e-04
808           	2.410863e-04	3.436842e-05	7.353916e-05	2.091666e-04
809           	2.388519e-04	3.365536e-05	6.891421e-05	1.720464e-04
810           	2.350650e-04	3.325170e-05	6.794700e-05	1.708512e-04
811           	2.376990e-04	3.354001e-05	7.331335e-05	1.905969e-04
812           	2.344081e-04	3.361198e-05	7.167096e-05	2.048089e-04
813           	2.322660e-04	3.290414e-05	6.705964e-05	1.677277e-04
814           	2.285697e-04	3.250554e-05	6.610694e-05	1.665897e-04
815           	2.313010e-04	3.279873e-05	7.148912e-05	1.864036e-04
816           	2.281059e-04	3.287551e-05	6.986185e-05	2.006846e-04
817           	2.260606e-04	3.217236e-05	6.526497e-05	1.636551e-04
818           	2.224594e-04	3.177812e-05	6.432636e-05	1.625829e-04
819           	2.252791e-04	3.207525e-05	6.972229e-05	1.824688e-04
820           	2.221715e-04	3.215535e-05	6.810825e-05	1.968151e-04
821           	2.202125e-04	3.145567e-05	6.352481e-05	1.598304e-04
822           	2.166955e-04	3.106488e-05	6.260025e-05	1.588174e-04
823           	2.195994e-04	3.136526e-05	6.801150e-05	1.787700e-04
824           	2.165746e-04	3.144836e-05	6.641216e-05	1.931789e-04
825           	2.146917e-04	3.075156e-05	6.184310e-05	1.562364e-04
826           	2.112452e-04	3.036349e-05	6.093289e-05	1.552777e-04
827           	2.142125e-04	3.066650e-05	6.635839e-05	1.752902e-04
828           	2.112458e-04	3.075254e-05	6.477263e-05	1.897546e-04
829           	2.094207e-04	3.005871e-05	6.021695e-05	1.528465e-04
830           	2.060300e-04	2.967343e-05	5.932102e-05	1.519307e-04
831           	2.090543e-04	2.997891e-05	6.476164e-05	1.719891e-04
832           	2.061438e-04	3.006686e-05	6.319082e-05	1.864951e-04
833           	2.043728e-04	2.937499e-05	5.865042e-05	1.496104e-04
834           	2.010345e-04	2.899179e-05	5.777034e-05	1.487283e-04
835           	2.041083e-04	2.929951e-05	6.322691e-05	1.688257e-04
836           	2.012455e-04	2.938977e-05	6.167154e-05	1.833673e-04
837           	1.995202e-04	2.870042e-05	5.714619e-05	1.465001e-04
838           	1.962258e-04	2.831940e-05	5.628062e-05	1.456456e-04
839           	1.993420e-04	2.862903e-05	6.175175e-05	1.657768e-04
840           	1.965191e-04	2.872101e-05	6.021073e-05	1.803492e-04
841           	1.948301e-04	2.803343e-05	5.569942e-05	1.434958e-04
842           	1.915703e-04	2.765436e-05	5.484783e-05	1.426648e-04
843           	1.947199e-04	2.796588e-05	6.033316e-05	1.628229e-04
844           	1.919262e-04	2.805979e-05	5.880645e-05	1.774182e-04
845           	1.902653e-04	2.737406e-05	5.430947e-05	1.405746e-04
846           	1.870293e-04	2.699670e-05	5.347191e-05	1.397640e-04
847           	1.902003e-04	2.731009e-05	5.897122e-05	1.599503e-04
848           	1.874285e-04	2.740596e-05	5.745757e-05	1.745719e-04
849           	1.857867e-04	2.672280e-05	5.297356e-05	1.377401e-04
850           	1.825675e-04	2.634803e-05	5.214921e-05	1.369510e-04
851           	1.857550e-04	2.666378e-05	5.766187e-05	1.571622e-04
852           	1.829980e-04	2.676195e-05	5.616170e-05	1.718069e-04
853           	1.813686e-04	2.608114e-05	5.169079e-05	1.349879e-04
854           	1.781630e-04	2.570892e-05	5.087956e-05	1.342214e-04
855           	1.813639e-04	2.602715e-05	5.640461e-05	1.544618e-04
856           	1.786207e-04	2.612743e-05	5.491624e-05	1.691360e-04
857           	1.770064e-04	2.544864e-05	5.045710e-05	1.323338e-04
858           	1.738158e-04	2.507846e-05	4.965782e-05	1.315892e-04
859           	1.770315e-04	2.539878e-05	5.519528e-05	1.518530e-04
860           	1.743012e-04	2.550163e-05	5.371921e-05	1.665460e-04
861           	1.726994e-04	2.482578e-05	4.927244e-05	1.297486e-04
862           	1.695208e-04	2.445847e-05	4.848537e-05	1.290167e-04
863           	1.727501e-04	2.478164e-05	5.403457e-05	1.492989e-04
864           	1.700360e-04	2.488719e-05	5.257042e-05	1.640077e-04
865           	1.684504e-04	2.421414e-05	4.813561e-05	1.272165e-04
866           	1.652884e-04	2.384955e-05	4.736049e-05	1.264975e-04
867           	1.685359e-04	2.417540e-05	5.292172e-05	1.467947e-04
868           	1.658399e-04	2.428380e-05	5.146928e-05	1.615162e-04
869           	1.642729e-04	2.361374e-05	4.704591e-05	1.247275e-04
870           	1.611310e-04	2.325219e-05	4.628203e-05	1.240174e-04
871           	1.643989e-04	2.358133e-05	5.185431e-05	1.443282e-04
872           	1.617227e-04	2.369284e-05	5.041214e-05	1.590631e-04
873           	1.601763e-04	2.302628e-05	4.599863e-05	1.222806e-04
874           	1.570540e-04	2.266851e-05	4.524449e-05	1.215844e-04
875           	1.603389e-04	2.300136e-05	5.082686e-05	1.419130e-04
876           	1.576815e-04	2.311683e-05	4.939479e-05	1.566638e-04
877           	1.561546e-04	2.245444e-05	4.499150e-05	1.198884e-04
878           	1.530541e-04	2.210086e-05	4.424703e-05	1.192044e-04
879           	1.563653e-04	2.243801e-05	4.983881e-05	1.395500e-04
880           	1.537346e-04	2.255765e-05	4.841650e-05	1.543178e-04
881           	1.522343e-04	2.189978e-05	4.402298e-05	1.175522e-04
882           	1.491612e-04	2.155074e-05	4.328813e-05	1.168837e-04
883           	1.525008e-04	2.189240e-05	4.888903e-05	1.372467e-04
884           	1.498988e-04	2.201663e-05	4.747573e-05	1.520308e-04
885           	1.484293e-04	2.136342e-05	4.309141e-05	1.152761e-04
886           	1.453910e-04	2.101907e-05	4.236625e-05	1.146254e-04
887           	1.487661e-04	2.136565e-05	4.797683e-05	1.350091e-04
888           	1.462019e-04	2.149493e-05	4.657328e-05	1.498120e-04
889           	1.447693e-04	2.084704e-05	4.219885e-05	1.130694e-04
890           	1.417648e-04	2.050814e-05	4.148330e-05	1.124334e-04
891           	1.451756e-04	2.086002e-05	4.710341e-05	1.328348e-04
892           	1.426482e-04	2.099434e-05	4.570920e-05	1.476540e-04
893           	1.412557e-04	2.035139e-05	4.134523e-05	1.109233e-04
894           	1.382931e-04	2.001746e-05	4.063965e-05	1.103044e-04
895           	1.417468e-04	2.037443e-05	4.626950e-05	1.307264e-04
896           	1.392604e-04	2.051391e-05	4.488517e-05	1.455665e-04
897           	1.379092e-04	1.987651e-05	4.053158e-05	1.088525e-04
898           	1.349879e-04	1.954785e-05	3.983629e-05	1.082542e-04
899           	1.384824e-04	1.990973e-05	4.547661e-05	1.286977e-04
900           	1.360384e-04	2.005386e-05	4.410295e-05	1.435593e-04
901           	1.347290e-04	1.942101e-05	3.975970e-05	1.068620e-04
902           	1.318475e-04	1.909686e-05	3.907443e-05	1.062861e-04
903           	1.353802e-04	1.946318e-05	4.472371e-05	1.267569e-04
904           	1.329734e-04	1.961168e-05	4.335831e-05	1.416447e-04
905           	1.317011e-04	1.898321e-05	3.902331e-05	1.049687e-04
906           	1.288568e-04	1.866337e-05	3.834603e-05	1.044163e-04
907           	1.324278e-04	1.903362e-05	4.400310e-05	1.249121e-04
908           	1.300591e-04	1.918572e-05	4.264571e-05	1.398250e-04
909           	1.288243e-04	1.856060e-05	3.831830e-05	1.031701e-04
910           	1.260178e-04	1.824389e-05	3.764849e-05	1.026418e-04
911           	1.296255e-04	1.861715e-05	4.331302e-05	1.231627e-04
912           	1.272926e-04	1.877234e-05	4.196373e-05	1.380997e-04
913           	1.260908e-04	1.815041e-05	3.764427e-05	1.014656e-04
914           	1.233133e-04	1.783693e-05	3.698197e-05	1.009606e-04
915           	1.269488e-04	1.821336e-05	4.265331e-05	1.215066e-04
916           	1.246431e-04	1.837156e-05	4.131061e-05	1.364677e-04
917           	1.234700e-04	1.775252e-05	3.699756e-05	9.985328e-05
