# Region type : patch ent
# Faces  :    220
# Area   :    1.250000e-07
# Time        	areaAverage(p)
0             	0.000000e+00
1             	0.000000e+00
2             	0.000000e+00
3             	0.000000e+00
4             	-1.083137e-01
5             	-1.038268e-01
6             	-9.719640e-02
7             	-7.279060e-02
8             	-6.131583e-02
9             	-4.602636e-02
10            	-3.244642e-02
11            	-2.271249e-02
12            	-1.589874e-02
13            	-1.112912e-02
14            	-7.790385e-03
15            	-5.453269e-03
16            	-3.817289e-03
17            	-2.672102e-03
18            	-1.870471e-03
19            	-1.309330e-03
20            	-9.165310e-04
21            	-6.415717e-04
22            	-4.491002e-04
23            	-3.143701e-04
24            	-2.200591e-04
25            	-1.540414e-04
26            	-1.078290e-04
27            	-7.548027e-05
28            	-5.283619e-05
29            	-3.698533e-05
30            	-2.588973e-05
31            	-1.812281e-05
32            	-1.268597e-05
33            	-8.880178e-06
34            	-6.216125e-06
35            	-4.351287e-06
36            	-3.045901e-06
37            	-2.132131e-06
38            	-1.492492e-06
39            	-1.044744e-06
40            	-7.313208e-07
41            	-5.119246e-07
42            	-3.583472e-07
43            	-2.508431e-07
44            	-1.755901e-07
45            	-1.229131e-07
46            	-8.603917e-08
47            	-6.022742e-08
48            	-4.215919e-08
49            	-2.951143e-08
50            	-2.065800e-08
51            	-1.446060e-08
52            	-1.012242e-08
53            	-7.085695e-09
54            	-4.959987e-09
55            	-3.471991e-09
56            	-2.430393e-09
57            	-1.701275e-09
58            	-1.190893e-09
59            	-8.336250e-10
60            	-5.835375e-10
61            	-4.084762e-10
62            	-2.859334e-10
63            	-2.001534e-10
64            	-1.401073e-10
65            	-9.807514e-11
66            	-6.865260e-11
67            	-4.805682e-11
68            	-3.363977e-11
69            	-2.354784e-11
70            	-1.648349e-11
71            	-1.153844e-11
72            	-8.076910e-12
73            	-5.653837e-12
74            	-3.957686e-12
75            	-2.770380e-12
76            	-1.939266e-12
77            	-1.357486e-12
78            	-9.502404e-13
79            	-6.651683e-13
80            	-4.656178e-13
81            	-3.259324e-13
82            	-2.281527e-13
83            	-1.597069e-13
84            	-1.117948e-13
85            	-7.825638e-14
86            	-5.477947e-14
87            	-3.834563e-14
88            	-2.684194e-14
89            	-1.878936e-14
90            	-1.315255e-14
91            	-9.206785e-15
92            	-6.444749e-15
93            	-4.511325e-15
94            	-3.157927e-15
95            	-2.210549e-15
96            	-1.547384e-15
97            	-1.083169e-15
98            	-7.582183e-16
99            	-5.307528e-16
100           	-3.715270e-16
101           	-2.600689e-16
102           	-1.820482e-16
103           	-1.274338e-16
104           	-8.920363e-17
105           	-6.244254e-17
106           	-4.370978e-17
107           	-3.059684e-17
108           	-2.141779e-17
109           	-1.499245e-17
110           	-1.049472e-17
111           	-7.346302e-18
112           	-5.142412e-18
113           	-3.599688e-18
114           	-2.519782e-18
115           	-1.763847e-18
116           	-1.234693e-18
117           	-8.642851e-19
118           	-6.049996e-19
119           	-4.234997e-19
120           	-2.964498e-19
121           	-2.075149e-19
122           	-1.452604e-19
123           	-1.016823e-19
124           	-7.117760e-20
125           	-4.982432e-20
126           	-3.487702e-20
127           	-2.441392e-20
128           	-1.708974e-20
129           	-1.196282e-20
130           	-8.373973e-21
131           	-5.861781e-21
132           	-4.103247e-21
133           	-2.872273e-21
134           	-2.010591e-21
135           	-1.407414e-21
136           	-9.851895e-22
137           	-6.896327e-22
138           	-4.827429e-22
139           	-3.379200e-22
140           	-2.365440e-22
141           	-1.655808e-22
142           	-1.159066e-22
143           	-8.113460e-23
144           	-5.679422e-23
145           	-3.975595e-23
146           	-2.782917e-23
147           	-1.948042e-23
148           	-1.363629e-23
149           	-9.545404e-24
150           	-6.681783e-24
151           	-4.677248e-24
152           	-3.274074e-24
153           	-2.291852e-24
154           	-1.604296e-24
155           	-1.123007e-24
156           	-7.861051e-25
157           	-5.502735e-25
158           	-3.851915e-25
159           	-2.696340e-25
160           	-1.887438e-25
161           	-1.321207e-25
162           	-9.248447e-26
163           	-6.473913e-26
164           	-4.531739e-26
165           	-3.172217e-26
166           	-2.220552e-26
167           	-1.554387e-26
168           	-1.088071e-26
169           	-7.616494e-27
170           	-5.331546e-27
171           	-3.732082e-27
172           	-2.612458e-27
173           	-1.828720e-27
174           	-1.280104e-27
175           	-8.960729e-28
176           	-6.272510e-28
177           	-4.390757e-28
178           	-3.073530e-28
179           	-2.151471e-28
180           	-1.506030e-28
181           	-1.054221e-28
182           	-7.379546e-29
183           	-5.165682e-29
184           	-3.615977e-29
185           	-2.531184e-29
186           	-1.771829e-29
187           	-1.240280e-29
188           	-8.681962e-30
189           	-6.077373e-30
190           	-4.254161e-30
191           	-2.977913e-30
192           	-2.084539e-30
193           	-1.459177e-30
194           	-1.021424e-30
195           	-7.149969e-31
196           	-5.004978e-31
197           	-3.503485e-31
198           	-2.452439e-31
199           	-1.716708e-31
200           	-1.201695e-31
201           	-8.411867e-32
202           	-5.888307e-32
203           	-4.121815e-32
204           	-2.885270e-32
205           	-2.019689e-32
206           	-1.413782e-32
207           	-9.896477e-33
208           	-6.927534e-33
209           	-4.849274e-33
210           	-3.394492e-33
211           	-2.376144e-33
212           	-1.663301e-33
213           	-1.164311e-33
214           	-8.150175e-34
215           	-5.705122e-34
216           	-3.993586e-34
217           	-2.795510e-34
218           	-1.956857e-34
219           	-1.369800e-34
220           	-9.588599e-35
221           	-6.712019e-35
222           	-4.698414e-35
223           	-3.288889e-35
224           	-2.302223e-35
225           	-1.611556e-35
226           	-1.128089e-35
227           	-7.896624e-36
228           	-5.527637e-36
229           	-3.869346e-36
230           	-2.708542e-36
231           	-1.895979e-36
232           	-1.327186e-36
233           	-9.290299e-37
234           	-6.503209e-37
235           	-4.552246e-37
236           	-3.186572e-37
237           	-2.230601e-37
238           	-1.561420e-37
239           	-1.092994e-37
240           	-7.650960e-38
241           	-5.355672e-38
242           	-3.748971e-38
243           	-2.624279e-38
244           	-1.836996e-38
245           	-1.285897e-38
246           	-9.001278e-39
247           	-6.300895e-39
248           	-4.410626e-39
249           	-3.087439e-39
250           	-2.161207e-39
251           	-1.512845e-39
252           	-1.058991e-39
253           	-7.412940e-40
254           	-5.189058e-40
255           	-3.632341e-40
256           	-2.542638e-40
257           	-1.779847e-40
258           	-1.245893e-40
259           	-8.721250e-41
260           	-6.104875e-41
261           	-4.273412e-41
262           	-2.991389e-41
263           	-2.093972e-41
264           	-1.465780e-41
265           	-1.026046e-41
266           	-7.182324e-42
267           	-5.027627e-42
268           	-3.519339e-42
269           	-2.463537e-42
270           	-1.724476e-42
271           	-1.207133e-42
272           	-8.449932e-43
273           	-5.914953e-43
274           	-4.140467e-43
275           	-2.898327e-43
276           	-2.028829e-43
277           	-1.420180e-43
278           	-9.941261e-44
279           	-6.958883e-44
280           	-4.871218e-44
281           	-3.409853e-44
282           	-2.386897e-44
283           	-1.670828e-44
284           	-1.169579e-44
285           	-8.187056e-45
286           	-5.730939e-45
287           	-4.011657e-45
288           	-2.808160e-45
289           	-1.965712e-45
290           	-1.375998e-45
291           	-9.631989e-46
292           	-6.742393e-46
293           	-4.719675e-46
294           	-3.303772e-46
295           	-2.312641e-46
296           	-1.618848e-46
297           	-1.133194e-46
298           	-7.932357e-47
299           	-5.552650e-47
300           	-3.886855e-47
301           	-2.720799e-47
302           	-1.904559e-47
303           	-1.333191e-47
304           	-9.332339e-48
305           	-6.532637e-48
306           	-4.572846e-48
307           	-3.200992e-48
308           	-2.240695e-48
309           	-1.568486e-48
310           	-1.097940e-48
311           	-7.685583e-49
312           	-5.379908e-49
313           	-3.765936e-49
314           	-2.636155e-49
315           	-1.845308e-49
316           	-1.291716e-49
317           	-9.042011e-50
318           	-6.329408e-50
319           	-4.430585e-50
320           	-3.101410e-50
321           	-2.170987e-50
322           	-1.519691e-50
323           	-1.063784e-50
324           	-7.446485e-51
325           	-5.212539e-51
326           	-3.648778e-51
327           	-2.554144e-51
328           	-1.787901e-51
329           	-1.251531e-51
330           	-8.760715e-52
331           	-6.132501e-52
332           	-4.292750e-52
333           	-3.004925e-52
334           	-2.103448e-52
335           	-1.472413e-52
336           	-1.030689e-52
337           	-7.214826e-53
338           	-5.050378e-53
339           	-3.535265e-53
340           	-2.474685e-53
341           	-1.732280e-53
342           	-1.212596e-53
343           	-8.488170e-54
344           	-5.941719e-54
345           	-4.159203e-54
346           	-2.911442e-54
347           	-2.038010e-54
348           	-1.426607e-54
349           	-9.986247e-55
350           	-6.990373e-55
351           	-4.893261e-55
352           	-3.425283e-55
353           	-2.397698e-55
354           	-1.678389e-55
355           	-1.174872e-55
356           	-8.224104e-56
357           	-5.756873e-56
358           	-4.029811e-56
359           	-2.820868e-56
360           	-1.974607e-56
361           	-1.382225e-56
362           	-9.675576e-57
363           	-6.772903e-57
364           	-4.741032e-57
365           	-3.318723e-57
366           	-2.323106e-57
367           	-1.626174e-57
368           	-1.138322e-57
369           	-7.968253e-58
370           	-5.577777e-58
371           	-3.904444e-58
372           	-2.733111e-58
373           	-1.913178e-58
374           	-1.339224e-58
375           	-9.374570e-59
376           	-6.562199e-59
377           	-4.593539e-59
378           	-3.215478e-59
379           	-2.250834e-59
380           	-1.575584e-59
381           	-1.102909e-59
382           	-7.720362e-60
383           	-5.404253e-60
384           	-3.782977e-60
385           	-2.648084e-60
386           	-1.853659e-60
387           	-1.297561e-60
388           	-9.082928e-61
389           	-6.358050e-61
390           	-4.450635e-61
391           	-3.115444e-61
392           	-2.180811e-61
393           	-1.526568e-61
394           	-1.068597e-61
395           	-7.480182e-62
396           	-5.236127e-62
397           	-3.665289e-62
398           	-2.565702e-62
399           	-1.795992e-62
400           	-1.257194e-62
401           	-8.800359e-63
402           	-6.160251e-63
403           	-4.312176e-63
404           	-3.018523e-63
405           	-2.112966e-63
406           	-1.479076e-63
407           	-1.035353e-63
408           	-7.247474e-64
409           	-5.073232e-64
410           	-3.551262e-64
411           	-2.485884e-64
412           	-1.740119e-64
413           	-1.218083e-64
414           	-8.526581e-65
415           	-5.968607e-65
416           	-4.178025e-65
417           	-2.924617e-65
418           	-2.047232e-65
419           	-1.433062e-65
420           	-1.003144e-65
421           	-7.022006e-66
422           	-4.915404e-66
423           	-3.440783e-66
424           	-2.408548e-66
425           	-1.685984e-66
426           	-1.180189e-66
427           	-8.261320e-67
428           	-5.782924e-67
429           	-4.048047e-67
430           	-2.833633e-67
431           	-1.983543e-67
432           	-1.388480e-67
433           	-9.719360e-68
434           	-6.803552e-68
435           	-4.762487e-68
436           	-3.333741e-68
437           	-2.333618e-68
438           	-1.633533e-68
439           	-1.143473e-68
440           	-8.004311e-69
441           	-5.603018e-69
442           	-3.922112e-69
443           	-2.745479e-69
444           	-1.921835e-69
445           	-1.345285e-69
446           	-9.416992e-70
447           	-6.591894e-70
448           	-4.614326e-70
449           	-3.230028e-70
450           	-2.261020e-70
451           	-1.582714e-70
452           	-1.107900e-70
453           	-7.755298e-71
454           	-5.428708e-71
455           	-3.800096e-71
456           	-2.660067e-71
457           	-1.862047e-71
458           	-1.303433e-71
459           	-9.124030e-72
460           	-6.386821e-72
461           	-4.470775e-72
462           	-3.129542e-72
463           	-2.190680e-72
464           	-1.533476e-72
465           	-1.073433e-72
466           	-7.514031e-73
467           	-5.259822e-73
468           	-3.681875e-73
469           	-2.577313e-73
470           	-1.804119e-73
471           	-1.262883e-73
472           	-8.840183e-74
473           	-6.188128e-74
474           	-4.331690e-74
475           	-3.032183e-74
476           	-2.122528e-74
477           	-1.485770e-74
478           	-1.040039e-74
479           	-7.280271e-75
480           	-5.096189e-75
481           	-3.567333e-75
482           	-2.497133e-75
483           	-1.747993e-75
484           	-1.223595e-75
485           	-8.565166e-76
486           	-5.995616e-76
487           	-4.196931e-76
488           	-2.937852e-76
489           	-2.056496e-76
490           	-1.439547e-76
491           	-1.007683e-76
492           	-7.053782e-77
493           	-4.937647e-77
494           	-3.456353e-77
495           	-2.419447e-77
496           	-1.693613e-77
497           	-1.185529e-77
498           	-8.298704e-78
499           	-5.809093e-78
500           	-4.066365e-78
501           	-2.846456e-78
502           	-1.992519e-78
503           	-1.394763e-78
504           	-9.763342e-79
505           	-6.834340e-79
506           	-4.784038e-79
507           	-3.348826e-79
508           	-2.344179e-79
509           	-1.640925e-79
510           	-1.148647e-79
511           	-8.040532e-80
512           	-5.628373e-80
513           	-3.939861e-80
514           	-2.757903e-80
515           	-1.930532e-80
516           	-1.351372e-80
517           	-9.459606e-81
518           	-6.621724e-81
519           	-4.635207e-81
520           	-3.244645e-81
521           	-2.271251e-81
522           	-1.589876e-81
523           	-1.112913e-81
524           	-7.790392e-82
525           	-5.453275e-82
526           	-3.817292e-82
527           	-2.672105e-82
528           	-1.870473e-82
529           	-1.309331e-82
530           	-9.165318e-83
531           	-6.415723e-83
532           	-4.491006e-83
533           	-3.143704e-83
534           	-2.200593e-83
535           	-1.540415e-83
536           	-1.078291e-83
537           	-7.548034e-84
538           	-5.283624e-84
539           	-3.698537e-84
540           	-2.588976e-84
541           	-1.812283e-84
542           	-1.268598e-84
543           	-8.880186e-85
544           	-6.216130e-85
545           	-4.351291e-85
546           	-3.045904e-85
547           	-2.132133e-85
548           	-1.492493e-85
549           	-1.044745e-85
550           	-7.313215e-86
551           	-5.119251e-86
552           	-3.583476e-86
553           	-2.508433e-86
554           	-1.755903e-86
555           	-1.229132e-86
556           	-8.603925e-87
557           	-6.022747e-87
558           	-4.215923e-87
559           	-2.951146e-87
560           	-2.065802e-87
561           	-1.446062e-87
562           	-1.012243e-87
563           	-7.085702e-88
564           	-4.959991e-88
565           	-3.471994e-88
566           	-2.430396e-88
567           	-1.701277e-88
568           	-1.190894e-88
569           	-8.336258e-89
570           	-5.835380e-89
571           	-4.084766e-89
572           	-2.859336e-89
573           	-2.001535e-89
574           	-1.401075e-89
575           	-9.807524e-90
576           	-6.865267e-90
577           	-4.805687e-90
578           	-3.363981e-90
579           	-2.354786e-90
580           	-1.648350e-90
581           	-1.153845e-90
582           	-8.076917e-91
583           	-5.653842e-91
584           	-3.957690e-91
585           	-2.770383e-91
586           	-1.939268e-91
587           	-1.357488e-91
588           	-9.502413e-92
589           	-6.651689e-92
590           	-4.656182e-92
591           	-3.259328e-92
592           	-2.281529e-92
593           	-1.597070e-92
594           	-1.117949e-92
595           	-7.825645e-93
596           	-5.477952e-93
597           	-3.834566e-93
598           	-2.684196e-93
599           	-1.878937e-93
600           	-1.315256e-93
601           	-9.206793e-94
602           	-6.444755e-94
603           	-4.511329e-94
604           	-3.157930e-94
605           	-2.210551e-94
606           	-1.547386e-94
607           	-1.083170e-94
608           	-7.582190e-95
609           	-5.307533e-95
610           	-3.715273e-95
611           	-2.600691e-95
612           	-1.820484e-95
613           	-1.274339e-95
614           	-8.920371e-96
615           	-6.244260e-96
616           	-4.370982e-96
617           	-3.059687e-96
618           	-2.141781e-96
619           	-1.499247e-96
620           	-1.049473e-96
621           	-7.346309e-97
622           	-5.142416e-97
623           	-3.599691e-97
624           	-2.519784e-97
625           	-1.763849e-97
626           	-1.234694e-97
627           	-8.642859e-98
628           	-6.050001e-98
629           	-4.235001e-98
630           	-2.964501e-98
631           	-2.075151e-98
632           	-1.452605e-98
633           	-1.016824e-98
634           	-7.117766e-99
635           	-4.982436e-99
636           	-3.487705e-99
637           	-2.441394e-99
638           	-1.708976e-99
639           	-1.196283e-99
640           	-8.373981e-100
641           	-5.861787e-100
642           	-4.103251e-100
643           	-2.872275e-100
644           	-2.010593e-100
645           	-1.407415e-100
646           	-9.851905e-101
647           	-6.896333e-101
648           	-4.827433e-101
649           	-3.379203e-101
650           	-2.365442e-101
651           	-1.655810e-101
652           	-1.159067e-101
653           	-8.113467e-102
654           	-5.679427e-102
655           	-3.975599e-102
656           	-2.782919e-102
657           	-1.948043e-102
658           	-1.363630e-102
659           	-9.545413e-103
660           	-6.681789e-103
661           	-4.677252e-103
662           	-3.274077e-103
663           	-2.291854e-103
664           	-1.604298e-103
665           	-1.123008e-103
666           	-7.861058e-104
667           	-5.502741e-104
668           	-3.851918e-104
669           	-2.696343e-104
670           	-1.887440e-104
671           	-1.321208e-104
672           	-9.248456e-105
673           	-6.473919e-105
674           	-4.531744e-105
675           	-3.172220e-105
676           	-2.220554e-105
677           	-1.554388e-105
678           	-1.088072e-105
679           	-7.616501e-106
680           	-5.331551e-106
681           	-3.732086e-106
682           	-2.612460e-106
683           	-1.828722e-106
684           	-1.280105e-106
685           	-8.960738e-107
686           	-6.272516e-107
687           	-4.390761e-107
688           	-3.073533e-107
689           	-2.151473e-107
690           	-1.506031e-107
691           	-1.054222e-107
692           	-7.379553e-108
693           	-5.165687e-108
694           	-3.615981e-108
695           	-2.531187e-108
696           	-1.771831e-108
697           	-1.240281e-108
698           	-8.681970e-109
699           	-6.077379e-109
700           	-4.254165e-109
701           	-2.977916e-109
702           	-2.084541e-109
703           	-1.459179e-109
704           	-1.021425e-109
705           	-7.149976e-110
706           	-5.004983e-110
707           	-3.503488e-110
708           	-2.452442e-110
709           	-1.716709e-110
710           	-1.201696e-110
711           	-8.411875e-111
712           	-5.888312e-111
713           	-4.121819e-111
714           	-2.885273e-111
715           	-2.019691e-111
716           	-1.413784e-111
717           	-9.896487e-112
718           	-6.927541e-112
719           	-4.849278e-112
720           	-3.394495e-112
721           	-2.376146e-112
722           	-1.663303e-112
723           	-1.164312e-112
724           	-8.150182e-113
725           	-5.705128e-113
726           	-3.993589e-113
727           	-2.795513e-113
728           	-1.956859e-113
729           	-1.369801e-113
730           	-9.588608e-114
731           	-6.712026e-114
732           	-4.698418e-114
733           	-3.288893e-114
734           	-2.302225e-114
735           	-1.611557e-114
736           	-1.128090e-114
737           	-7.896631e-115
738           	-5.527642e-115
739           	-3.869349e-115
740           	-2.708544e-115
741           	-1.895981e-115
742           	-1.327187e-115
743           	-9.290307e-116
744           	-6.503215e-116
745           	-4.552251e-116
746           	-3.186575e-116
747           	-2.230603e-116
748           	-1.561422e-116
749           	-1.092995e-116
750           	-7.650968e-117
751           	-5.355677e-117
752           	-3.748974e-117
753           	-2.624282e-117
754           	-1.836997e-117
755           	-1.285898e-117
756           	-9.001287e-118
757           	-6.300901e-118
758           	-4.410631e-118
759           	-3.087441e-118
760           	-2.161209e-118
761           	-1.512846e-118
762           	-1.058992e-118
763           	-7.412947e-119
764           	-5.189063e-119
765           	-3.632344e-119
766           	-2.542641e-119
767           	-1.779849e-119
768           	-1.245894e-119
769           	-8.721258e-120
770           	-6.104880e-120
771           	-4.273416e-120
772           	-2.991391e-120
773           	-2.093974e-120
774           	-1.465782e-120
775           	-1.026047e-120
776           	-7.182331e-121
777           	-5.027632e-121
778           	-3.519342e-121
779           	-2.463539e-121
780           	-1.724478e-121
781           	-1.207134e-121
782           	-8.449940e-122
783           	-5.914958e-122
784           	-4.140471e-122
785           	-2.898330e-122
786           	-2.028831e-122
787           	-1.420181e-122
788           	-9.941270e-123
789           	-6.958889e-123
790           	-4.871222e-123
791           	-3.409856e-123
792           	-2.386899e-123
793           	-1.670829e-123
794           	-1.169581e-123
795           	-8.187064e-124
796           	-5.730945e-124
797           	-4.011661e-124
798           	-2.808163e-124
799           	-1.965714e-124
800           	-1.376000e-124
801           	-9.631998e-125
802           	-6.742399e-125
803           	-4.719679e-125
804           	-3.303775e-125
805           	-2.312643e-125
806           	-1.618850e-125
807           	-1.133195e-125
808           	-7.932365e-126
809           	-5.552655e-126
810           	-3.886859e-126
811           	-2.720801e-126
812           	-1.904561e-126
813           	-1.333193e-126
814           	-9.332348e-127
815           	-6.532644e-127
816           	-4.572851e-127
817           	-3.200995e-127
818           	-2.240697e-127
819           	-1.568488e-127
820           	-1.097941e-127
821           	-7.685590e-128
822           	-5.379913e-128
823           	-3.765939e-128
824           	-2.636157e-128
825           	-1.845310e-128
826           	-1.291717e-128
827           	-9.042020e-129
828           	-6.329414e-129
829           	-4.430590e-129
830           	-3.101413e-129
831           	-2.170989e-129
832           	-1.519692e-129
833           	-1.063785e-129
834           	-7.446492e-130
835           	-5.212544e-130
836           	-3.648781e-130
837           	-2.554147e-130
838           	-1.787903e-130
839           	-1.251532e-130
840           	-8.760723e-131
841           	-6.132506e-131
842           	-4.292754e-131
843           	-3.004928e-131
844           	-2.103450e-131
845           	-1.472415e-131
846           	-1.030690e-131
847           	-7.214832e-132
848           	-5.050383e-132
849           	-3.535268e-132
850           	-2.474688e-132
851           	-1.732281e-132
852           	-1.212597e-132
853           	-8.488178e-133
854           	-5.941725e-133
855           	-4.159207e-133
856           	-2.911445e-133
857           	-2.038012e-133
858           	-1.426608e-133
859           	-9.986257e-134
860           	-6.990380e-134
861           	-4.893266e-134
862           	-3.425286e-134
863           	-2.397700e-134
864           	-1.678390e-134
865           	-1.174873e-134
866           	-8.224112e-135
867           	-5.756878e-135
868           	-4.029815e-135
869           	-2.820870e-135
870           	-1.974609e-135
871           	-1.382226e-135
872           	-9.675585e-136
873           	-6.772910e-136
874           	-4.741037e-136
875           	-3.318726e-136
876           	-2.323108e-136
877           	-1.626176e-136
878           	-1.138323e-136
879           	-7.968261e-137
880           	-5.577782e-137
881           	-3.904448e-137
882           	-2.733113e-137
883           	-1.913179e-137
884           	-1.339226e-137
885           	-9.374579e-138
886           	-6.562205e-138
887           	-4.593544e-138
888           	-3.215481e-138
889           	-2.250836e-138
890           	-1.575585e-138
891           	-1.102910e-138
892           	-7.720369e-139
893           	-5.404258e-139
894           	-3.782981e-139
895           	-2.648086e-139
896           	-1.853661e-139
897           	-1.297562e-139
898           	-9.082937e-140
899           	-6.358056e-140
900           	-4.450639e-140
901           	-3.115447e-140
902           	-2.180813e-140
903           	-1.526569e-140
904           	-1.068598e-140
905           	-7.480189e-141
906           	-5.236132e-141
907           	-3.665293e-141
908           	-2.565705e-141
909           	-1.795993e-141
910           	-1.257195e-141
911           	-8.800367e-142
912           	-6.160257e-142
913           	-4.312180e-142
914           	-3.018526e-142
915           	-2.112968e-142
916           	-1.479078e-142
917           	-1.035354e-142
918           	-7.247481e-143
919           	-5.073237e-143
920           	-3.551266e-143
921           	-2.485886e-143
922           	-1.740120e-143
923           	-1.218084e-143
924           	-8.526589e-144
925           	-5.968612e-144
926           	-4.178029e-144
927           	-2.924620e-144
928           	-2.047234e-144
929           	-1.433064e-144
930           	-1.003145e-144
931           	-7.022013e-145
932           	-4.915409e-145
933           	-3.440786e-145
934           	-2.408550e-145
935           	-1.685985e-145
936           	-1.180190e-145
937           	-8.261328e-146
938           	-5.782929e-146
939           	-4.048051e-146
940           	-2.833635e-146
941           	-1.983545e-146
942           	-1.388481e-146
943           	-9.719369e-147
944           	-6.803559e-147
945           	-4.762491e-147
946           	-3.333744e-147
947           	-2.333621e-147
948           	-1.633534e-147
949           	-1.143474e-147
950           	-8.004319e-148
951           	-5.603023e-148
952           	-3.922116e-148
953           	-2.745481e-148
954           	-1.921837e-148
955           	-1.345286e-148
956           	-9.417001e-149
957           	-6.591901e-149
958           	-4.614330e-149
959           	-3.230031e-149
960           	-2.261022e-149
961           	-1.582715e-149
962           	-1.107901e-149
963           	-7.755305e-150
964           	-5.428714e-150
965           	-3.800099e-150
966           	-2.660070e-150
967           	-1.862049e-150
968           	-1.303434e-150
969           	-9.124039e-151
970           	-6.386827e-151
971           	-4.470779e-151
972           	-3.129545e-151
973           	-2.190682e-151
974           	-1.533477e-151
975           	-1.073434e-151
976           	-7.514038e-152
977           	-5.259827e-152
978           	-3.681879e-152
979           	-2.577315e-152
980           	-1.804121e-152
981           	-1.262884e-152
982           	-8.840191e-153
983           	-6.188134e-153
984           	-4.331694e-153
985           	-3.032186e-153
986           	-2.122530e-153
987           	-1.485771e-153
988           	-1.040040e-153
989           	-7.280277e-154
990           	-5.096194e-154
991           	-3.567336e-154
992           	-2.497135e-154
993           	-1.747995e-154
994           	-1.223596e-154
995           	-8.565174e-155
996           	-5.995621e-155
997           	-4.196935e-155
998           	-2.937855e-155
999           	-2.056498e-155
1000          	-1.439549e-155
1001          	-1.007684e-155
1002          	-7.053789e-156
1003          	-4.937652e-156
1004          	-3.456356e-156
1005          	-2.419450e-156
1006          	-1.693615e-156
1007          	-1.185530e-156
1008          	-8.298712e-157
1009          	-5.809098e-157
1010          	-4.066369e-157
1011          	-2.846458e-157
1012          	-1.992521e-157
1013          	-1.394765e-157
1014          	-9.763352e-158
1015          	-6.834346e-158
1016          	-4.784042e-158
1017          	-3.348830e-158
1018          	-2.344181e-158
1019          	-1.640926e-158
1020          	-1.148649e-158
1021          	-8.040540e-159
1022          	-5.628378e-159
1023          	-3.939865e-159
1024          	-2.757905e-159
1025          	-1.930534e-159
1026          	-1.351374e-159
1027          	-9.459615e-160
1028          	-6.621730e-160
1029          	-4.635211e-160
1030          	-3.244648e-160
1031          	-2.271253e-160
1032          	-1.589877e-160
1033          	-1.112914e-160
1034          	-7.790399e-161
1035          	-5.453280e-161
1036          	-3.817296e-161
1037          	-2.672107e-161
1038          	-1.870475e-161
1039          	-1.309332e-161
1040          	-9.165327e-162
1041          	-6.415729e-162
1042          	-4.491010e-162
1043          	-3.143707e-162
1044          	-2.200595e-162
1045          	-1.540417e-162
1046          	-1.078292e-162
1047          	-7.548041e-163
1048          	-5.283629e-163
1049          	-3.698540e-163
1050          	-2.588978e-163
1051          	-1.812285e-163
1052          	-1.268599e-163
1053          	-8.880195e-164
1054          	-6.216136e-164
1055          	-4.351295e-164
1056          	-3.045907e-164
1057          	-2.132135e-164
1058          	-1.492494e-164
1059          	-1.044746e-164
1060          	-7.313222e-165
1061          	-5.119256e-165
1062          	-3.583479e-165
1063          	-2.508435e-165
1064          	-1.755905e-165
1065          	-1.229133e-165
1066          	-8.603933e-166
1067          	-6.022753e-166
1068          	-4.215927e-166
1069          	-2.951149e-166
1070          	-2.065804e-166
1071          	-1.446063e-166
1072          	-1.012244e-166
1073          	-7.085709e-167
1074          	-4.959996e-167
1075          	-3.471997e-167
1076          	-2.430398e-167
1077          	-1.701279e-167
1078          	-1.190895e-167
1079          	-8.336265e-168
1080          	-5.835386e-168
1081          	-4.084770e-168
1082          	-2.859339e-168
1083          	-2.001537e-168
1084          	-1.401076e-168
1085          	-9.807533e-169
1086          	-6.865273e-169
1087          	-4.805691e-169
1088          	-3.363984e-169
1089          	-2.354789e-169
1090          	-1.648352e-169
1091          	-1.153846e-169
1092          	-8.076925e-170
1093          	-5.653847e-170
1094          	-3.957693e-170
1095          	-2.770385e-170
1096          	-1.939270e-170
1097          	-1.357489e-170
1098          	-9.502421e-171
1099          	-6.651695e-171
1100          	-4.656187e-171
1101          	-3.259331e-171
1102          	-2.281531e-171
1103          	-1.597072e-171
1104          	-1.117950e-171
1105          	-7.825653e-172
1106          	-5.477957e-172
1107          	-3.834570e-172
1108          	-2.684199e-172
1109          	-1.878939e-172
1110          	-1.315257e-172
1111          	-9.206802e-173
1112          	-6.444761e-173
1113          	-4.511333e-173
1114          	-3.157933e-173
1115          	-2.210553e-173
1116          	-1.547387e-173
1117          	-1.083171e-173
1118          	-7.582197e-174
1119          	-5.307538e-174
1120          	-3.715277e-174
1121          	-2.600694e-174
1122          	-1.820486e-174
1123          	-1.274340e-174
1124          	-8.920379e-175
1125          	-6.244266e-175
1126          	-4.370986e-175
1127          	-3.059690e-175
1128          	-2.141783e-175
1129          	-1.499248e-175
1130          	-1.049474e-175
1131          	-7.346316e-176
1132          	-5.142421e-176
1133          	-3.599695e-176
1134          	-2.519786e-176
1135          	-1.763850e-176
1136          	-1.234695e-176
1137          	-8.642867e-177
1138          	-6.050007e-177
1139          	-4.235005e-177
1140          	-2.964504e-177
1141          	-2.075152e-177
1142          	-1.452607e-177
1143          	-1.016825e-177
1144          	-7.117773e-178
1145          	-4.982441e-178
1146          	-3.487709e-178
1147          	-2.441396e-178
1148          	-1.708977e-178
1149          	-1.196284e-178
1150          	-8.373989e-179
1151          	-5.861792e-179
1152          	-4.103254e-179
1153          	-2.872278e-179
1154          	-2.010595e-179
1155          	-1.407416e-179
1156          	-9.851914e-180
1157          	-6.896340e-180
1158          	-4.827438e-180
1159          	-3.379206e-180
1160          	-2.365445e-180
1161          	-1.655811e-180
1162          	-1.159068e-180
1163          	-8.113475e-181
1164          	-5.679432e-181
1165          	-3.975603e-181
1166          	-2.782922e-181
1167          	-1.948045e-181
1168          	-1.363632e-181
1169          	-9.545422e-182
1170          	-6.681795e-182
1171          	-4.677257e-182
1172          	-3.274080e-182
1173          	-2.291856e-182
1174          	-1.604299e-182
1175          	-1.123009e-182
1176          	-7.861065e-183
1177          	-5.502746e-183
1178          	-3.851922e-183
1179          	-2.696345e-183
1180          	-1.887442e-183
1181          	-1.321209e-183
1182          	-9.248465e-184
1183          	-6.473925e-184
1184          	-4.531748e-184
1185          	-3.172223e-184
1186          	-2.220556e-184
1187          	-1.554389e-184
1188          	-1.088073e-184
1189          	-7.616508e-185
1190          	-5.331556e-185
1191          	-3.732089e-185
1192          	-2.612462e-185
1193          	-1.828724e-185
1194          	-1.280107e-185
1195          	-8.960746e-186
1196          	-6.272522e-186
1197          	-4.390766e-186
1198          	-3.073536e-186
1199          	-2.151475e-186
1200          	-1.506033e-186
1201          	-1.054223e-186
1202          	-7.379560e-187
1203          	-5.165692e-187
1204          	-3.615984e-187
1205          	-2.531189e-187
1206          	-1.771832e-187
1207          	-1.240283e-187
1208          	-8.681978e-188
1209          	-6.077385e-188
1210          	-4.254169e-188
1211          	-2.977919e-188
1212          	-2.084543e-188
1213          	-1.459180e-188
1214          	-1.021426e-188
1215          	-7.149982e-189
1216          	-5.004988e-189
1217          	-3.503491e-189
1218          	-2.452444e-189
1219          	-1.716711e-189
1220          	-1.201698e-189
1221          	-8.411883e-190
1222          	-5.888318e-190
1223          	-4.121823e-190
1224          	-2.885276e-190
1225          	-2.019693e-190
1226          	-1.413785e-190
1227          	-9.896496e-191
1228          	-6.927547e-191
1229          	-4.849283e-191
1230          	-3.394498e-191
1231          	-2.376149e-191
1232          	-1.663304e-191
1233          	-1.164313e-191
1234          	-8.150190e-192
1235          	-5.705133e-192
1236          	-3.993593e-192
1237          	-2.795515e-192
1238          	-1.956861e-192
1239          	-1.369802e-192
1240          	-9.588617e-193
1241          	-6.712032e-193
1242          	-4.698422e-193
1243          	-3.288896e-193
1244          	-2.302227e-193
1245          	-1.611559e-193
1246          	-1.128091e-193
1247          	-7.896638e-194
1248          	-5.527647e-194
1249          	-3.869353e-194
1250          	-2.708547e-194
1251          	-1.895983e-194
1252          	-1.327188e-194
1253          	-9.290316e-195
1254          	-6.503221e-195
1255          	-4.552255e-195
1256          	-3.186578e-195
1257          	-2.230605e-195
1258          	-1.561423e-195
1259          	-1.092996e-195
1260          	-7.650975e-196
1261          	-5.355682e-196
1262          	-3.748978e-196
1263          	-2.624284e-196
1264          	-1.836999e-196
1265          	-1.285899e-196
1266          	-9.001295e-197
1267          	-6.300907e-197
1268          	-4.410635e-197
1269          	-3.087444e-197
1270          	-2.161211e-197
1271          	-1.512848e-197
1272          	-1.058993e-197
1273          	-7.412954e-198
1274          	-5.189068e-198
1275          	-3.632347e-198
1276          	-2.542643e-198
1277          	-1.779850e-198
1278          	-1.245895e-198
1279          	-8.721266e-199
1280          	-6.104886e-199
1281          	-4.273420e-199
1282          	-2.991394e-199
1283          	-2.093976e-199
1284          	-1.465783e-199
1285          	-1.026048e-199
1286          	-7.182338e-200
1287          	-5.027636e-200
1288          	-3.519345e-200
1289          	-2.463542e-200
1290          	-1.724479e-200
1291          	-1.207135e-200
1292          	-8.449948e-201
1293          	-5.914964e-201
1294          	-4.140475e-201
1295          	-2.898332e-201
1296          	-2.028833e-201
1297          	-1.420183e-201
1298          	-9.941280e-202
1299          	-6.958896e-202
1300          	-4.871227e-202
1301          	-3.409859e-202
1302          	-2.386901e-202
1303          	-1.670831e-202
1304          	-1.169582e-202
1305          	-8.187071e-203
1306          	-5.730950e-203
1307          	-4.011665e-203
1308          	-2.808165e-203
1309          	-1.965716e-203
1310          	-1.376001e-203
1311          	-9.632007e-204
1312          	-6.742405e-204
1313          	-4.719684e-204
1314          	-3.303779e-204
1315          	-2.312645e-204
1316          	-1.618851e-204
1317          	-1.133196e-204
1318          	-7.932372e-205
1319          	-5.552661e-205
1320          	-3.886862e-205
1321          	-2.720804e-205
1322          	-1.904563e-205
1323          	-1.333194e-205
1324          	-9.332357e-206
1325          	-6.532650e-206
1326          	-4.572855e-206
1327          	-3.200998e-206
1328          	-2.240699e-206
1329          	-1.568489e-206
1330          	-1.097942e-206
1331          	-7.685597e-207
1332          	-5.379918e-207
1333          	-3.765943e-207
1334          	-2.636160e-207
1335          	-1.845312e-207
1336          	-1.291718e-207
1337          	-9.042028e-208
1338          	-6.329420e-208
1339          	-4.430594e-208
1340          	-3.101416e-208
1341          	-2.170991e-208
1342          	-1.519694e-208
1343          	-1.063786e-208
1344          	-7.446499e-209
1345          	-5.212549e-209
1346          	-3.648784e-209
1347          	-2.554149e-209
1348          	-1.787904e-209
1349          	-1.251533e-209
1350          	-8.760732e-210
1351          	-6.132512e-210
1352          	-4.292758e-210
1353          	-3.004931e-210
1354          	-2.103452e-210
1355          	-1.472416e-210
1356          	-1.030691e-210
1357          	-7.214839e-211
1358          	-5.050387e-211
1359          	-3.535271e-211
1360          	-2.474690e-211
1361          	-1.732283e-211
1362          	-1.212598e-211
1363          	-8.488186e-212
1364          	-5.941730e-212
1365          	-4.159211e-212
1366          	-2.911448e-212
1367          	-2.038013e-212
1368          	-1.426609e-212
1369          	-9.986266e-213
1370          	-6.990386e-213
1371          	-4.893270e-213
1372          	-3.425289e-213
1373          	-2.397702e-213
1374          	-1.678392e-213
1375          	-1.174874e-213
1376          	-8.224120e-214
1377          	-5.756884e-214
1378          	-4.029819e-214
1379          	-2.820873e-214
1380          	-1.974611e-214
1381          	-1.382228e-214
1382          	-9.675594e-215
1383          	-6.772916e-215
1384          	-4.741041e-215
1385          	-3.318729e-215
1386          	-2.323110e-215
1387          	-1.626177e-215
1388          	-1.138324e-215
1389          	-7.968268e-216
1390          	-5.577788e-216
1391          	-3.904451e-216
1392          	-2.733116e-216
1393          	-1.913181e-216
1394          	-1.339227e-216
1395          	-9.374588e-217
1396          	-6.562211e-217
1397          	-4.593548e-217
1398          	-3.215484e-217
1399          	-2.250838e-217
1400          	-1.575587e-217
1401          	-1.102911e-217
1402          	-7.720376e-218
1403          	-5.404263e-218
1404          	-3.782984e-218
1405          	-2.648089e-218
1406          	-1.853662e-218
1407          	-1.297564e-218
1408          	-9.082945e-219
1409          	-6.358062e-219
1410          	-4.450643e-219
1411          	-3.115450e-219
1412          	-2.180815e-219
1413          	-1.526571e-219
1414          	-1.068599e-219
1415          	-7.480196e-220
1416          	-5.236137e-220
1417          	-3.665296e-220
1418          	-2.565707e-220
1419          	-1.795995e-220
1420          	-1.257197e-220
1421          	-8.800376e-221
1422          	-6.160263e-221
1423          	-4.312184e-221
1424          	-3.018529e-221
1425          	-2.112970e-221
1426          	-1.479079e-221
1427          	-1.035355e-221
1428          	-7.247488e-222
1429          	-5.073241e-222
1430          	-3.551269e-222
1431          	-2.485888e-222
1432          	-1.740122e-222
1433          	-1.218085e-222
1434          	-8.526597e-223
1435          	-5.968618e-223
1436          	-4.178032e-223
1437          	-2.924623e-223
1438          	-2.047236e-223
1439          	-1.433065e-223
1440          	-1.003146e-223
1441          	-7.022019e-224
1442          	-4.915413e-224
1443          	-3.440789e-224
1444          	-2.408553e-224
1445          	-1.685987e-224
1446          	-1.180191e-224
1447          	-8.261335e-225
1448          	-5.782935e-225
1449          	-4.048054e-225
1450          	-2.833638e-225
1451          	-1.983547e-225
1452          	-1.388483e-225
1453          	-9.719378e-226
1454          	-6.803565e-226
1455          	-4.762495e-226
1456          	-3.333747e-226
1457          	-2.333623e-226
1458          	-1.633536e-226
1459          	-1.143475e-226
1460          	-8.004326e-227
1461          	-5.603028e-227
1462          	-3.922120e-227
1463          	-2.745484e-227
1464          	-1.921839e-227
1465          	-1.345287e-227
1466          	-9.417010e-228
1467          	-6.591907e-228
1468          	-4.614335e-228
1469          	-3.230034e-228
1470          	-2.261024e-228
1471          	-1.582717e-228
1472          	-1.107902e-228
1473          	-7.755312e-229
1474          	-5.428719e-229
1475          	-3.800103e-229
1476          	-2.660072e-229
1477          	-1.862050e-229
1478          	-1.303435e-229
1479          	-9.124047e-230
1480          	-6.386833e-230
1481          	-4.470783e-230
1482          	-3.129548e-230
1483          	-2.190684e-230
1484          	-1.533479e-230
1485          	-1.073435e-230
1486          	-7.514045e-231
1487          	-5.259832e-231
1488          	-3.681882e-231
1489          	-2.577318e-231
1490          	-1.804122e-231
1491          	-1.262886e-231
1492          	-8.840199e-232
1493          	-6.188139e-232
1494          	-4.331698e-232
1495          	-3.032188e-232
1496          	-2.122532e-232
1497          	-1.485772e-232
1498          	-1.040041e-232
1499          	-7.280284e-233
1500          	-5.096199e-233
1501          	-3.567339e-233
1502          	-2.497137e-233
1503          	-1.747996e-233
1504          	-1.223597e-233
1505          	-8.565182e-234
1506          	-5.995627e-234
1507          	-4.196939e-234
1508          	-2.937857e-234
1509          	-2.056500e-234
1510          	-1.439550e-234
1511          	-1.007685e-234
1512          	-7.053795e-235
1513          	-4.937657e-235
1514          	-3.456360e-235
1515          	-2.419452e-235
1516          	-1.693616e-235
1517          	-1.185531e-235
1518          	-8.298720e-236
1519          	-5.809104e-236
1520          	-4.066373e-236
1521          	-2.846461e-236
1522          	-1.992523e-236
1523          	-1.394766e-236
1524          	-9.763361e-237
1525          	-6.834352e-237
1526          	-4.784047e-237
1527          	-3.348833e-237
1528          	-2.344183e-237
1529          	-1.640928e-237
1530          	-1.148650e-237
1531          	-8.040547e-238
1532          	-5.628383e-238
1533          	-3.939868e-238
1534          	-2.757908e-238
1535          	-1.930535e-238
1536          	-1.351375e-238
1537          	-9.459624e-239
1538          	-6.621737e-239
1539          	-4.635216e-239
1540          	-3.244651e-239
1541          	-2.271256e-239
1542          	-1.589879e-239
1543          	-1.112915e-239
1544          	-7.790407e-240
1545          	-5.453285e-240
1546          	-3.817299e-240
1547          	-2.672110e-240
1548          	-1.870477e-240
1549          	-1.309334e-240
1550          	-9.165336e-241
1551          	-6.415735e-241
1552          	-4.491014e-241
1553          	-3.143710e-241
1554          	-2.200597e-241
1555          	-1.540418e-241
1556          	-1.078293e-241
1557          	-7.548048e-242
1558          	-5.283634e-242
1559          	-3.698544e-242
1560          	-2.588980e-242
1561          	-1.812286e-242
1562          	-1.268600e-242
1563          	-8.880203e-243
1564          	-6.216142e-243
1565          	-4.351299e-243
1566          	-3.045910e-243
1567          	-2.132137e-243
1568          	-1.492496e-243
1569          	-1.044747e-243
1570          	-7.313229e-244
1571          	-5.119260e-244
1572          	-3.583482e-244
1573          	-2.508438e-244
1574          	-1.755906e-244
1575          	-1.229134e-244
1576          	-8.603941e-245
1577          	-6.022759e-245
1578          	-4.215931e-245
1579          	-2.951152e-245
1580          	-2.065806e-245
1581          	-1.446064e-245
1582          	-1.012245e-245
1583          	-7.085715e-246
1584          	-4.960001e-246
1585          	-3.472000e-246
1586          	-2.430400e-246
1587          	-1.701280e-246
1588          	-1.190896e-246
1589          	-8.336273e-247
1590          	-5.835391e-247
1591          	-4.084774e-247
1592          	-2.859342e-247
1593          	-2.001539e-247
1594          	-1.401077e-247
1595          	-9.807542e-248
1596          	-6.865279e-248
1597          	-4.805696e-248
1598          	-3.363987e-248
1599          	-2.354791e-248
1600          	-1.648354e-248
1601          	-1.153848e-248
1602          	-8.076933e-249
1603          	-5.653853e-249
1604          	-3.957697e-249
1605          	-2.770388e-249
1606          	-1.939272e-249
1607          	-1.357490e-249
1608          	-9.502430e-250
1609          	-6.651701e-250
1610          	-4.656191e-250
1611          	-3.259334e-250
1612          	-2.281534e-250
1613          	-1.597073e-250
1614          	-1.117951e-250
1615          	-7.825660e-251
1616          	-5.477962e-251
1617          	-3.834573e-251
1618          	-2.684201e-251
1619          	-1.878941e-251
1620          	-1.315259e-251
1621          	-9.206811e-252
1622          	-6.444768e-252
1623          	-4.511337e-252
1624          	-3.157936e-252
1625          	-2.210555e-252
1626          	-1.547389e-252
1627          	-1.083172e-252
1628          	-7.582205e-253
1629          	-5.307543e-253
1630          	-3.715280e-253
1631          	-2.600696e-253
1632          	-1.820487e-253
1633          	-1.274341e-253
1634          	-8.920388e-254
1635          	-6.244271e-254
1636          	-4.370990e-254
1637          	-3.059693e-254
1638          	-2.141785e-254
1639          	-1.499250e-254
1640          	-1.049475e-254
1641          	-7.346323e-255
1642          	-5.142426e-255
1643          	-3.599698e-255
1644          	-2.519789e-255
1645          	-1.763852e-255
1646          	-1.234696e-255
1647          	-8.642875e-256
1648          	-6.050013e-256
1649          	-4.235009e-256
1650          	-2.964506e-256
1651          	-2.075154e-256
1652          	-1.452608e-256
1653          	-1.016826e-256
1654          	-7.117780e-257
1655          	-4.982446e-257
1656          	-3.487712e-257
1657          	-2.441398e-257
1658          	-1.708979e-257
1659          	-1.196285e-257
1660          	-8.373997e-258
1661          	-5.861798e-258
1662          	-4.103258e-258
1663          	-2.872281e-258
1664          	-2.010597e-258
1665          	-1.407418e-258
1666          	-9.851923e-259
1667          	-6.896346e-259
1668          	-4.827442e-259
1669          	-3.379210e-259
1670          	-2.365447e-259
1671          	-1.655813e-259
1672          	-1.159069e-259
1673          	-8.113482e-260
1674          	-5.679438e-260
1675          	-3.975606e-260
1676          	-2.782924e-260
1677          	-1.948047e-260
1678          	-1.363633e-260
1679          	-9.545431e-261
1680          	-6.681802e-261
1681          	-4.677261e-261
1682          	-3.274083e-261
1683          	-2.291858e-261
1684          	-1.604301e-261
1685          	-1.123010e-261
1686          	-7.861073e-262
1687          	-5.502751e-262
1688          	-3.851926e-262
1689          	-2.696348e-262
1690          	-1.887444e-262
1691          	-1.321211e-262
1692          	-9.248474e-263
1693          	-6.473931e-263
1694          	-4.531752e-263
1695          	-3.172226e-263
1696          	-2.220558e-263
1697          	-1.554391e-263
1698          	-1.088074e-263
1699          	-7.616516e-264
1700          	-5.331561e-264
1701          	-3.732093e-264
1702          	-2.612465e-264
1703          	-1.828725e-264
1704          	-1.280108e-264
1705          	-8.960754e-265
1706          	-6.272528e-265
1707          	-4.390770e-265
1708          	-3.073539e-265
1709          	-2.151477e-265
1710          	-1.506034e-265
1711          	-1.054224e-265
1712          	-7.379567e-266
1713          	-5.165697e-266
1714          	-3.615988e-266
1715          	-2.531191e-266
1716          	-1.771834e-266
1717          	-1.240284e-266
1718          	-8.681986e-267
1719          	-6.077390e-267
1720          	-4.254173e-267
1721          	-2.977921e-267
1722          	-2.084545e-267
1723          	-1.459181e-267
1724          	-1.021427e-267
1725          	-7.149989e-268
1726          	-5.004992e-268
1727          	-3.503495e-268
1728          	-2.452446e-268
1729          	-1.716712e-268
1730          	-1.201699e-268
1731          	-8.411891e-269
1732          	-5.888323e-269
1733          	-4.121826e-269
1734          	-2.885278e-269
1735          	-2.019695e-269
1736          	-1.413786e-269
1737          	-9.896505e-270
1738          	-6.927554e-270
1739          	-4.849288e-270
1740          	-3.394501e-270
1741          	-2.376151e-270
1742          	-1.663306e-270
1743          	-1.164314e-270
1744          	-8.150198e-271
1745          	-5.705138e-271
1746          	-3.993597e-271
1747          	-2.795518e-271
1748          	-1.956862e-271
1749          	-1.369804e-271
1750          	-9.588626e-272
1751          	-6.712038e-272
1752          	-4.698427e-272
1753          	-3.288899e-272
1754          	-2.302229e-272
1755          	-1.611560e-272
