# Region type : patch ent
# Faces  :    96
# Area   :    1.250000e-07
# Time        	areaAverage(p)
0             	0.000000e+00
1             	0.000000e+00
2             	0.000000e+00
3             	0.000000e+00
4             	0.000000e+00
5             	-7.146949e-02
6             	-5.306567e-02
7             	-4.465576e-02
8             	-3.566269e-02
9             	-2.794064e-02
10            	-1.994702e-02
11            	-1.398588e-02
12            	-9.790115e-03
13            	-6.853080e-03
14            	-4.797156e-03
15            	-3.358009e-03
16            	-2.350607e-03
17            	-1.850140e-03
18            	-1.296459e-03
19            	-9.088199e-04
20            	-6.372859e-04
21            	-4.469300e-04
22            	-3.128510e-04
23            	-2.189957e-04
24            	-1.532970e-04
25            	-1.073079e-04
26            	-7.511552e-05
27            	-5.258087e-05
28            	-3.680661e-05
29            	-2.576462e-05
30            	-1.803524e-05
31            	-1.262467e-05
32            	-8.837266e-06
33            	-6.186086e-06
34            	-4.330260e-06
35            	-3.031182e-06
36            	-2.121828e-06
37            	-1.485279e-06
38            	-1.039696e-06
39            	-7.277869e-07
40            	-5.094508e-07
41            	-3.566156e-07
42            	-2.496309e-07
43            	-1.747416e-07
44            	-1.223191e-07
45            	-8.562340e-08
46            	-5.993638e-08
47            	-4.195547e-08
48            	-2.936883e-08
49            	-2.055818e-08
50            	-1.439072e-08
51            	-1.007351e-08
52            	-7.051455e-09
53            	-4.936019e-09
54            	-3.455213e-09
55            	-2.418649e-09
56            	-1.693054e-09
57            	-1.185138e-09
58            	-8.295966e-10
59            	-5.807176e-10
60            	-4.065023e-10
61            	-2.845516e-10
62            	-1.991862e-10
63            	-1.394303e-10
64            	-9.760121e-11
65            	-6.832085e-11
66            	-4.782459e-11
67            	-3.347722e-11
68            	-2.343405e-11
69            	-1.640384e-11
70            	-1.148269e-11
71            	-8.037880e-12
72            	-5.626516e-12
73            	-3.938561e-12
74            	-2.756993e-12
75            	-1.929895e-12
76            	-1.350926e-12
77            	-9.456485e-13
78            	-6.619540e-13
79            	-4.633678e-13
80            	-3.243574e-13
81            	-2.270502e-13
82            	-1.589351e-13
83            	-1.112546e-13
84            	-7.787822e-14
85            	-5.451475e-14
86            	-3.816033e-14
87            	-2.671223e-14
88            	-1.869856e-14
89            	-1.308899e-14
90            	-9.162295e-15
91            	-6.413606e-15
92            	-4.489524e-15
93            	-3.142667e-15
94            	-2.199867e-15
95            	-1.539907e-15
96            	-1.077935e-15
97            	-7.545544e-16
98            	-5.281881e-16
99            	-3.697316e-16
100           	-2.588121e-16
101           	-1.811685e-16
102           	-1.268180e-16
103           	-8.877257e-17
104           	-6.214080e-17
105           	-4.349856e-17
106           	-3.044899e-17
107           	-2.131429e-17
108           	-1.492001e-17
109           	-1.044400e-17
110           	-7.310803e-18
111           	-5.117562e-18
112           	-3.582293e-18
113           	-2.507605e-18
114           	-1.755324e-18
115           	-1.228727e-18
116           	-8.601086e-19
117           	-6.020760e-19
118           	-4.214532e-19
119           	-2.950173e-19
120           	-2.065121e-19
121           	-1.445585e-19
122           	-1.011909e-19
123           	-7.083364e-20
124           	-4.958355e-20
125           	-3.470849e-20
126           	-2.429594e-20
127           	-1.700716e-20
128           	-1.190501e-20
129           	-8.333507e-21
130           	-5.833455e-21
131           	-4.083419e-21
132           	-2.858393e-21
133           	-2.000875e-21
134           	-1.400613e-21
135           	-9.804288e-22
136           	-6.863002e-22
137           	-4.804101e-22
138           	-3.362871e-22
139           	-2.354010e-22
140           	-1.647807e-22
141           	-1.153465e-22
142           	-8.074253e-23
143           	-5.651977e-23
144           	-3.956384e-23
145           	-2.769469e-23
146           	-1.938628e-23
147           	-1.357040e-23
148           	-9.499278e-24
149           	-6.649494e-24
150           	-4.654646e-24
151           	-3.258252e-24
152           	-2.280777e-24
153           	-1.596544e-24
154           	-1.117581e-24
155           	-7.823064e-25
156           	-5.476145e-25
157           	-3.833301e-25
158           	-2.683311e-25
159           	-1.878318e-25
160           	-1.314822e-25
161           	-9.203756e-26
162           	-6.442629e-26
163           	-4.509840e-26
164           	-3.156888e-26
165           	-2.209822e-26
166           	-1.546875e-26
167           	-1.082813e-26
168           	-7.579689e-27
169           	-5.305782e-27
170           	-3.714048e-27
171           	-2.599833e-27
172           	-1.819883e-27
173           	-1.273918e-27
174           	-8.917428e-28
175           	-6.242200e-28
176           	-4.369540e-28
177           	-3.058678e-28
178           	-2.141075e-28
179           	-1.498752e-28
180           	-1.049127e-28
181           	-7.343886e-29
182           	-5.140720e-29
183           	-3.598504e-29
184           	-2.518953e-29
185           	-1.763267e-29
186           	-1.234287e-29
187           	-8.640008e-30
188           	-6.048006e-30
189           	-4.233604e-30
190           	-2.963523e-30
191           	-2.074466e-30
192           	-1.452126e-30
193           	-1.016488e-30
194           	-7.115418e-31
195           	-4.980793e-31
196           	-3.486555e-31
197           	-2.440588e-31
198           	-1.708412e-31
199           	-1.195888e-31
200           	-8.371218e-32
201           	-5.859853e-32
202           	-4.101897e-32
203           	-2.871328e-32
204           	-2.009929e-32
205           	-1.406951e-32
206           	-9.848654e-33
207           	-6.894058e-33
208           	-4.825841e-33
209           	-3.378088e-33
210           	-2.364662e-33
211           	-1.655263e-33
212           	-1.158684e-33
213           	-8.110790e-34
214           	-5.677553e-34
215           	-3.974287e-34
216           	-2.782001e-34
217           	-1.947401e-34
218           	-1.363181e-34
219           	-9.542264e-35
220           	-6.679585e-35
221           	-4.675709e-35
222           	-3.272997e-35
223           	-2.291098e-35
224           	-1.603768e-35
225           	-1.122638e-35
226           	-7.858465e-36
227           	-5.500925e-36
228           	-3.850648e-36
229           	-2.695453e-36
230           	-1.886817e-36
231           	-1.320772e-36
232           	-9.245405e-37
233           	-6.471784e-37
234           	-4.530248e-37
235           	-3.171174e-37
236           	-2.219822e-37
237           	-1.553875e-37
238           	-1.087713e-37
239           	-7.613989e-38
240           	-5.329792e-38
241           	-3.730854e-38
242           	-2.611598e-38
243           	-1.828119e-38
244           	-1.279683e-38
245           	-8.957781e-39
246           	-6.270447e-39
247           	-4.389313e-39
248           	-3.072519e-39
249           	-2.150763e-39
250           	-1.505534e-39
251           	-1.053874e-39
252           	-7.377118e-40
253           	-5.163983e-40
254           	-3.614788e-40
255           	-2.530352e-40
256           	-1.771246e-40
257           	-1.239872e-40
258           	-8.679106e-41
259           	-6.075374e-41
260           	-4.252762e-41
261           	-2.976933e-41
262           	-2.083853e-41
263           	-1.458697e-41
264           	-1.021088e-41
265           	-7.147617e-42
266           	-5.003332e-42
267           	-3.502332e-42
268           	-2.451633e-42
269           	-1.716143e-42
270           	-1.201300e-42
271           	-8.409100e-43
272           	-5.886370e-43
273           	-4.120459e-43
274           	-2.884321e-43
275           	-2.019025e-43
276           	-1.413317e-43
277           	-9.893222e-44
278           	-6.925255e-44
279           	-4.847679e-44
280           	-3.393375e-44
281           	-2.375363e-44
282           	-1.662754e-44
283           	-1.163928e-44
284           	-8.147493e-45
285           	-5.703245e-45
286           	-3.992272e-45
287           	-2.794590e-45
288           	-1.956213e-45
289           	-1.369349e-45
290           	-9.585445e-46
291           	-6.709811e-46
292           	-4.696868e-46
293           	-3.287808e-46
294           	-2.301465e-46
295           	-1.611026e-46
296           	-1.127718e-46
297           	-7.894026e-47
298           	-5.525818e-47
299           	-3.868073e-47
300           	-2.707651e-47
301           	-1.895356e-47
302           	-1.326749e-47
303           	-9.287242e-48
304           	-6.501070e-48
305           	-4.550749e-48
306           	-3.185524e-48
307           	-2.229867e-48
308           	-1.560907e-48
309           	-1.092635e-48
310           	-7.648444e-49
311           	-5.353910e-49
312           	-3.747737e-49
313           	-2.623416e-49
314           	-1.836391e-49
315           	-1.285474e-49
316           	-8.998317e-50
317           	-6.298822e-50
318           	-4.409175e-50
319           	-3.086423e-50
320           	-2.160496e-50
321           	-1.512347e-50
322           	-1.058643e-50
323           	-7.410501e-51
324           	-5.187351e-51
325           	-3.631146e-51
326           	-2.541802e-51
327           	-1.779261e-51
328           	-1.245483e-51
329           	-8.718381e-52
330           	-6.102866e-52
331           	-4.272006e-52
332           	-2.990405e-52
333           	-2.093283e-52
334           	-1.465298e-52
335           	-1.025709e-52
336           	-7.179961e-53
337           	-5.025973e-53
338           	-3.518181e-53
339           	-2.462727e-53
340           	-1.723909e-53
341           	-1.206736e-53
342           	-8.447153e-54
343           	-5.913007e-54
344           	-4.139105e-54
345           	-2.897373e-54
346           	-2.028161e-54
347           	-1.419713e-54
348           	-9.937991e-55
349           	-6.956593e-55
350           	-4.869615e-55
351           	-3.408731e-55
352           	-2.386112e-55
353           	-1.670278e-55
354           	-1.169195e-55
355           	-8.184363e-56
356           	-5.729054e-56
357           	-4.010338e-56
358           	-2.807236e-56
359           	-1.965065e-56
360           	-1.375546e-56
361           	-9.628821e-57
362           	-6.740175e-57
363           	-4.718122e-57
364           	-3.302686e-57
365           	-2.311880e-57
366           	-1.618316e-57
367           	-1.132821e-57
368           	-7.929748e-58
369           	-5.550824e-58
370           	-3.885576e-58
371           	-2.719904e-58
372           	-1.903932e-58
373           	-1.332753e-58
374           	-9.329269e-59
375           	-6.530488e-59
376           	-4.571342e-59
377           	-3.199939e-59
378           	-2.239958e-59
379           	-1.567970e-59
380           	-1.097579e-59
381           	-7.683054e-60
382           	-5.378138e-60
383           	-3.764697e-60
384           	-2.635288e-60
385           	-1.844701e-60
386           	-1.291291e-60
387           	-9.039037e-61
388           	-6.327326e-61
389           	-4.429128e-61
390           	-3.100390e-61
391           	-2.170273e-61
392           	-1.519191e-61
393           	-1.063434e-61
394           	-7.444035e-62
395           	-5.210825e-62
396           	-3.647577e-62
397           	-2.553304e-62
398           	-1.787313e-62
399           	-1.251119e-62
400           	-8.757833e-63
401           	-6.130483e-63
402           	-4.291338e-63
403           	-3.003937e-63
404           	-2.102756e-63
405           	-1.471929e-63
406           	-1.030350e-63
407           	-7.212452e-64
408           	-5.048716e-64
409           	-3.534102e-64
410           	-2.473871e-64
411           	-1.731710e-64
412           	-1.212197e-64
413           	-8.485378e-65
414           	-5.939764e-65
415           	-4.157835e-65
416           	-2.910485e-65
417           	-2.037339e-65
418           	-1.426137e-65
419           	-9.982962e-66
420           	-6.988074e-66
421           	-4.891651e-66
422           	-3.424156e-66
423           	-2.396909e-66
424           	-1.677836e-66
425           	-1.174486e-66
426           	-8.221399e-67
427           	-5.754979e-67
428           	-4.028485e-67
429           	-2.819940e-67
430           	-1.973958e-67
431           	-1.381770e-67
432           	-9.672393e-68
433           	-6.770675e-68
434           	-4.739473e-68
435           	-3.317631e-68
436           	-2.322342e-68
437           	-1.625639e-68
438           	-1.137947e-68
439           	-7.965632e-69
440           	-5.575942e-69
441           	-3.903160e-69
442           	-2.732212e-69
443           	-1.912548e-69
444           	-1.338784e-69
445           	-9.371486e-70
446           	-6.560040e-70
447           	-4.592028e-70
448           	-3.214420e-70
449           	-2.250094e-70
450           	-1.575066e-70
451           	-1.102546e-70
452           	-7.717822e-71
453           	-5.402475e-71
454           	-3.781733e-71
455           	-2.647213e-71
456           	-1.853049e-71
457           	-1.297134e-71
458           	-9.079940e-72
459           	-6.355958e-72
460           	-4.449171e-72
461           	-3.114419e-72
462           	-2.180094e-72
463           	-1.526066e-72
464           	-1.068246e-72
465           	-7.477721e-73
466           	-5.234405e-73
467           	-3.664083e-73
468           	-2.564858e-73
469           	-1.795401e-73
470           	-1.256781e-73
471           	-8.797464e-74
472           	-6.158225e-74
473           	-4.310757e-74
474           	-3.017530e-74
475           	-2.112271e-74
476           	-1.478590e-74
477           	-1.035013e-74
478           	-7.245090e-75
479           	-5.071563e-75
480           	-3.550094e-75
481           	-2.485066e-75
482           	-1.739546e-75
483           	-1.217682e-75
484           	-8.523776e-76
485           	-5.966643e-76
486           	-4.176650e-76
487           	-2.923655e-76
488           	-2.046559e-76
489           	-1.432591e-76
490           	-1.002814e-76
491           	-7.019696e-77
492           	-4.913787e-77
493           	-3.439651e-77
494           	-2.407756e-77
495           	-1.685429e-77
496           	-1.179800e-77
497           	-8.258602e-78
498           	-5.781022e-78
499           	-4.046715e-78
500           	-2.832701e-78
501           	-1.982890e-78
502           	-1.388023e-78
503           	-9.716163e-79
504           	-6.801314e-79
505           	-4.760920e-79
506           	-3.332644e-79
507           	-2.332851e-79
508           	-1.632995e-79
509           	-1.143097e-79
510           	-8.001678e-80
511           	-5.601175e-80
512           	-3.920822e-80
513           	-2.744576e-80
514           	-1.921203e-80
515           	-1.344842e-80
516           	-9.413894e-81
517           	-6.589726e-81
518           	-4.612808e-81
519           	-3.228966e-81
520           	-2.260276e-81
521           	-1.582193e-81
522           	-1.107535e-81
523           	-7.752747e-82
524           	-5.426923e-82
525           	-3.798846e-82
526           	-2.659192e-82
527           	-1.861434e-82
528           	-1.303004e-82
529           	-9.121029e-83
530           	-6.384720e-83
531           	-4.469304e-83
532           	-3.128513e-83
533           	-2.189959e-83
534           	-1.532971e-83
535           	-1.073080e-83
536           	-7.511559e-84
537           	-5.258092e-84
538           	-3.680664e-84
539           	-2.576465e-84
540           	-1.803525e-84
541           	-1.262468e-84
542           	-8.837275e-85
543           	-6.186092e-85
544           	-4.330265e-85
545           	-3.031185e-85
546           	-2.121830e-85
547           	-1.485281e-85
548           	-1.039697e-85
549           	-7.277876e-86
550           	-5.094513e-86
551           	-3.566159e-86
552           	-2.496311e-86
553           	-1.747418e-86
554           	-1.223193e-86
555           	-8.562348e-87
556           	-5.993643e-87
557           	-4.195550e-87
558           	-2.936885e-87
559           	-2.055820e-87
560           	-1.439074e-87
561           	-1.007352e-87
562           	-7.051462e-88
563           	-4.936023e-88
564           	-3.455216e-88
565           	-2.418651e-88
566           	-1.693056e-88
567           	-1.185139e-88
568           	-8.295974e-89
569           	-5.807182e-89
570           	-4.065027e-89
571           	-2.845519e-89
572           	-1.991863e-89
573           	-1.394304e-89
574           	-9.760131e-90
575           	-6.832091e-90
576           	-4.782464e-90
577           	-3.347725e-90
578           	-2.343407e-90
579           	-1.640385e-90
580           	-1.148270e-90
581           	-8.037887e-91
582           	-5.626521e-91
583           	-3.938565e-91
584           	-2.756995e-91
585           	-1.929897e-91
586           	-1.350928e-91
587           	-9.456494e-92
588           	-6.619546e-92
589           	-4.633682e-92
590           	-3.243577e-92
591           	-2.270504e-92
592           	-1.589353e-92
593           	-1.112547e-92
594           	-7.787829e-93
595           	-5.451481e-93
596           	-3.816036e-93
597           	-2.671225e-93
598           	-1.869858e-93
599           	-1.308900e-93
600           	-9.162303e-94
601           	-6.413612e-94
602           	-4.489529e-94
603           	-3.142670e-94
604           	-2.199869e-94
605           	-1.539908e-94
606           	-1.077936e-94
607           	-7.545551e-95
608           	-5.281886e-95
609           	-3.697320e-95
610           	-2.588124e-95
611           	-1.811687e-95
612           	-1.268181e-95
613           	-8.877265e-96
614           	-6.214086e-96
615           	-4.349860e-96
616           	-3.044902e-96
617           	-2.131431e-96
618           	-1.492002e-96
619           	-1.044401e-96
620           	-7.310809e-97
621           	-5.117567e-97
622           	-3.582297e-97
623           	-2.507608e-97
624           	-1.755325e-97
625           	-1.228728e-97
626           	-8.601094e-98
627           	-6.020766e-98
628           	-4.214536e-98
629           	-2.950175e-98
630           	-2.065123e-98
631           	-1.445586e-98
632           	-1.011910e-98
633           	-7.083371e-99
634           	-4.958360e-99
635           	-3.470852e-99
636           	-2.429596e-99
637           	-1.700717e-99
638           	-1.190502e-99
639           	-8.333515e-100
640           	-5.833461e-100
641           	-4.083422e-100
642           	-2.858396e-100
643           	-2.000877e-100
644           	-1.400614e-100
645           	-9.804297e-101
646           	-6.863008e-101
647           	-4.804106e-101
648           	-3.362874e-101
649           	-2.354012e-101
650           	-1.647808e-101
651           	-1.153466e-101
652           	-8.074260e-102
653           	-5.651982e-102
654           	-3.956388e-102
655           	-2.769471e-102
656           	-1.938630e-102
657           	-1.357041e-102
658           	-9.499287e-103
659           	-6.649501e-103
660           	-4.654650e-103
661           	-3.258255e-103
662           	-2.280779e-103
663           	-1.596545e-103
664           	-1.117582e-103
665           	-7.823071e-104
666           	-5.476150e-104
667           	-3.833305e-104
668           	-2.683313e-104
669           	-1.878319e-104
670           	-1.314824e-104
671           	-9.203765e-105
672           	-6.442635e-105
673           	-4.509845e-105
674           	-3.156891e-105
675           	-2.209824e-105
676           	-1.546877e-105
677           	-1.082814e-105
678           	-7.579696e-106
679           	-5.305787e-106
680           	-3.714051e-106
681           	-2.599836e-106
682           	-1.819885e-106
683           	-1.273920e-106
684           	-8.917437e-107
685           	-6.242206e-107
686           	-4.369544e-107
687           	-3.058681e-107
688           	-2.141077e-107
689           	-1.498754e-107
690           	-1.049127e-107
691           	-7.343892e-108
692           	-5.140725e-108
693           	-3.598507e-108
694           	-2.518955e-108
695           	-1.763269e-108
696           	-1.234288e-108
697           	-8.640016e-109
698           	-6.048011e-109
699           	-4.233608e-109
700           	-2.963525e-109
701           	-2.074468e-109
702           	-1.452127e-109
703           	-1.016489e-109
704           	-7.115425e-110
705           	-4.980797e-110
706           	-3.486558e-110
707           	-2.440591e-110
708           	-1.708413e-110
709           	-1.195889e-110
710           	-8.371226e-111
711           	-5.859858e-111
712           	-4.101901e-111
713           	-2.871331e-111
714           	-2.009931e-111
715           	-1.406952e-111
716           	-9.848664e-112
717           	-6.894065e-112
718           	-4.825845e-112
719           	-3.378092e-112
720           	-2.364664e-112
721           	-1.655265e-112
722           	-1.158685e-112
723           	-8.110798e-113
724           	-5.677559e-113
725           	-3.974291e-113
726           	-2.782004e-113
727           	-1.947403e-113
728           	-1.363182e-113
729           	-9.542273e-114
730           	-6.679591e-114
731           	-4.675714e-114
732           	-3.273000e-114
733           	-2.291100e-114
734           	-1.603770e-114
735           	-1.122639e-114
736           	-7.858472e-115
737           	-5.500930e-115
738           	-3.850651e-115
739           	-2.695456e-115
740           	-1.886819e-115
741           	-1.320773e-115
742           	-9.245414e-116
743           	-6.471790e-116
744           	-4.530253e-116
745           	-3.171177e-116
746           	-2.219824e-116
747           	-1.553877e-116
748           	-1.087714e-116
749           	-7.613996e-117
750           	-5.329797e-117
751           	-3.730858e-117
752           	-2.611601e-117
753           	-1.828120e-117
754           	-1.279684e-117
755           	-8.957790e-118
756           	-6.270453e-118
757           	-4.389317e-118
758           	-3.072522e-118
759           	-2.150765e-118
760           	-1.505536e-118
761           	-1.053875e-118
762           	-7.377125e-119
763           	-5.163988e-119
764           	-3.614791e-119
765           	-2.530354e-119
766           	-1.771248e-119
767           	-1.239873e-119
768           	-8.679114e-120
769           	-6.075380e-120
770           	-4.252766e-120
771           	-2.976936e-120
772           	-2.083855e-120
773           	-1.458699e-120
774           	-1.021089e-120
775           	-7.147624e-121
776           	-5.003336e-121
777           	-3.502336e-121
778           	-2.451635e-121
779           	-1.716144e-121
780           	-1.201301e-121
781           	-8.409108e-122
782           	-5.886375e-122
783           	-4.120463e-122
784           	-2.884324e-122
785           	-2.019027e-122
786           	-1.413319e-122
787           	-9.893231e-123
788           	-6.925262e-123
789           	-4.847683e-123
790           	-3.393378e-123
791           	-2.375365e-123
792           	-1.662755e-123
793           	-1.163929e-123
794           	-8.147501e-124
795           	-5.703251e-124
796           	-3.992276e-124
797           	-2.794593e-124
798           	-1.956215e-124
799           	-1.369351e-124
800           	-9.585454e-125
801           	-6.709818e-125
802           	-4.696872e-125
803           	-3.287811e-125
804           	-2.301467e-125
805           	-1.611027e-125
806           	-1.127719e-125
807           	-7.894033e-126
808           	-5.525823e-126
809           	-3.868076e-126
810           	-2.707653e-126
811           	-1.895357e-126
812           	-1.326750e-126
813           	-9.287251e-127
814           	-6.501076e-127
815           	-4.550753e-127
816           	-3.185527e-127
817           	-2.229869e-127
818           	-1.560908e-127
819           	-1.092636e-127
820           	-7.648451e-128
821           	-5.353915e-128
822           	-3.747741e-128
823           	-2.623419e-128
824           	-1.836393e-128
825           	-1.285475e-128
826           	-8.998326e-129
827           	-6.298828e-129
828           	-4.409180e-129
829           	-3.086426e-129
830           	-2.160498e-129
831           	-1.512349e-129
832           	-1.058644e-129
833           	-7.410508e-130
834           	-5.187356e-130
835           	-3.631149e-130
836           	-2.541804e-130
837           	-1.779263e-130
838           	-1.245484e-130
839           	-8.718389e-131
840           	-6.102872e-131
841           	-4.272010e-131
842           	-2.990407e-131
843           	-2.093285e-131
844           	-1.465300e-131
845           	-1.025710e-131
846           	-7.179968e-132
847           	-5.025978e-132
848           	-3.518184e-132
849           	-2.462729e-132
850           	-1.723910e-132
851           	-1.206737e-132
852           	-8.447161e-133
853           	-5.913012e-133
854           	-4.139109e-133
855           	-2.897376e-133
856           	-2.028163e-133
857           	-1.419714e-133
858           	-9.938000e-134
859           	-6.956600e-134
860           	-4.869620e-134
861           	-3.408734e-134
862           	-2.386114e-134
863           	-1.670280e-134
864           	-1.169196e-134
865           	-8.184370e-135
866           	-5.729059e-135
867           	-4.010341e-135
868           	-2.807239e-135
869           	-1.965067e-135
870           	-1.375547e-135
871           	-9.628830e-136
872           	-6.740181e-136
873           	-4.718127e-136
874           	-3.302689e-136
875           	-2.311882e-136
876           	-1.618317e-136
877           	-1.132822e-136
878           	-7.929755e-137
879           	-5.550829e-137
880           	-3.885580e-137
881           	-2.719906e-137
882           	-1.903934e-137
883           	-1.332754e-137
884           	-9.329278e-138
885           	-6.530495e-138
886           	-4.571346e-138
887           	-3.199942e-138
888           	-2.239960e-138
889           	-1.567972e-138
890           	-1.097580e-138
891           	-7.683062e-139
892           	-5.378143e-139
893           	-3.764700e-139
894           	-2.635290e-139
895           	-1.844703e-139
896           	-1.291292e-139
897           	-9.039045e-140
898           	-6.327332e-140
899           	-4.429132e-140
900           	-3.100392e-140
901           	-2.170275e-140
902           	-1.519192e-140
903           	-1.063435e-140
904           	-7.444042e-141
905           	-5.210830e-141
906           	-3.647581e-141
907           	-2.553307e-141
908           	-1.787315e-141
909           	-1.251120e-141
910           	-8.757841e-142
911           	-6.130489e-142
912           	-4.291342e-142
913           	-3.003940e-142
914           	-2.102758e-142
915           	-1.471930e-142
916           	-1.030351e-142
917           	-7.212459e-143
918           	-5.048721e-143
919           	-3.534105e-143
920           	-2.473873e-143
921           	-1.731711e-143
922           	-1.212198e-143
923           	-8.485386e-144
924           	-5.939770e-144
925           	-4.157839e-144
926           	-2.910487e-144
927           	-2.037341e-144
928           	-1.426139e-144
929           	-9.982972e-145
930           	-6.988080e-145
931           	-4.891656e-145
932           	-3.424159e-145
933           	-2.396911e-145
934           	-1.677838e-145
935           	-1.174487e-145
936           	-8.221406e-146
937           	-5.754984e-146
938           	-4.028489e-146
939           	-2.819942e-146
940           	-1.973960e-146
941           	-1.381772e-146
942           	-9.672402e-147
943           	-6.770682e-147
944           	-4.739477e-147
945           	-3.317634e-147
946           	-2.322344e-147
947           	-1.625641e-147
948           	-1.137948e-147
949           	-7.965639e-148
950           	-5.575947e-148
951           	-3.903163e-148
952           	-2.732214e-148
953           	-1.912550e-148
954           	-1.338785e-148
955           	-9.371495e-149
956           	-6.560046e-149
957           	-4.592032e-149
958           	-3.214423e-149
959           	-2.250096e-149
960           	-1.575067e-149
961           	-1.102547e-149
962           	-7.717829e-150
963           	-5.402480e-150
964           	-3.781736e-150
965           	-2.647215e-150
966           	-1.853051e-150
967           	-1.297136e-150
968           	-9.079949e-151
969           	-6.355964e-151
970           	-4.449175e-151
971           	-3.114422e-151
972           	-2.180096e-151
973           	-1.526067e-151
974           	-1.068247e-151
975           	-7.477728e-152
976           	-5.234410e-152
977           	-3.664087e-152
978           	-2.564861e-152
979           	-1.795403e-152
980           	-1.256782e-152
981           	-8.797472e-153
982           	-6.158231e-153
983           	-4.310761e-153
984           	-3.017533e-153
985           	-2.112273e-153
986           	-1.478591e-153
987           	-1.035014e-153
988           	-7.245097e-154
989           	-5.071568e-154
990           	-3.550097e-154
991           	-2.485068e-154
992           	-1.739548e-154
993           	-1.217683e-154
994           	-8.523784e-155
995           	-5.966649e-155
996           	-4.176654e-155
997           	-2.923658e-155
998           	-2.046561e-155
999           	-1.432592e-155
1000          	-1.002815e-155
1001          	-7.019703e-156
1002          	-4.913792e-156
1003          	-3.439654e-156
1004          	-2.407758e-156
1005          	-1.685431e-156
1006          	-1.179801e-156
1007          	-8.258610e-157
1008          	-5.781027e-157
1009          	-4.046719e-157
1010          	-2.832703e-157
1011          	-1.982892e-157
1012          	-1.388025e-157
1013          	-9.716172e-158
1014          	-6.801320e-158
1015          	-4.760924e-158
1016          	-3.332647e-158
1017          	-2.332853e-158
1018          	-1.632997e-158
1019          	-1.143098e-158
1020          	-8.001685e-159
1021          	-5.601180e-159
1022          	-3.920826e-159
1023          	-2.744578e-159
1024          	-1.921205e-159
1025          	-1.344843e-159
1026          	-9.413903e-160
1027          	-6.589732e-160
1028          	-4.612812e-160
1029          	-3.228969e-160
1030          	-2.260278e-160
1031          	-1.582195e-160
1032          	-1.107536e-160
1033          	-7.752754e-161
1034          	-5.426928e-161
1035          	-3.798849e-161
1036          	-2.659195e-161
1037          	-1.861436e-161
1038          	-1.303005e-161
1039          	-9.121037e-162
1040          	-6.384726e-162
1041          	-4.469308e-162
1042          	-3.128516e-162
1043          	-2.189961e-162
1044          	-1.532973e-162
1045          	-1.073081e-162
1046          	-7.511566e-163
1047          	-5.258097e-163
1048          	-3.680668e-163
1049          	-2.576467e-163
1050          	-1.803527e-163
1051          	-1.262469e-163
1052          	-8.837283e-164
1053          	-6.186098e-164
1054          	-4.330269e-164
1055          	-3.031188e-164
1056          	-2.121832e-164
1057          	-1.485282e-164
1058          	-1.039697e-164
1059          	-7.277882e-165
1060          	-5.094518e-165
1061          	-3.566162e-165
1062          	-2.496314e-165
1063          	-1.747420e-165
1064          	-1.223194e-165
1065          	-8.562356e-166
1066          	-5.993649e-166
1067          	-4.195554e-166
1068          	-2.936888e-166
1069          	-2.055822e-166
1070          	-1.439075e-166
1071          	-1.007353e-166
1072          	-7.051468e-167
1073          	-4.936028e-167
1074          	-3.455219e-167
1075          	-2.418654e-167
1076          	-1.693058e-167
1077          	-1.185140e-167
1078          	-8.295982e-168
1079          	-5.807187e-168
1080          	-4.065031e-168
1081          	-2.845522e-168
1082          	-1.991865e-168
1083          	-1.394306e-168
1084          	-9.760140e-169
1085          	-6.832098e-169
1086          	-4.782468e-169
1087          	-3.347728e-169
1088          	-2.343410e-169
1089          	-1.640387e-169
1090          	-1.148271e-169
1091          	-8.037895e-170
1092          	-5.626526e-170
1093          	-3.938568e-170
1094          	-2.756998e-170
1095          	-1.929899e-170
1096          	-1.350929e-170
1097          	-9.456503e-171
1098          	-6.619552e-171
1099          	-4.633686e-171
1100          	-3.243580e-171
1101          	-2.270506e-171
1102          	-1.589354e-171
1103          	-1.112548e-171
1104          	-7.787837e-172
1105          	-5.451486e-172
1106          	-3.816040e-172
1107          	-2.671228e-172
1108          	-1.869860e-172
1109          	-1.308902e-172
1110          	-9.162312e-173
1111          	-6.413618e-173
1112          	-4.489533e-173
1113          	-3.142673e-173
1114          	-2.199871e-173
1115          	-1.539910e-173
1116          	-1.077937e-173
1117          	-7.545558e-174
1118          	-5.281891e-174
1119          	-3.697323e-174
1120          	-2.588126e-174
1121          	-1.811688e-174
1122          	-1.268182e-174
1123          	-8.877273e-175
1124          	-6.214091e-175
1125          	-4.349864e-175
1126          	-3.044905e-175
1127          	-2.131433e-175
1128          	-1.492003e-175
1129          	-1.044402e-175
1130          	-7.310816e-176
1131          	-5.117571e-176
1132          	-3.582300e-176
1133          	-2.507610e-176
1134          	-1.755327e-176
1135          	-1.228729e-176
1136          	-8.601102e-177
1137          	-6.020772e-177
1138          	-4.214540e-177
1139          	-2.950178e-177
1140          	-2.065125e-177
1141          	-1.445587e-177
1142          	-1.011911e-177
1143          	-7.083378e-178
1144          	-4.958364e-178
1145          	-3.470855e-178
1146          	-2.429599e-178
1147          	-1.700719e-178
1148          	-1.190503e-178
1149          	-8.333523e-179
1150          	-5.833466e-179
1151          	-4.083426e-179
1152          	-2.858398e-179
1153          	-2.000879e-179
1154          	-1.400615e-179
1155          	-9.804306e-180
1156          	-6.863014e-180
1157          	-4.804110e-180
1158          	-3.362877e-180
1159          	-2.354014e-180
1160          	-1.647810e-180
1161          	-1.153467e-180
1162          	-8.074268e-181
1163          	-5.651988e-181
1164          	-3.956391e-181
1165          	-2.769474e-181
1166          	-1.938632e-181
1167          	-1.357042e-181
1168          	-9.499295e-182
1169          	-6.649507e-182
1170          	-4.654655e-182
1171          	-3.258258e-182
1172          	-2.280781e-182
1173          	-1.596547e-182
1174          	-1.117583e-182
1175          	-7.823078e-183
1176          	-5.476155e-183
1177          	-3.833308e-183
1178          	-2.683316e-183
1179          	-1.878321e-183
1180          	-1.314825e-183
1181          	-9.203773e-184
1182          	-6.442641e-184
1183          	-4.509849e-184
1184          	-3.156894e-184
1185          	-2.209826e-184
1186          	-1.546878e-184
1187          	-1.082815e-184
1188          	-7.579703e-185
1189          	-5.305792e-185
1190          	-3.714055e-185
1191          	-2.599838e-185
1192          	-1.819887e-185
1193          	-1.273921e-185
1194          	-8.917445e-186
1195          	-6.242211e-186
1196          	-4.369548e-186
1197          	-3.058684e-186
1198          	-2.141079e-186
1199          	-1.498755e-186
1200          	-1.049128e-186
1201          	-7.343899e-187
1202          	-5.140730e-187
1203          	-3.598511e-187
1204          	-2.518957e-187
1205          	-1.763270e-187
1206          	-1.234289e-187
1207          	-8.640024e-188
1208          	-6.048017e-188
1209          	-4.233612e-188
1210          	-2.963528e-188
1211          	-2.074470e-188
1212          	-1.452129e-188
1213          	-1.016490e-188
1214          	-7.115431e-189
1215          	-4.980802e-189
1216          	-3.486561e-189
1217          	-2.440593e-189
1218          	-1.708415e-189
1219          	-1.195891e-189
1220          	-8.371234e-190
1221          	-5.859864e-190
1222          	-4.101905e-190
1223          	-2.871333e-190
1224          	-2.009933e-190
1225          	-1.406953e-190
1226          	-9.848673e-191
1227          	-6.894071e-191
1228          	-4.825850e-191
1229          	-3.378095e-191
1230          	-2.364666e-191
1231          	-1.655266e-191
1232          	-1.158687e-191
1233          	-8.110806e-192
1234          	-5.677564e-192
1235          	-3.974295e-192
1236          	-2.782006e-192
1237          	-1.947404e-192
1238          	-1.363183e-192
1239          	-9.542282e-193
1240          	-6.679597e-193
1241          	-4.675718e-193
1242          	-3.273003e-193
1243          	-2.291102e-193
1244          	-1.603771e-193
1245          	-1.122640e-193
1246          	-7.858479e-194
1247          	-5.500936e-194
1248          	-3.850655e-194
1249          	-2.695458e-194
1250          	-1.886821e-194
1251          	-1.320775e-194
1252          	-9.245422e-195
1253          	-6.471796e-195
1254          	-4.530257e-195
1255          	-3.171180e-195
1256          	-2.219826e-195
1257          	-1.553878e-195
1258          	-1.087715e-195
1259          	-7.614003e-196
1260          	-5.329802e-196
1261          	-3.730861e-196
1262          	-2.611603e-196
1263          	-1.828122e-196
1264          	-1.279685e-196
1265          	-8.957798e-197
1266          	-6.270459e-197
1267          	-4.389321e-197
1268          	-3.072525e-197
1269          	-2.150767e-197
1270          	-1.505537e-197
1271          	-1.053876e-197
1272          	-7.377132e-198
1273          	-5.163992e-198
1274          	-3.614795e-198
1275          	-2.530356e-198
1276          	-1.771249e-198
1277          	-1.239875e-198
1278          	-8.679122e-199
1279          	-6.075385e-199
1280          	-4.252770e-199
1281          	-2.976939e-199
1282          	-2.083857e-199
1283          	-1.458700e-199
1284          	-1.021090e-199
1285          	-7.147630e-200
1286          	-5.003341e-200
1287          	-3.502339e-200
1288          	-2.451637e-200
1289          	-1.716146e-200
1290          	-1.201302e-200
1291          	-8.409115e-201
1292          	-5.886381e-201
1293          	-4.120467e-201
1294          	-2.884327e-201
1295          	-2.019029e-201
1296          	-1.413320e-201
1297          	-9.893240e-202
1298          	-6.925268e-202
1299          	-4.847688e-202
1300          	-3.393381e-202
1301          	-2.375367e-202
1302          	-1.662757e-202
1303          	-1.163930e-202
1304          	-8.147509e-203
1305          	-5.703256e-203
1306          	-3.992279e-203
1307          	-2.794596e-203
1308          	-1.956217e-203
1309          	-1.369352e-203
1310          	-9.585463e-204
1311          	-6.709824e-204
1312          	-4.696877e-204
1313          	-3.287814e-204
1314          	-2.301470e-204
1315          	-1.611029e-204
1316          	-1.127720e-204
1317          	-7.894041e-205
1318          	-5.525828e-205
1319          	-3.868080e-205
1320          	-2.707656e-205
1321          	-1.895359e-205
1322          	-1.326751e-205
1323          	-9.287260e-206
1324          	-6.501082e-206
1325          	-4.550757e-206
1326          	-3.185530e-206
1327          	-2.229871e-206
1328          	-1.560910e-206
1329          	-1.092637e-206
1330          	-7.648458e-207
1331          	-5.353920e-207
1332          	-3.747744e-207
1333          	-2.623421e-207
1334          	-1.836395e-207
1335          	-1.285476e-207
1336          	-8.998334e-208
1337          	-6.298834e-208
1338          	-4.409184e-208
1339          	-3.086429e-208
1340          	-2.160500e-208
1341          	-1.512350e-208
1342          	-1.058645e-208
1343          	-7.410515e-209
1344          	-5.187361e-209
1345          	-3.631152e-209
1346          	-2.541807e-209
1347          	-1.779265e-209
1348          	-1.245485e-209
1349          	-8.718397e-210
1350          	-6.102878e-210
1351          	-4.272014e-210
1352          	-2.990410e-210
1353          	-2.093287e-210
1354          	-1.465301e-210
1355          	-1.025711e-210
1356          	-7.179975e-211
1357          	-5.025982e-211
1358          	-3.518188e-211
1359          	-2.462731e-211
1360          	-1.723912e-211
1361          	-1.206738e-211
1362          	-8.447169e-212
1363          	-5.913018e-212
1364          	-4.139113e-212
1365          	-2.897379e-212
1366          	-2.028165e-212
1367          	-1.419716e-212
1368          	-9.938009e-213
1369          	-6.956606e-213
1370          	-4.869625e-213
1371          	-3.408737e-213
1372          	-2.386116e-213
1373          	-1.670281e-213
1374          	-1.169197e-213
1375          	-8.184378e-214
1376          	-5.729065e-214
1377          	-4.010345e-214
1378          	-2.807242e-214
1379          	-1.965069e-214
1380          	-1.375548e-214
1381          	-9.628839e-215
1382          	-6.740187e-215
1383          	-4.718131e-215
1384          	-3.302692e-215
1385          	-2.311884e-215
1386          	-1.618319e-215
1387          	-1.132823e-215
1388          	-7.929763e-216
1389          	-5.550834e-216
1390          	-3.885584e-216
1391          	-2.719909e-216
1392          	-1.903936e-216
1393          	-1.332755e-216
1394          	-9.329287e-217
1395          	-6.530501e-217
1396          	-4.571350e-217
1397          	-3.199945e-217
1398          	-2.239962e-217
1399          	-1.567973e-217
1400          	-1.097581e-217
1401          	-7.683069e-218
1402          	-5.378148e-218
1403          	-3.764704e-218
1404          	-2.635293e-218
1405          	-1.844705e-218
1406          	-1.291293e-218
1407          	-9.039054e-219
1408          	-6.327337e-219
1409          	-4.429136e-219
1410          	-3.100395e-219
1411          	-2.170277e-219
1412          	-1.519194e-219
1413          	-1.063436e-219
1414          	-7.444049e-220
1415          	-5.210834e-220
1416          	-3.647584e-220
1417          	-2.553309e-220
1418          	-1.787316e-220
1419          	-1.251121e-220
1420          	-8.757850e-221
1421          	-6.130495e-221
1422          	-4.291346e-221
1423          	-3.003942e-221
1424          	-2.102760e-221
1425          	-1.471932e-221
1426          	-1.030352e-221
1427          	-7.212466e-222
1428          	-5.048726e-222
1429          	-3.534108e-222
1430          	-2.473876e-222
1431          	-1.731713e-222
1432          	-1.212199e-222
1433          	-8.485394e-223
1434          	-5.939776e-223
1435          	-4.157843e-223
1436          	-2.910490e-223
1437          	-2.037343e-223
1438          	-1.426140e-223
1439          	-9.982981e-224
1440          	-6.988087e-224
1441          	-4.891661e-224
1442          	-3.424162e-224
1443          	-2.396914e-224
1444          	-1.677840e-224
1445          	-1.174488e-224
1446          	-8.221414e-225
1447          	-5.754990e-225
1448          	-4.028493e-225
1449          	-2.819945e-225
1450          	-1.973962e-225
1451          	-1.381773e-225
1452          	-9.672411e-226
1453          	-6.770688e-226
1454          	-4.739482e-226
1455          	-3.317637e-226
1456          	-2.322346e-226
1457          	-1.625642e-226
1458          	-1.137950e-226
1459          	-7.965647e-227
1460          	-5.575953e-227
1461          	-3.903167e-227
1462          	-2.732217e-227
1463          	-1.912552e-227
1464          	-1.338786e-227
1465          	-9.371504e-228
1466          	-6.560053e-228
1467          	-4.592037e-228
1468          	-3.214426e-228
1469          	-2.250098e-228
1470          	-1.575069e-228
1471          	-1.102548e-228
1472          	-7.717836e-229
1473          	-5.402485e-229
1474          	-3.781740e-229
1475          	-2.647218e-229
1476          	-1.853052e-229
1477          	-1.297137e-229
1478          	-9.079957e-230
1479          	-6.355970e-230
1480          	-4.449179e-230
1481          	-3.114425e-230
1482          	-2.180098e-230
1483          	-1.526068e-230
1484          	-1.068248e-230
1485          	-7.477735e-231
1486          	-5.234415e-231
1487          	-3.664090e-231
1488          	-2.564863e-231
1489          	-1.795404e-231
1490          	-1.256783e-231
1491          	-8.797481e-232
1492          	-6.158236e-232
1493          	-4.310766e-232
1494          	-3.017536e-232
1495          	-2.112275e-232
1496          	-1.478593e-232
1497          	-1.035015e-232
1498          	-7.245104e-233
1499          	-5.071573e-233
1500          	-3.550101e-233
1501          	-2.485071e-233
1502          	-1.739549e-233
1503          	-1.217685e-233
1504          	-8.523792e-234
1505          	-5.966654e-234
1506          	-4.176658e-234
1507          	-2.923661e-234
1508          	-2.046562e-234
1509          	-1.432594e-234
1510          	-1.002816e-234
1511          	-7.019709e-235
1512          	-4.913796e-235
1513          	-3.439657e-235
1514          	-2.407760e-235
1515          	-1.685432e-235
1516          	-1.179803e-235
1517          	-8.258618e-236
1518          	-5.781032e-236
1519          	-4.046723e-236
1520          	-2.832706e-236
1521          	-1.982894e-236
1522          	-1.388026e-236
1523          	-9.716181e-237
1524          	-6.801327e-237
1525          	-4.760929e-237
1526          	-3.332650e-237
1527          	-2.332855e-237
1528          	-1.632999e-237
1529          	-1.143099e-237
1530          	-8.001693e-238
1531          	-5.601185e-238
1532          	-3.920830e-238
1533          	-2.744581e-238
1534          	-1.921206e-238
1535          	-1.344845e-238
1536          	-9.413912e-239
1537          	-6.589738e-239
1538          	-4.612817e-239
1539          	-3.228972e-239
1540          	-2.260280e-239
1541          	-1.582196e-239
1542          	-1.107537e-239
1543          	-7.752761e-240
1544          	-5.426933e-240
1545          	-3.798853e-240
1546          	-2.659197e-240
1547          	-1.861438e-240
1548          	-1.303007e-240
1549          	-9.121046e-241
1550          	-6.384732e-241
1551          	-4.469312e-241
1552          	-3.128519e-241
1553          	-2.189963e-241
1554          	-1.532974e-241
1555          	-1.073082e-241
1556          	-7.511573e-242
1557          	-5.258101e-242
1558          	-3.680671e-242
1559          	-2.576470e-242
1560          	-1.803529e-242
1561          	-1.262470e-242
1562          	-8.837291e-243
1563          	-6.186104e-243
1564          	-4.330273e-243
1565          	-3.031191e-243
1566          	-2.121834e-243
1567          	-1.485284e-243
1568          	-1.039698e-243
1569          	-7.277889e-244
1570          	-5.094522e-244
1571          	-3.566166e-244
1572          	-2.496316e-244
1573          	-1.747421e-244
1574          	-1.223195e-244
1575          	-8.562364e-245
1576          	-5.993655e-245
1577          	-4.195558e-245
1578          	-2.936891e-245
1579          	-2.055824e-245
1580          	-1.439076e-245
1581          	-1.007354e-245
1582          	-7.051475e-246
1583          	-4.936032e-246
1584          	-3.455223e-246
1585          	-2.418656e-246
1586          	-1.693059e-246
1587          	-1.185141e-246
1588          	-8.295990e-247
1589          	-5.807193e-247
1590          	-4.065035e-247
1591          	-2.845524e-247
1592          	-1.991867e-247
1593          	-1.394307e-247
1594          	-9.760149e-248
1595          	-6.832104e-248
1596          	-4.782473e-248
