# Region type : patch ent
# Faces  :    356
# Area   :    1.250000e-07
# Time        	areaAverage(p)
0             	0.000000e+00
1             	9.069332e+04
2             	7.867825e+04
3             	4.232631e+04
4             	6.305051e+03
5             	-1.931912e+04
6             	-3.032099e+04
7             	-2.954337e+04
8             	-2.115641e+04
9             	-9.768377e+03
10            	4.754278e+02
11            	7.201771e+03
12            	9.793270e+03
13            	8.960940e+03
14            	6.092458e+03
15            	2.679903e+03
16            	-1.765217e+02
17            	-1.873901e+03
18            	-2.333858e+03
19            	-1.854847e+03
20            	-8.782509e+02
21            	1.543756e+02
22            	9.349483e+02
23            	1.326408e+03
24            	1.339137e+03
25            	1.089955e+03
26            	7.259956e+02
27            	3.818601e+02
28            	1.419249e+02
29            	3.809718e+01
30            	5.097074e+01
31            	1.376862e+02
32            	2.474422e+02
33            	3.397201e+02
34            	3.915899e+02
35            	3.988923e+02
36            	3.720171e+02
37            	3.277161e+02
38            	2.808724e+02
39            	2.431121e+02
40            	2.196694e+02
41            	2.115840e+02
42            	2.143027e+02
43            	2.222399e+02
44            	2.299830e+02
45            	2.339192e+02
46            	2.329693e+02
47            	2.275740e+02
48            	2.191501e+02
49            	2.099107e+02
50            	2.015228e+02
51            	1.949648e+02
52            	1.904639e+02
53            	1.875507e+02
54            	1.855893e+02
55            	1.838677e+02
56            	1.818709e+02
57            	1.794405e+02
58            	1.764832e+02
59            	1.733140e+02
60            	1.700724e+02
61            	1.669369e+02
62            	1.640308e+02
63            	1.613712e+02
64            	1.589865e+02
65            	1.568575e+02
66            	1.548338e+02
67            	1.528894e+02
68            	1.510208e+02
69            	1.490670e+02
70            	1.471246e+02
71            	1.452112e+02
72            	1.433426e+02
73            	1.415400e+02
74            	1.398119e+02
75            	1.381568e+02
76            	1.365701e+02
77            	1.350429e+02
78            	1.335639e+02
79            	1.321243e+02
80            	1.307182e+02
81            	1.293557e+02
82            	1.280167e+02
83            	1.267024e+02
84            	1.254170e+02
85            	1.241647e+02
86            	1.229461e+02
87            	1.217615e+02
88            	1.206080e+02
89            	1.194952e+02
90            	1.184116e+02
91            	1.173533e+02
92            	1.163184e+02
93            	1.153047e+02
94            	1.143106e+02
95            	1.133355e+02
96            	1.123815e+02
97            	1.114488e+02
98            	1.105358e+02
99            	1.096445e+02
100           	1.087744e+02
101           	1.079245e+02
102           	1.070928e+02
103           	1.062781e+02
104           	1.054801e+02
105           	1.046980e+02
106           	1.039303e+02
107           	1.031767e+02
108           	1.024378e+02
109           	1.017145e+02
110           	1.010037e+02
111           	1.003058e+02
112           	9.962149e+01
113           	9.895032e+01
114           	9.829019e+01
115           	9.764303e+01
116           	9.701116e+01
117           	9.638672e+01
118           	9.577276e+01
119           	9.516914e+01
120           	9.457633e+01
121           	9.399390e+01
122           	9.342098e+01
123           	9.285675e+01
124           	9.230187e+01
125           	9.175635e+01
126           	9.121941e+01
127           	9.069057e+01
128           	9.017049e+01
129           	8.966682e+01
130           	8.915905e+01
131           	8.866063e+01
132           	8.817152e+01
133           	8.769084e+01
134           	8.721740e+01
135           	8.633961e+01
136           	8.597092e+01
137           	8.568040e+01
138           	8.536061e+01
139           	8.497882e+01
140           	8.455237e+01
141           	8.411673e+01
142           	8.366904e+01
143           	8.323491e+01
144           	8.281257e+01
145           	8.239649e+01
146           	8.199595e+01
147           	8.160908e+01
148           	8.123429e+01
149           	8.086169e+01
150           	8.049294e+01
151           	8.012230e+01
152           	7.974947e+01
153           	7.937719e+01
154           	7.900868e+01
155           	7.864689e+01
156           	7.829146e+01
157           	7.794634e+01
158           	7.760871e+01
159           	7.727243e+01
160           	7.694150e+01
161           	7.661391e+01
162           	7.628968e+01
163           	7.596846e+01
164           	7.564859e+01
165           	7.533290e+01
166           	7.502115e+01
167           	7.471320e+01
168           	7.441151e+01
169           	7.410992e+01
170           	7.381198e+01
171           	7.351697e+01
172           	7.322575e+01
173           	7.293808e+01
174           	7.265368e+01
175           	7.237195e+01
176           	7.209441e+01
177           	7.182351e+01
178           	7.154991e+01
179           	7.127897e+01
180           	7.101178e+01
181           	7.074798e+01
182           	7.048715e+01
183           	7.022864e+01
184           	6.997329e+01
185           	6.972088e+01
186           	6.947129e+01
187           	6.922556e+01
188           	6.897923e+01
189           	6.873456e+01
190           	6.849600e+01
191           	6.825911e+01
192           	6.802436e+01
193           	6.779179e+01
194           	6.756124e+01
195           	6.733241e+01
196           	6.710642e+01
197           	6.688190e+01
198           	6.666024e+01
199           	6.644153e+01
200           	6.622656e+01
201           	6.601351e+01
202           	6.580177e+01
203           	6.559119e+01
204           	6.538262e+01
205           	6.517491e+01
206           	6.497078e+01
207           	6.476825e+01
208           	6.456822e+01
209           	6.437071e+01
210           	6.417511e+01
211           	6.398098e+01
212           	6.378966e+01
213           	6.359932e+01
214           	6.341040e+01
215           	6.322299e+01
216           	6.303777e+01
217           	6.285464e+01
218           	6.267321e+01
219           	6.249297e+01
220           	6.231455e+01
221           	6.213654e+01
222           	6.196116e+01
223           	6.178853e+01
224           	6.161822e+01
225           	6.145018e+01
226           	6.128206e+01
227           	6.111516e+01
228           	6.095010e+01
229           	6.078671e+01
230           	6.062479e+01
231           	6.046391e+01
232           	6.030482e+01
233           	6.014758e+01
234           	5.999169e+01
235           	5.983690e+01
236           	5.968391e+01
237           	5.953212e+01
238           	5.938258e+01
239           	5.923334e+01
240           	5.908596e+01
241           	5.894023e+01
242           	5.879574e+01
243           	5.865206e+01
244           	5.850997e+01
245           	5.836948e+01
246           	5.822999e+01
247           	5.809142e+01
248           	5.795457e+01
249           	5.781899e+01
250           	5.768422e+01
251           	5.754994e+01
252           	5.741763e+01
253           	5.728739e+01
254           	5.715859e+01
255           	5.703050e+01
256           	5.690381e+01
257           	5.677849e+01
258           	5.665389e+01
259           	5.652976e+01
260           	5.640710e+01
261           	5.628556e+01
262           	5.616482e+01
263           	5.604493e+01
264           	5.592728e+01
265           	5.580999e+01
266           	5.569422e+01
267           	5.557906e+01
268           	5.546518e+01
269           	5.535270e+01
270           	5.524103e+01
271           	5.512990e+01
272           	5.502008e+01
273           	5.491199e+01
274           	5.480406e+01
275           	5.469647e+01
276           	5.458995e+01
277           	5.448520e+01
278           	5.438032e+01
279           	5.427648e+01
280           	5.417409e+01
281           	5.407309e+01
282           	5.397291e+01
283           	5.387323e+01
284           	5.377478e+01
285           	5.367704e+01
286           	5.357972e+01
287           	5.348290e+01
288           	5.338731e+01
289           	5.329272e+01
290           	5.319950e+01
291           	5.310550e+01
292           	5.301319e+01
293           	5.292218e+01
294           	5.283179e+01
295           	5.274178e+01
296           	5.265301e+01
297           	5.256493e+01
298           	5.247711e+01
299           	5.238967e+01
300           	5.230340e+01
301           	5.221806e+01
302           	5.213325e+01
303           	5.205054e+01
304           	5.196574e+01
305           	5.188269e+01
306           	5.180049e+01
307           	5.171893e+01
308           	5.163874e+01
309           	5.155933e+01
310           	5.148020e+01
311           	5.140127e+01
312           	5.132326e+01
313           	5.124603e+01
314           	5.116918e+01
315           	5.109234e+01
316           	5.101728e+01
317           	5.094323e+01
318           	5.086801e+01
319           	5.079462e+01
320           	5.072058e+01
321           	5.064763e+01
322           	5.057540e+01
323           	5.050511e+01
324           	5.043392e+01
325           	5.036358e+01
326           	5.029381e+01
327           	5.022524e+01
328           	5.015698e+01
329           	5.009161e+01
330           	5.002072e+01
331           	4.995240e+01
332           	4.988460e+01
333           	4.981833e+01
334           	4.975381e+01
335           	4.968903e+01
336           	4.962575e+01
337           	4.956265e+01
338           	4.949946e+01
339           	4.943500e+01
340           	4.937128e+01
341           	4.930877e+01
342           	4.924873e+01
343           	4.918662e+01
344           	4.912574e+01
345           	4.906782e+01
346           	4.900673e+01
347           	4.894833e+01
348           	4.888772e+01
349           	4.882845e+01
350           	4.877023e+01
351           	4.871289e+01
352           	4.865829e+01
353           	4.860275e+01
354           	4.854390e+01
355           	4.848691e+01
356           	4.843092e+01
357           	4.837536e+01
358           	4.832084e+01
359           	4.826658e+01
360           	4.821359e+01
361           	4.816063e+01
362           	4.810949e+01
363           	4.805545e+01
364           	4.800408e+01
365           	4.795241e+01
366           	4.789823e+01
367           	4.784663e+01
368           	4.779492e+01
369           	4.774349e+01
370           	4.769360e+01
371           	4.764412e+01
372           	4.759565e+01
373           	4.754770e+01
374           	4.749987e+01
375           	4.745118e+01
376           	4.740311e+01
377           	4.735523e+01
378           	4.730751e+01
379           	4.725936e+01
380           	4.721230e+01
381           	4.716646e+01
382           	4.711972e+01
383           	4.707390e+01
384           	4.702891e+01
385           	4.698441e+01
386           	4.694010e+01
387           	4.689531e+01
388           	4.685126e+01
389           	4.680746e+01
390           	4.676327e+01
391           	4.671916e+01
392           	4.667615e+01
393           	4.663343e+01
394           	4.659036e+01
395           	4.654691e+01
396           	4.650627e+01
397           	4.646565e+01
398           	4.642495e+01
399           	4.638356e+01
400           	4.634283e+01
401           	4.630183e+01
402           	4.626059e+01
403           	4.622030e+01
404           	4.618091e+01
405           	4.614095e+01
406           	4.610125e+01
407           	4.606165e+01
408           	4.602311e+01
409           	4.598570e+01
410           	4.594778e+01
411           	4.590822e+01
412           	4.587091e+01
413           	4.583274e+01
414           	4.579522e+01
415           	4.575860e+01
416           	4.572169e+01
417           	4.568495e+01
418           	4.564789e+01
419           	4.561145e+01
420           	4.557498e+01
421           	4.553937e+01
422           	4.550371e+01
423           	4.546725e+01
424           	4.543285e+01
425           	4.539878e+01
426           	4.536335e+01
427           	4.532877e+01
428           	4.529369e+01
429           	4.525904e+01
430           	4.522438e+01
431           	4.519069e+01
432           	4.515661e+01
433           	4.512326e+01
434           	4.509039e+01
435           	4.505744e+01
436           	4.502461e+01
437           	4.499204e+01
438           	4.495871e+01
439           	4.492619e+01
440           	4.489348e+01
441           	4.486123e+01
442           	4.482911e+01
443           	4.479826e+01
444           	4.476660e+01
445           	4.473533e+01
446           	4.470454e+01
447           	4.467258e+01
448           	4.464201e+01
449           	4.461312e+01
450           	4.458287e+01
451           	4.455305e+01
452           	4.452252e+01
453           	4.449218e+01
454           	4.446179e+01
455           	4.443199e+01
456           	4.440279e+01
457           	4.437416e+01
458           	4.434549e+01
459           	4.431695e+01
460           	4.428884e+01
461           	4.426011e+01
462           	4.423145e+01
463           	4.420362e+01
464           	4.417502e+01
465           	4.414693e+01
466           	4.411881e+01
467           	4.409092e+01
468           	4.406441e+01
469           	4.403901e+01
470           	4.401279e+01
471           	4.398342e+01
472           	4.395569e+01
473           	4.392914e+01
474           	4.389227e+01
475           	4.386643e+01
476           	4.384357e+01
477           	4.382064e+01
478           	4.379663e+01
479           	4.377152e+01
480           	4.374605e+01
481           	4.372103e+01
482           	4.369587e+01
483           	4.367035e+01
484           	4.364572e+01
485           	4.362205e+01
486           	4.359775e+01
487           	4.357312e+01
488           	4.354900e+01
489           	4.352487e+01
490           	4.350048e+01
491           	4.347570e+01
492           	4.345130e+01
493           	4.342834e+01
494           	4.340509e+01
495           	4.338120e+01
496           	4.335838e+01
497           	4.333529e+01
498           	4.331273e+01
499           	4.328944e+01
500           	4.326677e+01
501           	4.324419e+01
502           	4.322199e+01
503           	4.319863e+01
504           	4.317579e+01
505           	4.315303e+01
506           	4.313021e+01
507           	4.310833e+01
508           	4.308682e+01
509           	4.306587e+01
510           	4.304472e+01
511           	4.302381e+01
512           	4.300251e+01
513           	4.298121e+01
514           	4.296037e+01
515           	4.293860e+01
516           	4.291793e+01
517           	4.289753e+01
518           	4.287708e+01
519           	4.285537e+01
520           	4.283444e+01
521           	4.281463e+01
522           	4.279503e+01
523           	4.277519e+01
524           	4.275621e+01
525           	4.273753e+01
526           	4.271812e+01
527           	4.269814e+01
528           	4.267772e+01
529           	4.265781e+01
530           	4.263810e+01
531           	4.261827e+01
532           	4.259893e+01
533           	4.258009e+01
534           	4.255997e+01
535           	4.254167e+01
536           	4.252341e+01
537           	4.250544e+01
538           	4.248771e+01
539           	4.246946e+01
540           	4.245117e+01
541           	4.243331e+01
542           	4.241548e+01
543           	4.239730e+01
544           	4.237942e+01
545           	4.236197e+01
546           	4.234449e+01
547           	4.232685e+01
548           	4.230970e+01
549           	4.229256e+01
550           	4.227489e+01
551           	4.225782e+01
552           	4.224142e+01
553           	4.222541e+01
554           	4.220925e+01
555           	4.219266e+01
556           	4.217632e+01
557           	4.216035e+01
558           	4.214415e+01
559           	4.212773e+01
560           	4.211183e+01
561           	4.209609e+01
562           	4.208009e+01
563           	4.206457e+01
564           	4.204883e+01
565           	4.203317e+01
566           	4.201820e+01
567           	4.200297e+01
568           	4.198812e+01
569           	4.197373e+01
570           	4.195918e+01
571           	4.194433e+01
572           	4.193002e+01
573           	4.191585e+01
574           	4.190142e+01
575           	4.188694e+01
576           	4.187375e+01
577           	4.186002e+01
578           	4.184639e+01
579           	4.183247e+01
580           	4.181858e+01
581           	4.180598e+01
582           	4.179355e+01
583           	4.178099e+01
584           	4.176886e+01
585           	4.175685e+01
586           	4.174457e+01
587           	4.173221e+01
588           	4.172017e+01
589           	4.170922e+01
590           	4.169722e+01
591           	4.168494e+01
592           	4.167316e+01
593           	4.166196e+01
594           	4.165079e+01
595           	4.163933e+01
596           	4.162890e+01
597           	4.161870e+01
598           	4.160830e+01
599           	4.159787e+01
600           	4.158790e+01
601           	4.157833e+01
602           	4.156955e+01
603           	4.155943e+01
604           	4.154982e+01
605           	4.154091e+01
606           	4.153207e+01
607           	4.152319e+01
608           	4.151502e+01
609           	4.150687e+01
610           	4.149900e+01
611           	4.149115e+01
612           	4.148411e+01
613           	4.147722e+01
614           	4.147013e+01
615           	4.146275e+01
616           	4.145483e+01
617           	4.144776e+01
618           	4.144055e+01
619           	4.143381e+01
620           	4.142761e+01
621           	4.142140e+01
622           	4.141419e+01
623           	4.140652e+01
624           	4.139992e+01
625           	4.139369e+01
626           	4.138728e+01
627           	4.138022e+01
628           	4.137392e+01
629           	4.136687e+01
630           	4.135955e+01
631           	4.135184e+01
632           	4.134442e+01
633           	4.133698e+01
634           	4.132912e+01
635           	4.132095e+01
636           	4.131294e+01
637           	4.130496e+01
638           	4.129715e+01
639           	4.128878e+01
640           	4.128038e+01
641           	4.127286e+01
642           	4.126411e+01
643           	4.125504e+01
644           	4.124638e+01
645           	4.123771e+01
646           	4.122873e+01
647           	4.121982e+01
648           	4.121090e+01
649           	4.120229e+01
650           	4.119342e+01
651           	4.118285e+01
652           	4.117396e+01
653           	4.116598e+01
654           	4.115884e+01
655           	4.115043e+01
656           	4.114244e+01
657           	4.113470e+01
658           	4.112657e+01
659           	4.111846e+01
660           	4.111100e+01
661           	4.110356e+01
662           	4.109541e+01
663           	4.108707e+01
664           	4.107951e+01
665           	4.107237e+01
666           	4.106502e+01
667           	4.105756e+01
668           	4.105071e+01
669           	4.104414e+01
670           	4.103736e+01
671           	4.103037e+01
672           	4.102397e+01
673           	4.101785e+01
674           	4.101162e+01
675           	4.100477e+01
676           	4.099828e+01
677           	4.099224e+01
678           	4.098609e+01
679           	4.097958e+01
680           	4.097424e+01
681           	4.096747e+01
682           	4.096175e+01
683           	4.095566e+01
684           	4.095061e+01
685           	4.094553e+01
686           	4.094044e+01
687           	4.093448e+01
688           	4.092890e+01
689           	4.092366e+01
690           	4.091845e+01
691           	4.091238e+01
692           	4.090697e+01
693           	4.090214e+01
694           	4.089637e+01
695           	4.089065e+01
696           	4.088413e+01
697           	4.087919e+01
698           	4.087483e+01
699           	4.087004e+01
700           	4.086550e+01
701           	4.086120e+01
702           	4.085688e+01
703           	4.085200e+01
704           	4.084742e+01
705           	4.084261e+01
706           	4.083801e+01
707           	4.083246e+01
708           	4.082740e+01
709           	4.082266e+01
710           	4.081801e+01
711           	4.081295e+01
712           	4.080812e+01
713           	4.080418e+01
714           	4.079991e+01
715           	4.079538e+01
716           	4.079115e+01
717           	4.078692e+01
718           	4.078225e+01
719           	4.077811e+01
720           	4.077358e+01
721           	4.076942e+01
722           	4.076517e+01
723           	4.076055e+01
724           	4.075618e+01
725           	4.075219e+01
726           	4.074760e+01
727           	4.074341e+01
728           	4.073978e+01
729           	4.073626e+01
730           	4.073232e+01
731           	4.072821e+01
732           	4.072502e+01
733           	4.072130e+01
734           	4.071748e+01
735           	4.071328e+01
736           	4.070929e+01
737           	4.070577e+01
738           	4.070209e+01
739           	4.069805e+01
740           	4.069447e+01
741           	4.069048e+01
742           	4.068696e+01
743           	4.068329e+01
744           	4.068009e+01
745           	4.067764e+01
746           	4.067419e+01
747           	4.067034e+01
748           	4.066639e+01
749           	4.066294e+01
750           	4.065949e+01
751           	4.065601e+01
752           	4.065288e+01
753           	4.064964e+01
754           	4.064598e+01
755           	4.064221e+01
756           	4.063825e+01
757           	4.063533e+01
758           	4.063315e+01
759           	4.062951e+01
760           	4.062615e+01
761           	4.062325e+01
762           	4.062017e+01
763           	4.061692e+01
764           	4.061406e+01
765           	4.061117e+01
766           	4.060795e+01
767           	4.060443e+01
768           	4.060132e+01
769           	4.059861e+01
770           	4.059560e+01
771           	4.059249e+01
772           	4.058924e+01
773           	4.058673e+01
774           	4.058409e+01
775           	4.058107e+01
776           	4.057861e+01
777           	4.057615e+01
778           	4.057324e+01
779           	4.056996e+01
780           	4.056716e+01
781           	4.056460e+01
782           	4.056187e+01
783           	4.055855e+01
784           	4.055617e+01
785           	4.055313e+01
786           	4.055051e+01
787           	4.054772e+01
788           	4.054546e+01
789           	4.054324e+01
790           	4.054062e+01
791           	4.053777e+01
792           	4.053515e+01
793           	4.053273e+01
794           	4.053013e+01
795           	4.052694e+01
796           	4.052407e+01
797           	4.052220e+01
798           	4.051927e+01
799           	4.051585e+01
800           	4.051356e+01
801           	4.051143e+01
802           	4.050896e+01
803           	4.050643e+01
804           	4.050416e+01
805           	4.050200e+01
806           	4.049964e+01
807           	4.049679e+01
808           	4.049406e+01
809           	4.049165e+01
810           	4.048983e+01
811           	4.048671e+01
812           	4.048421e+01
813           	4.048165e+01
814           	4.047926e+01
815           	4.047705e+01
816           	4.047518e+01
817           	4.047359e+01
818           	4.047161e+01
819           	4.046924e+01
820           	4.046692e+01
821           	4.046495e+01
822           	4.046279e+01
823           	4.046118e+01
824           	4.045894e+01
825           	4.045714e+01
826           	4.045497e+01
827           	4.045230e+01
828           	4.045071e+01
829           	4.044952e+01
830           	4.044825e+01
831           	4.044638e+01
832           	4.044473e+01
833           	4.044342e+01
834           	4.044188e+01
835           	4.043980e+01
836           	4.043896e+01
837           	4.043735e+01
838           	4.043557e+01
839           	4.043374e+01
840           	4.043233e+01
841           	4.043106e+01
842           	4.043014e+01
843           	4.042869e+01
844           	4.042735e+01
845           	4.042630e+01
846           	4.042502e+01
847           	4.042333e+01
848           	4.042197e+01
849           	4.042127e+01
850           	4.041927e+01
851           	4.041714e+01
852           	4.041546e+01
853           	4.041405e+01
854           	4.041254e+01
855           	4.041006e+01
856           	4.040853e+01
857           	4.040740e+01
858           	4.040605e+01
859           	4.040435e+01
860           	4.040295e+01
861           	4.040144e+01
862           	4.040021e+01
863           	4.039781e+01
864           	4.039579e+01
865           	4.039410e+01
866           	4.039227e+01
867           	4.039007e+01
868           	4.038809e+01
869           	4.038638e+01
870           	4.038411e+01
871           	4.038207e+01
872           	4.038051e+01
873           	4.037890e+01
874           	4.037679e+01
875           	4.037509e+01
876           	4.037283e+01
877           	4.037083e+01
878           	4.036868e+01
879           	4.036601e+01
880           	4.036357e+01
881           	4.036149e+01
882           	4.035915e+01
883           	4.035637e+01
884           	4.035383e+01
885           	4.035174e+01
886           	4.034927e+01
887           	4.034650e+01
888           	4.034466e+01
889           	4.034208e+01
890           	4.033937e+01
891           	4.033617e+01
892           	4.033313e+01
893           	4.033046e+01
894           	4.032758e+01
895           	4.032433e+01
896           	4.032137e+01
897           	4.031835e+01
898           	4.031399e+01
899           	4.031075e+01
900           	4.030802e+01
901           	4.030610e+01
902           	4.030317e+01
903           	4.029968e+01
904           	4.029639e+01
905           	4.029338e+01
906           	4.029012e+01
907           	4.028646e+01
908           	4.028314e+01
909           	4.027978e+01
910           	4.027606e+01
911           	4.027217e+01
912           	4.026861e+01
913           	4.026510e+01
914           	4.025836e+01
915           	4.025426e+01
916           	4.025109e+01
917           	4.024848e+01
918           	4.024560e+01
919           	4.024221e+01
920           	4.023916e+01
921           	4.023573e+01
922           	4.023144e+01
923           	4.022723e+01
924           	4.022350e+01
925           	4.021996e+01
926           	4.021603e+01
927           	4.021223e+01
928           	4.020797e+01
929           	4.020415e+01
930           	4.020011e+01
931           	4.019567e+01
932           	4.019160e+01
933           	4.018753e+01
934           	4.018274e+01
935           	4.017391e+01
936           	4.016998e+01
937           	4.016679e+01
938           	4.016351e+01
939           	4.015940e+01
940           	4.015588e+01
941           	4.015167e+01
942           	4.014705e+01
943           	4.014186e+01
944           	4.013749e+01
945           	4.013316e+01
946           	4.012867e+01
947           	4.012392e+01
948           	4.011943e+01
949           	4.011507e+01
950           	4.011046e+01
951           	4.010522e+01
952           	4.009991e+01
953           	4.009589e+01
954           	4.009034e+01
955           	4.008459e+01
956           	4.007860e+01
957           	4.007386e+01
958           	4.006905e+01
959           	4.006413e+01
960           	4.005946e+01
961           	4.005478e+01
962           	4.004978e+01
963           	4.004418e+01
964           	4.003860e+01
965           	4.003320e+01
966           	4.002824e+01
967           	4.002210e+01
968           	4.001649e+01
969           	4.001103e+01
970           	4.000520e+01
971           	3.999915e+01
972           	3.999159e+01
973           	3.998542e+01
974           	3.998078e+01
975           	3.997580e+01
976           	3.997084e+01
977           	3.996586e+01
978           	3.996030e+01
979           	3.995467e+01
980           	3.994852e+01
981           	3.994244e+01
982           	3.993605e+01
983           	3.992954e+01
984           	3.992353e+01
985           	3.991781e+01
986           	3.991189e+01
987           	3.990531e+01
988           	3.989876e+01
989           	3.989299e+01
990           	3.988700e+01
991           	3.988054e+01
992           	3.987504e+01
993           	3.986879e+01
994           	3.986223e+01
995           	3.985553e+01
996           	3.984910e+01
997           	3.984289e+01
998           	3.983648e+01
999           	3.982951e+01
1000          	3.982268e+01
1001          	3.981611e+01
1002          	3.980902e+01
1003          	3.980227e+01
1004          	3.979603e+01
1005          	3.979028e+01
1006          	3.978348e+01
1007          	3.977640e+01
1008          	3.976977e+01
1009          	3.976331e+01
1010          	3.975667e+01
1011          	3.974951e+01
1012          	3.974249e+01
1013          	3.973572e+01
1014          	3.972877e+01
1015          	3.972152e+01
1016          	3.971457e+01
1017          	3.970589e+01
1018          	3.969927e+01
1019          	3.969232e+01
1020          	3.968603e+01
1021          	3.968001e+01
1022          	3.967366e+01
1023          	3.966673e+01
1024          	3.966002e+01
1025          	3.965346e+01
1026          	3.964633e+01
1027          	3.963866e+01
1028          	3.963137e+01
1029          	3.962415e+01
1030          	3.961660e+01
1031          	3.960955e+01
1032          	3.960213e+01
1033          	3.959485e+01
1034          	3.958807e+01
1035          	3.958082e+01
1036          	3.957379e+01
1037          	3.956706e+01
1038          	3.956004e+01
1039          	3.955258e+01
1040          	3.954550e+01
1041          	3.953840e+01
1042          	3.953089e+01
1043          	3.952315e+01
1044          	3.951642e+01
1045          	3.950912e+01
1046          	3.950171e+01
1047          	3.949332e+01
1048          	3.948618e+01
1049          	3.947955e+01
1050          	3.947274e+01
1051          	3.946552e+01
1052          	3.945858e+01
1053          	3.945160e+01
1054          	3.944409e+01
1055          	3.943648e+01
1056          	3.942908e+01
1057          	3.942257e+01
1058          	3.941510e+01
1059          	3.940724e+01
1060          	3.939969e+01
1061          	3.939246e+01
1062          	3.938463e+01
1063          	3.937739e+01
1064          	3.937065e+01
1065          	3.936384e+01
1066          	3.935671e+01
1067          	3.934923e+01
1068          	3.934207e+01
1069          	3.933501e+01
1070          	3.932830e+01
1071          	3.932024e+01
1072          	3.931249e+01
1073          	3.930530e+01
1074          	3.929809e+01
1075          	3.929043e+01
1076          	3.928313e+01
1077          	3.927458e+01
1078          	3.926751e+01
1079          	3.926029e+01
1080          	3.925350e+01
1081          	3.924690e+01
1082          	3.924018e+01
1083          	3.923348e+01
1084          	3.922585e+01
1085          	3.921851e+01
1086          	3.921117e+01
1087          	3.920333e+01
1088          	3.919605e+01
1089          	3.918897e+01
1090          	3.918176e+01
1091          	3.917415e+01
1092          	3.916686e+01
1093          	3.915910e+01
1094          	3.915224e+01
1095          	3.914498e+01
1096          	3.913856e+01
1097          	3.913172e+01
1098          	3.912479e+01
1099          	3.911761e+01
1100          	3.911078e+01
1101          	3.910393e+01
1102          	3.909682e+01
1103          	3.908929e+01
1104          	3.908214e+01
1105          	3.907525e+01
1106          	3.906834e+01
1107          	3.906072e+01
1108          	3.905316e+01
1109          	3.904717e+01
1110          	3.904024e+01
1111          	3.903316e+01
1112          	3.902663e+01
1113          	3.901996e+01
1114          	3.901313e+01
1115          	3.900589e+01
1116          	3.899903e+01
1117          	3.899226e+01
1118          	3.898546e+01
1119          	3.897799e+01
1120          	3.897083e+01
1121          	3.896401e+01
1122          	3.895678e+01
1123          	3.894973e+01
1124          	3.894338e+01
1125          	3.893719e+01
1126          	3.893073e+01
1127          	3.892394e+01
1128          	3.891748e+01
1129          	3.891119e+01
1130          	3.890479e+01
1131          	3.889756e+01
1132          	3.889054e+01
1133          	3.888395e+01
1134          	3.887742e+01
1135          	3.887111e+01
1136          	3.886421e+01
1137          	3.885737e+01
1138          	3.885082e+01
1139          	3.884428e+01
1140          	3.883819e+01
1141          	3.883233e+01
1142          	3.882620e+01
1143          	3.881950e+01
1144          	3.881290e+01
1145          	3.880663e+01
1146          	3.880038e+01
1147          	3.879347e+01
1148          	3.878783e+01
1149          	3.878111e+01
1150          	3.877417e+01
1151          	3.876618e+01
1152          	3.876031e+01
1153          	3.875502e+01
1154          	3.874958e+01
1155          	3.874371e+01
1156          	3.873755e+01
1157          	3.873189e+01
1158          	3.872599e+01
1159          	3.871965e+01
1160          	3.871351e+01
1161          	3.870826e+01
1162          	3.870154e+01
1163          	3.869490e+01
1164          	3.868885e+01
1165          	3.868309e+01
1166          	3.867728e+01
1167          	3.867007e+01
1168          	3.866443e+01
1169          	3.865929e+01
1170          	3.865396e+01
1171          	3.864829e+01
1172          	3.864282e+01
1173          	3.863730e+01
1174          	3.863213e+01
1175          	3.862584e+01
1176          	3.861973e+01
1177          	3.861403e+01
1178          	3.860855e+01
1179          	3.860263e+01
1180          	3.859687e+01
1181          	3.859155e+01
1182          	3.858577e+01
1183          	3.857781e+01
1184          	3.857209e+01
1185          	3.856761e+01
1186          	3.856278e+01
1187          	3.855836e+01
1188          	3.855322e+01
1189          	3.854936e+01
1190          	3.854545e+01
1191          	3.853999e+01
1192          	3.853425e+01
1193          	3.852823e+01
1194          	3.852258e+01
1195          	3.851651e+01
1196          	3.851106e+01
1197          	3.850578e+01
1198          	3.850106e+01
1199          	3.849521e+01
1200          	3.848401e+01
1201          	3.847966e+01
1202          	3.847598e+01
1203          	3.847190e+01
1204          	3.846788e+01
1205          	3.846385e+01
1206          	3.845941e+01
1207          	3.845374e+01
1208          	3.844899e+01
1209          	3.844442e+01
1210          	3.843967e+01
1211          	3.843467e+01
1212          	3.843016e+01
1213          	3.842644e+01
1214          	3.842179e+01
1215          	3.841658e+01
1216          	3.841161e+01
1217          	3.840704e+01
1218          	3.840235e+01
1219          	3.839739e+01
1220          	3.839279e+01
1221          	3.838862e+01
1222          	3.838416e+01
1223          	3.837934e+01
1224          	3.837497e+01
1225          	3.837074e+01
1226          	3.836693e+01
1227          	3.836170e+01
1228          	3.835689e+01
1229          	3.835249e+01
1230          	3.834796e+01
1231          	3.834325e+01
1232          	3.833904e+01
1233          	3.833471e+01
1234          	3.832846e+01
1235          	3.832373e+01
1236          	3.831990e+01
1237          	3.831641e+01
1238          	3.831271e+01
1239          	3.830913e+01
1240          	3.830483e+01
1241          	3.830083e+01
1242          	3.829665e+01
1243          	3.829206e+01
1244          	3.828794e+01
1245          	3.828391e+01
1246          	3.827966e+01
1247          	3.827516e+01
1248          	3.827102e+01
1249          	3.826708e+01
1250          	3.826275e+01
1251          	3.825842e+01
1252          	3.825501e+01
1253          	3.825117e+01
1254          	3.824726e+01
1255          	3.824316e+01
1256          	3.823947e+01
1257          	3.823587e+01
1258          	3.823186e+01
1259          	3.822767e+01
1260          	3.822375e+01
1261          	3.822011e+01
1262          	3.821633e+01
1263          	3.821208e+01
1264          	3.820758e+01
1265          	3.820503e+01
1266          	3.820142e+01
1267          	3.819762e+01
1268          	3.819430e+01
1269          	3.819102e+01
1270          	3.818742e+01
1271          	3.818367e+01
1272          	3.818022e+01
1273          	3.817691e+01
1274          	3.817346e+01
1275          	3.816958e+01
1276          	3.816591e+01
1277          	3.816257e+01
1278          	3.815966e+01
1279          	3.815600e+01
1280          	3.815294e+01
1281          	3.815003e+01
1282          	3.814678e+01
1283          	3.814343e+01
1284          	3.814048e+01
1285          	3.813772e+01
1286          	3.813469e+01
1287          	3.813116e+01
1288          	3.812786e+01
1289          	3.812493e+01
1290          	3.812179e+01
1291          	3.811895e+01
1292          	3.811530e+01
1293          	3.811266e+01
1294          	3.810991e+01
1295          	3.810700e+01
1296          	3.810458e+01
1297          	3.810238e+01
1298          	3.809997e+01
1299          	3.809687e+01
1300          	3.809403e+01
1301          	3.809153e+01
1302          	3.808882e+01
1303          	3.808571e+01
1304          	3.808381e+01
1305          	3.808113e+01
1306          	3.807817e+01
1307          	3.807479e+01
1308          	3.807265e+01
1309          	3.807091e+01
1310          	3.806906e+01
1311          	3.806659e+01
1312          	3.806425e+01
1313          	3.806227e+01
1314          	3.806008e+01
1315          	3.805749e+01
1316          	3.805533e+01
1317          	3.805381e+01
1318          	3.805114e+01
1319          	3.804841e+01
1320          	3.804627e+01
1321          	3.804436e+01
1322          	3.804287e+01
1323          	3.804092e+01
1324          	3.803917e+01
1325          	3.803767e+01
1326          	3.803594e+01
1327          	3.803386e+01
1328          	3.803216e+01
1329          	3.803047e+01
1330          	3.802915e+01
1331          	3.802669e+01
1332          	3.802480e+01
1333          	3.802327e+01
1334          	3.802162e+01
1335          	3.801502e+01
1336          	3.801390e+01
1337          	3.801369e+01
1338          	3.801337e+01
1339          	3.801259e+01
1340          	3.801196e+01
1341          	3.801106e+01
1342          	3.800947e+01
1343          	3.800767e+01
1344          	3.800622e+01
1345          	3.800538e+01
1346          	3.800465e+01
1347          	3.800342e+01
1348          	3.800256e+01
1349          	3.800215e+01
1350          	3.800142e+01
1351          	3.800012e+01
1352          	3.799923e+01
1353          	3.799834e+01
1354          	3.799718e+01
1355          	3.799565e+01
1356          	3.799528e+01
1357          	3.799406e+01
1358          	3.799352e+01
1359          	3.799255e+01
1360          	3.799199e+01
1361          	3.799183e+01
1362          	3.799150e+01
1363          	3.799062e+01
1364          	3.799023e+01
1365          	3.798984e+01
1366          	3.798906e+01
1367          	3.798804e+01
1368          	3.798746e+01
1369          	3.798776e+01
1370          	3.798715e+01
1371          	3.798607e+01
1372          	3.797889e+01
1373          	3.797943e+01
1374          	3.798060e+01
1375          	3.798163e+01
1376          	3.798285e+01
1377          	3.798378e+01
1378          	3.798391e+01
1379          	3.798309e+01
1380          	3.798304e+01
1381          	3.798327e+01
1382          	3.798406e+01
1383          	3.798368e+01
1384          	3.798368e+01
1385          	3.798415e+01
1386          	3.798446e+01
1387          	3.798442e+01
1388          	3.798482e+01
1389          	3.798519e+01
1390          	3.798512e+01
1391          	3.798482e+01
1392          	3.798479e+01
1393          	3.798552e+01
1394          	3.798614e+01
1395          	3.798689e+01
1396          	3.798699e+01
1397          	3.798753e+01
1398          	3.798796e+01
1399          	3.798807e+01
1400          	3.798866e+01
1401          	3.798929e+01
1402          	3.798955e+01
1403          	3.798954e+01
1404          	3.798998e+01
1405          	3.799063e+01
1406          	3.799049e+01
1407          	3.799079e+01
1408          	3.799220e+01
1409          	3.799313e+01
1410          	3.799394e+01
1411          	3.799447e+01
1412          	3.799545e+01
1413          	3.799650e+01
1414          	3.799717e+01
1415          	3.799756e+01
1416          	3.799826e+01
1417          	3.799923e+01
1418          	3.800009e+01
1419          	3.800043e+01
1420          	3.800097e+01
1421          	3.800244e+01
1422          	3.800330e+01
1423          	3.800396e+01
1424          	3.800517e+01
1425          	3.800643e+01
1426          	3.800739e+01
1427          	3.800812e+01
1428          	3.800922e+01
1429          	3.801043e+01
1430          	3.801148e+01
1431          	3.801199e+01
1432          	3.801275e+01
1433          	3.801385e+01
1434          	3.801542e+01
1435          	3.801509e+01
1436          	3.801635e+01
1437          	3.801793e+01
1438          	3.801923e+01
1439          	3.802036e+01
1440          	3.802189e+01
1441          	3.802357e+01
1442          	3.802497e+01
1443          	3.802574e+01
1444          	3.802671e+01
1445          	3.802801e+01
1446          	3.802910e+01
1447          	3.803056e+01
1448          	3.803161e+01
1449          	3.803280e+01
1450          	3.803360e+01
1451          	3.803473e+01
1452          	3.803641e+01
1453          	3.803832e+01
1454          	3.804003e+01
1455          	3.804104e+01
1456          	3.804228e+01
1457          	3.804383e+01
1458          	3.804513e+01
1459          	3.804600e+01
1460          	3.804802e+01
1461          	3.804919e+01
1462          	3.805012e+01
1463          	3.805090e+01
1464          	3.805171e+01
1465          	3.805365e+01
1466          	3.805558e+01
1467          	3.805692e+01
1468          	3.805837e+01
1469          	3.806013e+01
1470          	3.806165e+01
1471          	3.806274e+01
1472          	3.806415e+01
1473          	3.806623e+01
1474          	3.806705e+01
1475          	3.806777e+01
1476          	3.806903e+01
1477          	3.807056e+01
1478          	3.807196e+01
1479          	3.807223e+01
1480          	3.807367e+01
1481          	3.807553e+01
1482          	3.807723e+01
1483          	3.807848e+01
1484          	3.808011e+01
1485          	3.808165e+01
1486          	3.808346e+01
1487          	3.808406e+01
1488          	3.808511e+01
1489          	3.808647e+01
1490          	3.808773e+01
1491          	3.808853e+01
1492          	3.808960e+01
1493          	3.809098e+01
1494          	3.809188e+01
1495          	3.809296e+01
1496          	3.809452e+01
1497          	3.809606e+01
1498          	3.809714e+01
1499          	3.809860e+01
1500          	3.809952e+01
1501          	3.810072e+01
1502          	3.810183e+01
1503          	3.810240e+01
1504          	3.810324e+01
1505          	3.810448e+01
1506          	3.810552e+01
1507          	3.810605e+01
1508          	3.810667e+01
1509          	3.810806e+01
1510          	3.810915e+01
1511          	3.810995e+01
1512          	3.811169e+01
1513          	3.811279e+01
1514          	3.811377e+01
1515          	3.811421e+01
1516          	3.811488e+01
1517          	3.811596e+01
1518          	3.811685e+01
1519          	3.811732e+01
1520          	3.811817e+01
1521          	3.811905e+01
1522          	3.811952e+01
1523          	3.811266e+01
1524          	3.811419e+01
1525          	3.811740e+01
1526          	3.811955e+01
1527          	3.812098e+01
1528          	3.812235e+01
1529          	3.812369e+01
1530          	3.812401e+01
1531          	3.812450e+01
1532          	3.812554e+01
1533          	3.812662e+01
1534          	3.812745e+01
1535          	3.812796e+01
1536          	3.812888e+01
1537          	3.812993e+01
1538          	3.813149e+01
1539          	3.813139e+01
1540          	3.813159e+01
1541          	3.813221e+01
1542          	3.813269e+01
1543          	3.813273e+01
1544          	3.813256e+01
1545          	3.813351e+01
1546          	3.813426e+01
1547          	3.813469e+01
1548          	3.813546e+01
1549          	3.813637e+01
1550          	3.813706e+01
1551          	3.813774e+01
1552          	3.813760e+01
1553          	3.813783e+01
1554          	3.813800e+01
1555          	3.813776e+01
1556          	3.813810e+01
1557          	3.813854e+01
1558          	3.813863e+01
1559          	3.813818e+01
1560          	3.813860e+01
1561          	3.813925e+01
1562          	3.813972e+01
1563          	3.813942e+01
1564          	3.814004e+01
1565          	3.814004e+01
1566          	3.813996e+01
1567          	3.813943e+01
1568          	3.813944e+01
1569          	3.813955e+01
1570          	3.813939e+01
1571          	3.813881e+01
1572          	3.813852e+01
1573          	3.812721e+01
1574          	3.812876e+01
1575          	3.813049e+01
1576          	3.813244e+01
1577          	3.813492e+01
1578          	3.813556e+01
1579          	3.813536e+01
1580          	3.813555e+01
1581          	3.813543e+01
1582          	3.813493e+01
1583          	3.813424e+01
1584          	3.813411e+01
1585          	3.813424e+01
1586          	3.813435e+01
1587          	3.813383e+01
1588          	3.813351e+01
1589          	3.813339e+01
1590          	3.813368e+01
1591          	3.813204e+01
1592          	3.813173e+01
1593          	3.813170e+01
1594          	3.813142e+01
1595          	3.813088e+01
1596          	3.813081e+01
1597          	3.813091e+01
1598          	3.813075e+01
1599          	3.812980e+01
1600          	3.812908e+01
1601          	3.812866e+01
1602          	3.812802e+01
1603          	3.812763e+01
1604          	3.812678e+01
1605          	3.812604e+01
1606          	3.812464e+01
1607          	3.812380e+01
1608          	3.812365e+01
1609          	3.812376e+01
1610          	3.812371e+01
1611          	3.812283e+01
1612          	3.812221e+01
1613          	3.812189e+01
1614          	3.812134e+01
1615          	3.812017e+01
1616          	3.812021e+01
1617          	3.811935e+01
1618          	3.811833e+01
1619          	3.811708e+01
1620          	3.811633e+01
1621          	3.811564e+01
1622          	3.811554e+01
1623          	3.811478e+01
1624          	3.811418e+01
1625          	3.811391e+01
1626          	3.811347e+01
1627          	3.811248e+01
1628          	3.811188e+01
1629          	3.811198e+01
1630          	3.811079e+01
1631          	3.810937e+01
1632          	3.810853e+01
1633          	3.810800e+01
1634          	3.810744e+01
1635          	3.810616e+01
1636          	3.810563e+01
1637          	3.810539e+01
1638          	3.810493e+01
1639          	3.810398e+01
1640          	3.810347e+01
1641          	3.810291e+01
1642          	3.810263e+01
1643          	3.810123e+01
1644          	3.810026e+01
1645          	3.809965e+01
1646          	3.809896e+01
1647          	3.809781e+01
1648          	3.809689e+01
1649          	3.809571e+01
1650          	3.809519e+01
1651          	3.809452e+01
1652          	3.809432e+01
1653          	3.809407e+01
1654          	3.809335e+01
1655          	3.809305e+01
1656          	3.809223e+01
1657          	3.809164e+01
1658          	3.809103e+01
1659          	3.808989e+01
1660          	3.808907e+01
1661          	3.808867e+01
1662          	3.808800e+01
1663          	3.808692e+01
1664          	3.808620e+01
1665          	3.808594e+01
1666          	3.808539e+01
1667          	3.808454e+01
1668          	3.808471e+01
1669          	3.808417e+01
1670          	3.808356e+01
1671          	3.808246e+01
1672          	3.808167e+01
1673          	3.808125e+01
1674          	3.808071e+01
1675          	3.807974e+01
1676          	3.807916e+01
1677          	3.807853e+01
1678          	3.807657e+01
1679          	3.807573e+01
1680          	3.807550e+01
1681          	3.807627e+01
1682          	3.807600e+01
1683          	3.807516e+01
1684          	3.807460e+01
1685          	3.807440e+01
1686          	3.807396e+01
1687          	3.807305e+01
1688          	3.807260e+01
1689          	3.807205e+01
1690          	3.807121e+01
1691          	3.807015e+01
1692          	3.806955e+01
1693          	3.806908e+01
1694          	3.806854e+01
1695          	3.806744e+01
1696          	3.806688e+01
1697          	3.806680e+01
1698          	3.806657e+01
1699          	3.806598e+01
1700          	3.806587e+01
1701          	3.806573e+01
1702          	3.806503e+01
1703          	3.806401e+01
1704          	3.806340e+01
1705          	3.806300e+01
1706          	3.806240e+01
1707          	3.806192e+01
1708          	3.806083e+01
1709          	3.806008e+01
1710          	3.805980e+01
1711          	3.805920e+01
1712          	3.805916e+01
1713          	3.805910e+01
1714          	3.805853e+01
1715          	3.805757e+01
1716          	3.805707e+01
1717          	3.805674e+01
1718          	3.805621e+01
1719          	3.805502e+01
1720          	3.805482e+01
1721          	3.805409e+01
1722          	3.805326e+01
1723          	3.805151e+01
1724          	3.805130e+01
1725          	3.805130e+01
1726          	3.805104e+01
1727          	3.805046e+01
1728          	3.805012e+01
1729          	3.804998e+01
1730          	3.804965e+01
1731          	3.804865e+01
1732          	3.804776e+01
1733          	3.804793e+01
1734          	3.804701e+01
1735          	3.804585e+01
1736          	3.804526e+01
1737          	3.804475e+01
1738          	3.804383e+01
1739          	3.804320e+01
1740          	3.804298e+01
1741          	3.804286e+01
1742          	3.804256e+01
1743          	3.804164e+01
1744          	3.804087e+01
1745          	3.804039e+01
1746          	3.804038e+01
1747          	3.803908e+01
1748          	3.803833e+01
1749          	3.803777e+01
1750          	3.803687e+01
1751          	3.803578e+01
1752          	3.803394e+01
1753          	3.803380e+01
1754          	3.803369e+01
1755          	3.803313e+01
1756          	3.803276e+01
1757          	3.803262e+01
1758          	3.803211e+01
1759          	3.803192e+01
1760          	3.803121e+01
1761          	3.803047e+01
1762          	3.802939e+01
1763          	3.802819e+01
1764          	3.802746e+01
1765          	3.802703e+01
1766          	3.802649e+01
1767          	3.802531e+01
1768          	3.802379e+01
1769          	3.802352e+01
1770          	3.802309e+01
1771          	3.802227e+01
1772          	3.802246e+01
1773          	3.802182e+01
1774          	3.802091e+01
1775          	3.801986e+01
1776          	3.801912e+01
1777          	3.801868e+01
1778          	3.801803e+01
1779          	3.801679e+01
1780          	3.801572e+01
1781          	3.801506e+01
1782          	3.801423e+01
1783          	3.801269e+01
1784          	3.801220e+01
1785          	3.801249e+01
1786          	3.801153e+01
1787          	3.801041e+01
1788          	3.800975e+01
1789          	3.800931e+01
1790          	3.800877e+01
1791          	3.800761e+01
1792          	3.800663e+01
1793          	3.800592e+01
1794          	3.800508e+01
1795          	3.800385e+01
1796          	3.800307e+01
1797          	3.800215e+01
1798          	3.800204e+01
1799          	3.800087e+01
1800          	3.800018e+01
1801          	3.799978e+01
1802          	3.799926e+01
1803          	3.799818e+01
1804          	3.799736e+01
1805          	3.799684e+01
1806          	3.799607e+01
1807          	3.799490e+01
1808          	3.799429e+01
1809          	3.799362e+01
1810          	3.799254e+01
1811          	3.799031e+01
1812          	3.798932e+01
1813          	3.798934e+01
1814          	3.798957e+01
1815          	3.798911e+01
1816          	3.798889e+01
1817          	3.798915e+01
1818          	3.798897e+01
1819          	3.798819e+01
1820          	3.797202e+01
1821          	3.797525e+01
1822          	3.797821e+01
1823          	3.798031e+01
1824          	3.798307e+01
1825          	3.798305e+01
1826          	3.798260e+01
1827          	3.798150e+01
1828          	3.798195e+01
1829          	3.798183e+01
1830          	3.798168e+01
1831          	3.798125e+01
1832          	3.798128e+01
1833          	3.798139e+01
1834          	3.798102e+01
1835          	3.798023e+01
1836          	3.797962e+01
1837          	3.798014e+01
1838          	3.797955e+01
1839          	3.797850e+01
1840          	3.797754e+01
1841          	3.797645e+01
1842          	3.797638e+01
1843          	3.797632e+01
1844          	3.797645e+01
1845          	3.797677e+01
1846          	3.797663e+01
1847          	3.797613e+01
1848          	3.797576e+01
1849          	3.797580e+01
1850          	3.797617e+01
1851          	3.797502e+01
1852          	3.797410e+01
1853          	3.797389e+01
1854          	3.797352e+01
1855          	3.797287e+01
1856          	3.797245e+01
1857          	3.797114e+01
1858          	3.797085e+01
1859          	3.797050e+01
1860          	3.797050e+01
1861          	3.797097e+01
1862          	3.797106e+01
1863          	3.797109e+01
1864          	3.797042e+01
1865          	3.797024e+01
1866          	3.796977e+01
1867          	3.796893e+01
1868          	3.796844e+01
1869          	3.796834e+01
1870          	3.796790e+01
1871          	3.796713e+01
1872          	3.796647e+01
1873          	3.796597e+01
1874          	3.796591e+01
1875          	3.796532e+01
1876          	3.796552e+01
1877          	3.796537e+01
1878          	3.796505e+01
1879          	3.796444e+01
1880          	3.796404e+01
1881          	3.796400e+01
1882          	3.796357e+01
1883          	3.796276e+01
1884          	3.796211e+01
1885          	3.796202e+01
1886          	3.796166e+01
1887          	3.796063e+01
1888          	3.795912e+01
1889          	3.795981e+01
1890          	3.795950e+01
1891          	3.795893e+01
1892          	3.795866e+01
1893          	3.795870e+01
1894          	3.795839e+01
1895          	3.795773e+01
