# Region type : patch out
# Faces  :    90
# Area   :    1.250000e-07
# Time        	areaAverage(p)
0             	0.000000e+00
1             	0.000000e+00
2             	0.000000e+00
3             	0.000000e+00
4             	0.000000e+00
5             	-5.655786e-02
6             	-4.021964e-02
7             	-3.321474e-02
8             	-3.224429e-02
9             	-2.695454e-02
10            	-2.004042e-02
11            	-1.406731e-02
12            	-9.847118e-03
13            	-6.892983e-03
14            	-4.825088e-03
15            	-3.377561e-03
16            	-2.364293e-03
17            	-1.809835e-03
18            	-1.267442e-03
19            	-8.885984e-04
20            	-6.232461e-04
21            	-4.366613e-04
22            	-3.064717e-04
23            	-2.145302e-04
24            	-1.501711e-04
25            	-1.051198e-04
26            	-7.358384e-05
27            	-5.150869e-05
28            	-3.605608e-05
29            	-2.523926e-05
30            	-1.766748e-05
31            	-1.236724e-05
32            	-8.657066e-06
33            	-6.059946e-06
34            	-4.241962e-06
35            	-2.969374e-06
36            	-2.078561e-06
37            	-1.454993e-06
38            	-1.018495e-06
39            	-7.129466e-07
40            	-4.990626e-07
41            	-3.493438e-07
42            	-2.445407e-07
43            	-1.711785e-07
44            	-1.198249e-07
45            	-8.387745e-08
46            	-5.871422e-08
47            	-4.109995e-08
48            	-2.876997e-08
49            	-2.013898e-08
50            	-1.409728e-08
51            	-9.868098e-09
52            	-6.907669e-09
53            	-4.835368e-09
54            	-3.384758e-09
55            	-2.369330e-09
56            	-1.658531e-09
57            	-1.160972e-09
58            	-8.126803e-10
59            	-5.688762e-10
60            	-3.982134e-10
61            	-2.787494e-10
62            	-1.951245e-10
63            	-1.365872e-10
64            	-9.561103e-11
65            	-6.692772e-11
66            	-4.684940e-11
67            	-3.279458e-11
68            	-2.295621e-11
69            	-1.606935e-11
70            	-1.124854e-11
71            	-7.873979e-12
72            	-5.511786e-12
73            	-3.858250e-12
74            	-2.700775e-12
75            	-1.890542e-12
76            	-1.323380e-12
77            	-9.263658e-13
78            	-6.484561e-13
79            	-4.539192e-13
80            	-3.177435e-13
81            	-2.224204e-13
82            	-1.556943e-13
83            	-1.089860e-13
84            	-7.629021e-14
85            	-5.340314e-14
86            	-3.738220e-14
87            	-2.616754e-14
88            	-1.831728e-14
89            	-1.282209e-14
90            	-8.975466e-15
91            	-6.282827e-15
92            	-4.397979e-15
93            	-3.078585e-15
94            	-2.155010e-15
95            	-1.508507e-15
96            	-1.055955e-15
97            	-7.391683e-16
98            	-5.174178e-16
99            	-3.621924e-16
100           	-2.535347e-16
101           	-1.774743e-16
102           	-1.242320e-16
103           	-8.696241e-17
104           	-6.087368e-17
105           	-4.261158e-17
106           	-2.982811e-17
107           	-2.087967e-17
108           	-1.461577e-17
109           	-1.023104e-17
110           	-7.161728e-18
111           	-5.013210e-18
112           	-3.509247e-18
113           	-2.456473e-18
114           	-1.719531e-18
115           	-1.203672e-18
116           	-8.425702e-19
117           	-5.897991e-19
118           	-4.128594e-19
119           	-2.890016e-19
120           	-2.023011e-19
121           	-1.416108e-19
122           	-9.912754e-20
123           	-6.938928e-20
124           	-4.857249e-20
125           	-3.400074e-20
126           	-2.380052e-20
127           	-1.666036e-20
128           	-1.166226e-20
129           	-8.163579e-21
130           	-5.714505e-21
131           	-4.000154e-21
132           	-2.800108e-21
133           	-1.960075e-21
134           	-1.372053e-21
135           	-9.604369e-22
136           	-6.723058e-22
137           	-4.706141e-22
138           	-3.294299e-22
139           	-2.306009e-22
140           	-1.614206e-22
141           	-1.129944e-22
142           	-7.909611e-23
143           	-5.536728e-23
144           	-3.875709e-23
145           	-2.712996e-23
146           	-1.899098e-23
147           	-1.329368e-23
148           	-9.305578e-24
149           	-6.513905e-24
150           	-4.559733e-24
151           	-3.191813e-24
152           	-2.234269e-24
153           	-1.563988e-24
154           	-1.094792e-24
155           	-7.663544e-25
156           	-5.364480e-25
157           	-3.755136e-25
158           	-2.628595e-25
159           	-1.840017e-25
160           	-1.288012e-25
161           	-9.016082e-26
162           	-6.311258e-26
163           	-4.417880e-26
164           	-3.092516e-26
165           	-2.164761e-26
166           	-1.515333e-26
167           	-1.060733e-26
168           	-7.425132e-27
169           	-5.197592e-27
170           	-3.638314e-27
171           	-2.546820e-27
172           	-1.782774e-27
173           	-1.247942e-27
174           	-8.735593e-28
175           	-6.114915e-28
176           	-4.280441e-28
177           	-2.996308e-28
178           	-2.097416e-28
179           	-1.468191e-28
180           	-1.027734e-28
181           	-7.194136e-29
182           	-5.035896e-29
183           	-3.525127e-29
184           	-2.467589e-29
185           	-1.727312e-29
186           	-1.209119e-29
187           	-8.463830e-30
188           	-5.924681e-30
189           	-4.147277e-30
190           	-2.903094e-30
191           	-2.032165e-30
192           	-1.422516e-30
193           	-9.957611e-31
194           	-6.970328e-31
195           	-4.879229e-31
196           	-3.415461e-31
197           	-2.390822e-31
198           	-1.673576e-31
199           	-1.171503e-31
200           	-8.200521e-32
201           	-5.740365e-32
202           	-4.018255e-32
203           	-2.812779e-32
204           	-1.968945e-32
205           	-1.378262e-32
206           	-9.647831e-33
207           	-6.753481e-33
208           	-4.727437e-33
209           	-3.309206e-33
210           	-2.316444e-33
211           	-1.621511e-33
212           	-1.135058e-33
213           	-7.945403e-34
214           	-5.561782e-34
215           	-3.893248e-34
216           	-2.725273e-34
217           	-1.907691e-34
218           	-1.335384e-34
219           	-9.347688e-35
220           	-6.543381e-35
221           	-4.580367e-35
222           	-3.206257e-35
223           	-2.244380e-35
224           	-1.571066e-35
225           	-1.099746e-35
226           	-7.698223e-36
227           	-5.388756e-36
228           	-3.772129e-36
229           	-2.640490e-36
230           	-1.848343e-36
231           	-1.293840e-36
232           	-9.056882e-37
233           	-6.339817e-37
234           	-4.437872e-37
235           	-3.106511e-37
236           	-2.174557e-37
237           	-1.522190e-37
238           	-1.065533e-37
239           	-7.458732e-38
240           	-5.221112e-38
241           	-3.654779e-38
242           	-2.558345e-38
243           	-1.790842e-38
244           	-1.253589e-38
245           	-8.775123e-39
246           	-6.142586e-39
247           	-4.299810e-39
248           	-3.009867e-39
249           	-2.106907e-39
250           	-1.474835e-39
251           	-1.032384e-39
252           	-7.226691e-40
253           	-5.058684e-40
254           	-3.541079e-40
255           	-2.478755e-40
256           	-1.735129e-40
257           	-1.214590e-40
258           	-8.502130e-41
259           	-5.951491e-41
260           	-4.166044e-41
261           	-2.916231e-41
262           	-2.041361e-41
263           	-1.428953e-41
264           	-1.000267e-41
265           	-7.001870e-42
266           	-4.901309e-42
267           	-3.430916e-42
268           	-2.401641e-42
269           	-1.681149e-42
270           	-1.176804e-42
271           	-8.237630e-43
272           	-5.766341e-43
273           	-4.036439e-43
274           	-2.825507e-43
275           	-1.977855e-43
276           	-1.384498e-43
277           	-9.691489e-44
278           	-6.784042e-44
279           	-4.748830e-44
280           	-3.324181e-44
281           	-2.326927e-44
282           	-1.628849e-44
283           	-1.140194e-44
284           	-7.981358e-45
285           	-5.586951e-45
286           	-3.910865e-45
287           	-2.737606e-45
288           	-1.916324e-45
289           	-1.341427e-45
290           	-9.389988e-46
291           	-6.572992e-46
292           	-4.601094e-46
293           	-3.220766e-46
294           	-2.254536e-46
295           	-1.578175e-46
296           	-1.104723e-46
297           	-7.733059e-47
298           	-5.413141e-47
299           	-3.789199e-47
300           	-2.652439e-47
301           	-1.856707e-47
302           	-1.299695e-47
303           	-9.097866e-48
304           	-6.368506e-48
305           	-4.457955e-48
306           	-3.120568e-48
307           	-2.184398e-48
308           	-1.529078e-48
309           	-1.070355e-48
310           	-7.492484e-49
311           	-5.244739e-49
312           	-3.671317e-49
313           	-2.569922e-49
314           	-1.798945e-49
315           	-1.259262e-49
316           	-8.814833e-50
317           	-6.170383e-50
318           	-4.319268e-50
319           	-3.023488e-50
320           	-2.116441e-50
321           	-1.481509e-50
322           	-1.037056e-50
323           	-7.259394e-51
324           	-5.081576e-51
325           	-3.557103e-51
326           	-2.489972e-51
327           	-1.742980e-51
328           	-1.220086e-51
329           	-8.540604e-52
330           	-5.978423e-52
331           	-4.184896e-52
332           	-2.929427e-52
333           	-2.050599e-52
334           	-1.435419e-52
335           	-1.004794e-52
336           	-7.033555e-53
337           	-4.923488e-53
338           	-3.446442e-53
339           	-2.412509e-53
340           	-1.688756e-53
341           	-1.182130e-53
342           	-8.274907e-54
343           	-5.792435e-54
344           	-4.054704e-54
345           	-2.838293e-54
346           	-1.986805e-54
347           	-1.390764e-54
348           	-9.735345e-55
349           	-6.814742e-55
350           	-4.770319e-55
351           	-3.339223e-55
352           	-2.337456e-55
353           	-1.636219e-55
354           	-1.145354e-55
355           	-8.017475e-56
356           	-5.612233e-56
357           	-3.928563e-56
358           	-2.749994e-56
359           	-1.924996e-56
360           	-1.347497e-56
361           	-9.432480e-57
362           	-6.602736e-57
363           	-4.621915e-57
364           	-3.235340e-57
365           	-2.264738e-57
366           	-1.585317e-57
367           	-1.109722e-57
368           	-7.768053e-58
369           	-5.437637e-58
370           	-3.806346e-58
371           	-2.664442e-58
372           	-1.865109e-58
373           	-1.305577e-58
374           	-9.139036e-59
375           	-6.397325e-59
376           	-4.478128e-59
377           	-3.134689e-59
378           	-2.194283e-59
379           	-1.535998e-59
380           	-1.075198e-59
381           	-7.526389e-60
382           	-5.268472e-60
383           	-3.687931e-60
384           	-2.581552e-60
385           	-1.807086e-60
386           	-1.264960e-60
387           	-8.854722e-61
388           	-6.198305e-61
389           	-4.338814e-61
390           	-3.037170e-61
391           	-2.126019e-61
392           	-1.488213e-61
393           	-1.041749e-61
394           	-7.292244e-62
395           	-5.104571e-62
396           	-3.573200e-62
397           	-2.501240e-62
398           	-1.750868e-62
399           	-1.225607e-62
400           	-8.579252e-63
401           	-6.005477e-63
402           	-4.203834e-63
403           	-2.942684e-63
404           	-2.059878e-63
405           	-1.441915e-63
406           	-1.009340e-63
407           	-7.065383e-64
408           	-4.945768e-64
409           	-3.462038e-64
410           	-2.423426e-64
411           	-1.696398e-64
412           	-1.187479e-64
413           	-8.312353e-65
414           	-5.818647e-65
415           	-4.073053e-65
416           	-2.851137e-65
417           	-1.995796e-65
418           	-1.397057e-65
419           	-9.779400e-66
420           	-6.845580e-66
421           	-4.791906e-66
422           	-3.354334e-66
423           	-2.348034e-66
424           	-1.643624e-66
425           	-1.150537e-66
426           	-8.053756e-67
427           	-5.637629e-67
428           	-3.946341e-67
429           	-2.762438e-67
430           	-1.933707e-67
431           	-1.353595e-67
432           	-9.475164e-68
433           	-6.632614e-68
434           	-4.642830e-68
435           	-3.249981e-68
436           	-2.274987e-68
437           	-1.592491e-68
438           	-1.114744e-68
439           	-7.803205e-69
440           	-5.462243e-69
441           	-3.823570e-69
442           	-2.676499e-69
443           	-1.873549e-69
444           	-1.311485e-69
445           	-9.180392e-70
446           	-6.426275e-70
447           	-4.498392e-70
448           	-3.148875e-70
449           	-2.204212e-70
450           	-1.542949e-70
451           	-1.080064e-70
452           	-7.560448e-71
453           	-5.292313e-71
454           	-3.704619e-71
455           	-2.593234e-71
456           	-1.815263e-71
457           	-1.270684e-71
458           	-8.894791e-72
459           	-6.226354e-72
460           	-4.358448e-72
461           	-3.050913e-72
462           	-2.135639e-72
463           	-1.494948e-72
464           	-1.046463e-72
465           	-7.325243e-73
466           	-5.127670e-73
467           	-3.589369e-73
468           	-2.512558e-73
469           	-1.758791e-73
470           	-1.231154e-73
471           	-8.618075e-74
472           	-6.032653e-74
473           	-4.222857e-74
474           	-2.956000e-74
475           	-2.069200e-74
476           	-1.448440e-74
477           	-1.013908e-74
478           	-7.097355e-75
479           	-4.968149e-75
480           	-3.477704e-75
481           	-2.434393e-75
482           	-1.704075e-75
483           	-1.192853e-75
484           	-8.349968e-76
485           	-5.844977e-76
486           	-4.091484e-76
487           	-2.864039e-76
488           	-2.004827e-76
489           	-1.403379e-76
490           	-9.823653e-77
491           	-6.876557e-77
492           	-4.813590e-77
493           	-3.369513e-77
494           	-2.358659e-77
495           	-1.651061e-77
496           	-1.155743e-77
497           	-8.090201e-78
498           	-5.663141e-78
499           	-3.964199e-78
500           	-2.774939e-78
501           	-1.942457e-78
502           	-1.359720e-78
503           	-9.518041e-79
504           	-6.662628e-79
505           	-4.663840e-79
506           	-3.264688e-79
507           	-2.285282e-79
508           	-1.599697e-79
509           	-1.119788e-79
510           	-7.838516e-80
511           	-5.486961e-80
512           	-3.840873e-80
513           	-2.688611e-80
514           	-1.882028e-80
515           	-1.317419e-80
516           	-9.221935e-81
517           	-6.455355e-81
518           	-4.518748e-81
519           	-3.163124e-81
520           	-2.214187e-81
521           	-1.549931e-81
522           	-1.084951e-81
523           	-7.594660e-82
524           	-5.316262e-82
525           	-3.721384e-82
526           	-2.604969e-82
527           	-1.823478e-82
528           	-1.276435e-82
529           	-8.935042e-83
530           	-6.254529e-83
531           	-4.378171e-83
532           	-3.064719e-83
533           	-2.145304e-83
534           	-1.501713e-83
535           	-1.051199e-83
536           	-7.358391e-84
537           	-5.150874e-84
538           	-3.605612e-84
539           	-2.523928e-84
540           	-1.766750e-84
541           	-1.236725e-84
542           	-8.657074e-85
543           	-6.059952e-85
544           	-4.241966e-85
545           	-2.969376e-85
546           	-2.078563e-85
547           	-1.454994e-85
548           	-1.018496e-85
549           	-7.129472e-86
550           	-4.990631e-86
551           	-3.493442e-86
552           	-2.445409e-86
553           	-1.711786e-86
554           	-1.198250e-86
555           	-8.387753e-87
556           	-5.871427e-87
557           	-4.109999e-87
558           	-2.876999e-87
559           	-2.013900e-87
560           	-1.409730e-87
561           	-9.868108e-88
562           	-6.907675e-88
563           	-4.835373e-88
564           	-3.384761e-88
565           	-2.369333e-88
566           	-1.658533e-88
567           	-1.160973e-88
568           	-8.126811e-89
569           	-5.688768e-89
570           	-3.982137e-89
571           	-2.787496e-89
572           	-1.951247e-89
573           	-1.365873e-89
574           	-9.561112e-90
575           	-6.692778e-90
576           	-4.684945e-90
577           	-3.279461e-90
578           	-2.295623e-90
579           	-1.606936e-90
580           	-1.124855e-90
581           	-7.873987e-91
582           	-5.511791e-91
583           	-3.858253e-91
584           	-2.700777e-91
585           	-1.890544e-91
586           	-1.323381e-91
587           	-9.263667e-92
588           	-6.484567e-92
589           	-4.539197e-92
590           	-3.177438e-92
591           	-2.224206e-92
592           	-1.556944e-92
593           	-1.089861e-92
594           	-7.629028e-93
595           	-5.340319e-93
596           	-3.738224e-93
597           	-2.616757e-93
598           	-1.831730e-93
599           	-1.282211e-93
600           	-8.975475e-94
601           	-6.282832e-94
602           	-4.397983e-94
603           	-3.078588e-94
604           	-2.155012e-94
605           	-1.508508e-94
606           	-1.055956e-94
607           	-7.391690e-95
608           	-5.174183e-95
609           	-3.621928e-95
610           	-2.535350e-95
611           	-1.774745e-95
612           	-1.242321e-95
613           	-8.696249e-96
614           	-6.087374e-96
615           	-4.261162e-96
616           	-2.982813e-96
617           	-2.087969e-96
618           	-1.461579e-96
619           	-1.023105e-96
620           	-7.161735e-97
621           	-5.013214e-97
622           	-3.509250e-97
623           	-2.456475e-97
624           	-1.719533e-97
625           	-1.203673e-97
626           	-8.425709e-98
627           	-5.897997e-98
628           	-4.128598e-98
629           	-2.890018e-98
630           	-2.023013e-98
631           	-1.416109e-98
632           	-9.912763e-99
633           	-6.938934e-99
634           	-4.857254e-99
635           	-3.400078e-99
636           	-2.380054e-99
637           	-1.666038e-99
638           	-1.166227e-99
639           	-8.163586e-100
640           	-5.714511e-100
641           	-4.000157e-100
642           	-2.800110e-100
643           	-1.960077e-100
644           	-1.372054e-100
645           	-9.604378e-101
646           	-6.723064e-101
647           	-4.706145e-101
648           	-3.294302e-101
649           	-2.306011e-101
650           	-1.614208e-101
651           	-1.129945e-101
652           	-7.909618e-102
653           	-5.536733e-102
654           	-3.875713e-102
655           	-2.712999e-102
656           	-1.899099e-102
657           	-1.329370e-102
658           	-9.305587e-103
659           	-6.513911e-103
660           	-4.559737e-103
661           	-3.191816e-103
662           	-2.234271e-103
663           	-1.563990e-103
664           	-1.094793e-103
665           	-7.663551e-104
666           	-5.364486e-104
667           	-3.755140e-104
668           	-2.628598e-104
669           	-1.840019e-104
670           	-1.288013e-104
671           	-9.016091e-105
672           	-6.311264e-105
673           	-4.417885e-105
674           	-3.092519e-105
675           	-2.164763e-105
676           	-1.515334e-105
677           	-1.060734e-105
678           	-7.425138e-106
679           	-5.197597e-106
680           	-3.638318e-106
681           	-2.546823e-106
682           	-1.782776e-106
683           	-1.247943e-106
684           	-8.735601e-107
685           	-6.114921e-107
686           	-4.280445e-107
687           	-2.996311e-107
688           	-2.097418e-107
689           	-1.468192e-107
690           	-1.027735e-107
691           	-7.194143e-108
692           	-5.035900e-108
693           	-3.525130e-108
694           	-2.467591e-108
695           	-1.727314e-108
696           	-1.209120e-108
697           	-8.463838e-109
698           	-5.924686e-109
699           	-4.147280e-109
700           	-2.903096e-109
701           	-2.032167e-109
702           	-1.422517e-109
703           	-9.957620e-110
704           	-6.970334e-110
705           	-4.879234e-110
706           	-3.415464e-110
707           	-2.390825e-110
708           	-1.673577e-110
709           	-1.171504e-110
710           	-8.200528e-111
711           	-5.740370e-111
712           	-4.018259e-111
713           	-2.812781e-111
714           	-1.968947e-111
715           	-1.378263e-111
716           	-9.647840e-112
717           	-6.753488e-112
718           	-4.727441e-112
719           	-3.309209e-112
720           	-2.316446e-112
721           	-1.621512e-112
722           	-1.135059e-112
723           	-7.945411e-113
724           	-5.561788e-113
725           	-3.893251e-113
726           	-2.725276e-113
727           	-1.907693e-113
728           	-1.335385e-113
729           	-9.347696e-114
730           	-6.543387e-114
731           	-4.580371e-114
732           	-3.206260e-114
733           	-2.244382e-114
734           	-1.571067e-114
735           	-1.099747e-114
736           	-7.698230e-115
737           	-5.388761e-115
738           	-3.772133e-115
739           	-2.640493e-115
740           	-1.848345e-115
741           	-1.293842e-115
742           	-9.056891e-116
743           	-6.339823e-116
744           	-4.437876e-116
745           	-3.106513e-116
746           	-2.174559e-116
747           	-1.522192e-116
748           	-1.065534e-116
749           	-7.458739e-117
750           	-5.221117e-117
751           	-3.654782e-117
752           	-2.558347e-117
753           	-1.790843e-117
754           	-1.253590e-117
755           	-8.775132e-118
756           	-6.142592e-118
757           	-4.299814e-118
758           	-3.009870e-118
759           	-2.106909e-118
760           	-1.474836e-118
761           	-1.032385e-118
762           	-7.226698e-119
763           	-5.058689e-119
764           	-3.541082e-119
765           	-2.478757e-119
766           	-1.735130e-119
767           	-1.214591e-119
768           	-8.502138e-120
769           	-5.951497e-120
770           	-4.166048e-120
771           	-2.916233e-120
772           	-2.041363e-120
773           	-1.428954e-120
774           	-1.000268e-120
775           	-7.001876e-121
776           	-4.901313e-121
777           	-3.430919e-121
778           	-2.401644e-121
779           	-1.681151e-121
780           	-1.176805e-121
781           	-8.237638e-122
782           	-5.766346e-122
783           	-4.036442e-122
784           	-2.825510e-122
785           	-1.977857e-122
786           	-1.384500e-122
787           	-9.691498e-123
788           	-6.784049e-123
789           	-4.748834e-123
790           	-3.324184e-123
791           	-2.326929e-123
792           	-1.628850e-123
793           	-1.140195e-123
794           	-7.981366e-124
795           	-5.586956e-124
796           	-3.910869e-124
797           	-2.737608e-124
798           	-1.916326e-124
799           	-1.341428e-124
800           	-9.389997e-125
801           	-6.572998e-125
802           	-4.601098e-125
803           	-3.220769e-125
804           	-2.254538e-125
805           	-1.578177e-125
806           	-1.104724e-125
807           	-7.733066e-126
808           	-5.413146e-126
809           	-3.789202e-126
810           	-2.652442e-126
811           	-1.856709e-126
812           	-1.299696e-126
813           	-9.097875e-127
814           	-6.368512e-127
815           	-4.457959e-127
816           	-3.120571e-127
817           	-2.184400e-127
818           	-1.529080e-127
819           	-1.070356e-127
820           	-7.492491e-128
821           	-5.244744e-128
822           	-3.671321e-128
823           	-2.569924e-128
824           	-1.798947e-128
825           	-1.259263e-128
826           	-8.814841e-129
827           	-6.170389e-129
828           	-4.319272e-129
829           	-3.023490e-129
830           	-2.116443e-129
831           	-1.481510e-129
832           	-1.037057e-129
833           	-7.259401e-130
834           	-5.081580e-130
835           	-3.557106e-130
836           	-2.489974e-130
837           	-1.742982e-130
838           	-1.220087e-130
839           	-8.540612e-131
840           	-5.978429e-131
841           	-4.184900e-131
842           	-2.929430e-131
843           	-2.050601e-131
844           	-1.435421e-131
845           	-1.004794e-131
846           	-7.033561e-132
847           	-4.923493e-132
848           	-3.446445e-132
849           	-2.412512e-132
850           	-1.688758e-132
851           	-1.182131e-132
852           	-8.274915e-133
853           	-5.792440e-133
854           	-4.054708e-133
855           	-2.838296e-133
856           	-1.986807e-133
857           	-1.390765e-133
858           	-9.735354e-134
859           	-6.814748e-134
860           	-4.770324e-134
861           	-3.339227e-134
862           	-2.337459e-134
863           	-1.636221e-134
864           	-1.145355e-134
865           	-8.017483e-135
866           	-5.612238e-135
867           	-3.928567e-135
868           	-2.749997e-135
869           	-1.924998e-135
870           	-1.347498e-135
871           	-9.432488e-136
872           	-6.602742e-136
873           	-4.621919e-136
874           	-3.235344e-136
875           	-2.264740e-136
876           	-1.585318e-136
877           	-1.109723e-136
878           	-7.768060e-137
879           	-5.437642e-137
880           	-3.806349e-137
881           	-2.664445e-137
882           	-1.865111e-137
883           	-1.305578e-137
884           	-9.139045e-138
885           	-6.397331e-138
886           	-4.478132e-138
887           	-3.134692e-138
888           	-2.194285e-138
889           	-1.535999e-138
890           	-1.075199e-138
891           	-7.526396e-139
892           	-5.268477e-139
893           	-3.687934e-139
894           	-2.581554e-139
895           	-1.807088e-139
896           	-1.264961e-139
897           	-8.854730e-140
898           	-6.198311e-140
899           	-4.338818e-140
900           	-3.037172e-140
901           	-2.126021e-140
902           	-1.488214e-140
903           	-1.041750e-140
904           	-7.292251e-141
905           	-5.104576e-141
906           	-3.573203e-141
907           	-2.501242e-141
908           	-1.750869e-141
909           	-1.225609e-141
910           	-8.579260e-142
911           	-6.005482e-142
912           	-4.203838e-142
913           	-2.942686e-142
914           	-2.059880e-142
915           	-1.441916e-142
916           	-1.009341e-142
917           	-7.065390e-143
918           	-4.945773e-143
919           	-3.462041e-143
920           	-2.423429e-143
921           	-1.696400e-143
922           	-1.187480e-143
923           	-8.312360e-144
924           	-5.818652e-144
925           	-4.073057e-144
926           	-2.851140e-144
927           	-1.995798e-144
928           	-1.397058e-144
929           	-9.779409e-145
930           	-6.845586e-145
931           	-4.791910e-145
932           	-3.354337e-145
933           	-2.348036e-145
934           	-1.643625e-145
935           	-1.150538e-145
936           	-8.053764e-146
937           	-5.637635e-146
938           	-3.946344e-146
939           	-2.762441e-146
940           	-1.933709e-146
941           	-1.353596e-146
942           	-9.475172e-147
943           	-6.632621e-147
944           	-4.642834e-147
945           	-3.249984e-147
946           	-2.274989e-147
947           	-1.592492e-147
948           	-1.114745e-147
949           	-7.803212e-148
950           	-5.462248e-148
951           	-3.823574e-148
952           	-2.676502e-148
953           	-1.873551e-148
954           	-1.311486e-148
955           	-9.180401e-149
956           	-6.426281e-149
957           	-4.498396e-149
958           	-3.148877e-149
959           	-2.204214e-149
960           	-1.542950e-149
961           	-1.080065e-149
962           	-7.560455e-150
963           	-5.292318e-150
964           	-3.704623e-150
965           	-2.593236e-150
966           	-1.815265e-150
967           	-1.270686e-150
968           	-8.894799e-151
969           	-6.226360e-151
970           	-4.358452e-151
971           	-3.050916e-151
972           	-2.135641e-151
973           	-1.494949e-151
974           	-1.046464e-151
975           	-7.325250e-152
976           	-5.127675e-152
977           	-3.589372e-152
978           	-2.512561e-152
979           	-1.758792e-152
980           	-1.231155e-152
981           	-8.618083e-153
982           	-6.032658e-153
983           	-4.222861e-153
984           	-2.956003e-153
985           	-2.069202e-153
986           	-1.448441e-153
987           	-1.013909e-153
988           	-7.097362e-154
989           	-4.968153e-154
990           	-3.477707e-154
991           	-2.434395e-154
992           	-1.704077e-154
993           	-1.192854e-154
994           	-8.349976e-155
995           	-5.844983e-155
996           	-4.091488e-155
997           	-2.864042e-155
998           	-2.004829e-155
999           	-1.403380e-155
1000          	-9.823663e-156
1001          	-6.876564e-156
1002          	-4.813595e-156
1003          	-3.369516e-156
1004          	-2.358661e-156
1005          	-1.651063e-156
1006          	-1.155744e-156
1007          	-8.090209e-157
1008          	-5.663146e-157
1009          	-3.964202e-157
1010          	-2.774942e-157
1011          	-1.942459e-157
1012          	-1.359721e-157
1013          	-9.518050e-158
1014          	-6.662635e-158
1015          	-4.663844e-158
1016          	-3.264691e-158
1017          	-2.285284e-158
1018          	-1.599699e-158
1019          	-1.119789e-158
1020          	-7.838523e-159
1021          	-5.486966e-159
1022          	-3.840876e-159
1023          	-2.688613e-159
1024          	-1.882029e-159
1025          	-1.317421e-159
1026          	-9.221944e-160
1027          	-6.455361e-160
1028          	-4.518753e-160
1029          	-3.163127e-160
1030          	-2.214189e-160
1031          	-1.549932e-160
1032          	-1.084952e-160
1033          	-7.594667e-161
1034          	-5.316267e-161
1035          	-3.721387e-161
1036          	-2.604971e-161
1037          	-1.823480e-161
1038          	-1.276436e-161
1039          	-8.935050e-162
1040          	-6.254535e-162
1041          	-4.378175e-162
1042          	-3.064722e-162
1043          	-2.145306e-162
1044          	-1.501714e-162
1045          	-1.051200e-162
1046          	-7.358398e-163
1047          	-5.150879e-163
1048          	-3.605615e-163
1049          	-2.523931e-163
1050          	-1.766751e-163
1051          	-1.236726e-163
1052          	-8.657082e-164
1053          	-6.059957e-164
1054          	-4.241970e-164
1055          	-2.969379e-164
1056          	-2.078565e-164
1057          	-1.454996e-164
1058          	-1.018497e-164
1059          	-7.129479e-165
1060          	-4.990635e-165
1061          	-3.493445e-165
1062          	-2.445411e-165
1063          	-1.711788e-165
1064          	-1.198252e-165
1065          	-8.387761e-166
1066          	-5.871433e-166
1067          	-4.110003e-166
1068          	-2.877002e-166
1069          	-2.013901e-166
1070          	-1.409731e-166
1071          	-9.868117e-167
1072          	-6.907682e-167
1073          	-4.835377e-167
1074          	-3.384764e-167
1075          	-2.369335e-167
1076          	-1.658534e-167
1077          	-1.160974e-167
1078          	-8.126819e-168
1079          	-5.688773e-168
1080          	-3.982141e-168
1081          	-2.787499e-168
1082          	-1.951249e-168
1083          	-1.365874e-168
1084          	-9.561121e-169
1085          	-6.692785e-169
1086          	-4.684949e-169
1087          	-3.279464e-169
1088          	-2.295625e-169
1089          	-1.606938e-169
1090          	-1.124856e-169
1091          	-7.873994e-170
1092          	-5.511796e-170
1093          	-3.858257e-170
1094          	-2.700780e-170
1095          	-1.890546e-170
1096          	-1.323382e-170
1097          	-9.263675e-171
1098          	-6.484573e-171
1099          	-4.539201e-171
1100          	-3.177441e-171
1101          	-2.224208e-171
1102          	-1.556946e-171
1103          	-1.089862e-171
1104          	-7.629035e-172
1105          	-5.340324e-172
1106          	-3.738227e-172
1107          	-2.616759e-172
1108          	-1.831731e-172
1109          	-1.282212e-172
1110          	-8.975483e-173
1111          	-6.282838e-173
1112          	-4.397987e-173
1113          	-3.078591e-173
1114          	-2.155014e-173
1115          	-1.508509e-173
1116          	-1.055957e-173
1117          	-7.391696e-174
1118          	-5.174188e-174
1119          	-3.621931e-174
1120          	-2.535352e-174
1121          	-1.774746e-174
1122          	-1.242322e-174
1123          	-8.696257e-175
1124          	-6.087380e-175
1125          	-4.261166e-175
1126          	-2.982816e-175
1127          	-2.087971e-175
1128          	-1.461580e-175
1129          	-1.023106e-175
1130          	-7.161742e-176
1131          	-5.013219e-176
1132          	-3.509253e-176
1133          	-2.456477e-176
1134          	-1.719534e-176
1135          	-1.203674e-176
1136          	-8.425717e-177
1137          	-5.898002e-177
1138          	-4.128601e-177
1139          	-2.890021e-177
1140          	-2.023015e-177
1141          	-1.416110e-177
1142          	-9.912772e-178
1143          	-6.938941e-178
1144          	-4.857258e-178
1145          	-3.400081e-178
1146          	-2.380057e-178
1147          	-1.666040e-178
1148          	-1.166228e-178
1149          	-8.163594e-179
1150          	-5.714516e-179
1151          	-4.000161e-179
1152          	-2.800113e-179
1153          	-1.960079e-179
1154          	-1.372055e-179
1155          	-9.604387e-180
1156          	-6.723071e-180
1157          	-4.706150e-180
1158          	-3.294305e-180
1159          	-2.306013e-180
1160          	-1.614209e-180
1161          	-1.129947e-180
1162          	-7.909626e-181
1163          	-5.536738e-181
1164          	-3.875717e-181
1165          	-2.713002e-181
1166          	-1.899101e-181
1167          	-1.329371e-181
1168          	-9.305595e-182
1169          	-6.513917e-182
1170          	-4.559742e-182
1171          	-3.191819e-182
1172          	-2.234273e-182
1173          	-1.563991e-182
1174          	-1.094794e-182
1175          	-7.663558e-183
1176          	-5.364491e-183
1177          	-3.755143e-183
1178          	-2.628600e-183
1179          	-1.840020e-183
1180          	-1.288014e-183
1181          	-9.016099e-184
1182          	-6.311269e-184
1183          	-4.417889e-184
1184          	-3.092522e-184
1185          	-2.164765e-184
1186          	-1.515336e-184
1187          	-1.060735e-184
1188          	-7.425145e-185
1189          	-5.197602e-185
1190          	-3.638321e-185
1191          	-2.546825e-185
1192          	-1.782777e-185
1193          	-1.247944e-185
1194          	-8.735609e-186
1195          	-6.114927e-186
1196          	-4.280449e-186
1197          	-2.996314e-186
1198          	-2.097420e-186
1199          	-1.468194e-186
1200          	-1.027736e-186
1201          	-7.194150e-187
1202          	-5.035905e-187
1203          	-3.525133e-187
1204          	-2.467593e-187
1205          	-1.727315e-187
1206          	-1.209121e-187
1207          	-8.463845e-188
1208          	-5.924692e-188
1209          	-4.147284e-188
1210          	-2.903099e-188
1211          	-2.032169e-188
1212          	-1.422519e-188
1213          	-9.957630e-189
1214          	-6.970341e-189
1215          	-4.879238e-189
1216          	-3.415467e-189
1217          	-2.390827e-189
1218          	-1.673579e-189
1219          	-1.171505e-189
1220          	-8.200536e-190
1221          	-5.740375e-190
1222          	-4.018263e-190
1223          	-2.812784e-190
1224          	-1.968949e-190
1225          	-1.378264e-190
1226          	-9.647849e-191
1227          	-6.753494e-191
1228          	-4.727446e-191
1229          	-3.309212e-191
1230          	-2.316448e-191
1231          	-1.621514e-191
1232          	-1.135060e-191
1233          	-7.945418e-192
1234          	-5.561793e-192
1235          	-3.893255e-192
1236          	-2.725278e-192
1237          	-1.907695e-192
1238          	-1.335386e-192
1239          	-9.347705e-193
1240          	-6.543394e-193
1241          	-4.580376e-193
1242          	-3.206263e-193
1243          	-2.244384e-193
1244          	-1.571069e-193
1245          	-1.099748e-193
1246          	-7.698237e-194
1247          	-5.388766e-194
1248          	-3.772136e-194
1249          	-2.640495e-194
1250          	-1.848347e-194
1251          	-1.293843e-194
1252          	-9.056899e-195
1253          	-6.339829e-195
1254          	-4.437881e-195
1255          	-3.106516e-195
1256          	-2.174561e-195
1257          	-1.522193e-195
1258          	-1.065535e-195
1259          	-7.458746e-196
1260          	-5.221122e-196
1261          	-3.654785e-196
1262          	-2.558350e-196
1263          	-1.790845e-196
1264          	-1.253591e-196
1265          	-8.775140e-197
1266          	-6.142598e-197
1267          	-4.299819e-197
1268          	-3.009873e-197
1269          	-2.106911e-197
1270          	-1.474838e-197
1271          	-1.032386e-197
1272          	-7.226705e-198
1273          	-5.058693e-198
1274          	-3.541085e-198
1275          	-2.478760e-198
1276          	-1.735132e-198
1277          	-1.214592e-198
1278          	-8.502146e-199
1279          	-5.951502e-199
1280          	-4.166052e-199
1281          	-2.916236e-199
1282          	-2.041365e-199
1283          	-1.428956e-199
1284          	-1.000269e-199
1285          	-7.001883e-200
1286          	-4.901318e-200
1287          	-3.430923e-200
1288          	-2.401646e-200
1289          	-1.681152e-200
1290          	-1.176806e-200
1291          	-8.237645e-201
1292          	-5.766352e-201
1293          	-4.036446e-201
1294          	-2.825512e-201
1295          	-1.977859e-201
1296          	-1.384501e-201
1297          	-9.691507e-202
1298          	-6.784055e-202
1299          	-4.748839e-202
1300          	-3.324187e-202
1301          	-2.326931e-202
1302          	-1.628852e-202
1303          	-1.140196e-202
1304          	-7.981373e-203
1305          	-5.586961e-203
1306          	-3.910873e-203
1307          	-2.737611e-203
1308          	-1.916328e-203
1309          	-1.341429e-203
1310          	-9.390006e-204
1311          	-6.573004e-204
1312          	-4.601103e-204
1313          	-3.220772e-204
1314          	-2.254540e-204
1315          	-1.578178e-204
1316          	-1.104725e-204
1317          	-7.733073e-205
1318          	-5.413151e-205
1319          	-3.789206e-205
1320          	-2.652444e-205
1321          	-1.856711e-205
1322          	-1.299698e-205
1323          	-9.097883e-206
1324          	-6.368518e-206
1325          	-4.457963e-206
1326          	-3.120574e-206
1327          	-2.184402e-206
1328          	-1.529081e-206
1329          	-1.070357e-206
1330          	-7.492498e-207
1331          	-5.244749e-207
1332          	-3.671324e-207
1333          	-2.569927e-207
1334          	-1.798949e-207
1335          	-1.259264e-207
1336          	-8.814849e-208
1337          	-6.170394e-208
1338          	-4.319276e-208
1339          	-3.023493e-208
1340          	-2.116445e-208
1341          	-1.481512e-208
1342          	-1.037058e-208
1343          	-7.259407e-209
1344          	-5.081585e-209
1345          	-3.557110e-209
1346          	-2.489977e-209
1347          	-1.742984e-209
1348          	-1.220089e-209
1349          	-8.540620e-210
1350          	-5.978434e-210
1351          	-4.184904e-210
1352          	-2.929433e-210
1353          	-2.050603e-210
1354          	-1.435422e-210
1355          	-1.004795e-210
1356          	-7.033568e-211
1357          	-4.923498e-211
1358          	-3.446448e-211
1359          	-2.412514e-211
1360          	-1.688760e-211
1361          	-1.182132e-211
1362          	-8.274922e-212
1363          	-5.792446e-212
1364          	-4.054712e-212
1365          	-2.838298e-212
1366          	-1.986809e-212
1367          	-1.390766e-212
1368          	-9.735363e-213
1369          	-6.814754e-213
1370          	-4.770328e-213
1371          	-3.339230e-213
1372          	-2.337461e-213
1373          	-1.636223e-213
1374          	-1.145356e-213
1375          	-8.017490e-214
1376          	-5.612243e-214
1377          	-3.928570e-214
1378          	-2.749999e-214
1379          	-1.924999e-214
1380          	-1.347500e-214
1381          	-9.432497e-215
1382          	-6.602748e-215
1383          	-4.621924e-215
1384          	-3.235347e-215
1385          	-2.264743e-215
1386          	-1.585320e-215
1387          	-1.109724e-215
1388          	-7.768067e-216
1389          	-5.437647e-216
1390          	-3.806353e-216
1391          	-2.664447e-216
1392          	-1.865113e-216
1393          	-1.305579e-216
1394          	-9.139053e-217
1395          	-6.397337e-217
1396          	-4.478136e-217
1397          	-3.134695e-217
1398          	-2.194287e-217
1399          	-1.536001e-217
1400          	-1.075200e-217
1401          	-7.526403e-218
1402          	-5.268482e-218
1403          	-3.687938e-218
1404          	-2.581556e-218
1405          	-1.807089e-218
1406          	-1.264963e-218
1407          	-8.854738e-219
1408          	-6.198317e-219
1409          	-4.338822e-219
1410          	-3.037175e-219
1411          	-2.126023e-219
1412          	-1.488216e-219
1413          	-1.041751e-219
1414          	-7.292258e-220
1415          	-5.104580e-220
1416          	-3.573206e-220
1417          	-2.501244e-220
1418          	-1.750871e-220
1419          	-1.225610e-220
1420          	-8.579268e-221
1421          	-6.005488e-221
1422          	-4.203841e-221
1423          	-2.942689e-221
1424          	-2.059882e-221
1425          	-1.441918e-221
1426          	-1.009342e-221
1427          	-7.065396e-222
1428          	-4.945777e-222
1429          	-3.462044e-222
1430          	-2.423431e-222
1431          	-1.696402e-222
1432          	-1.187481e-222
1433          	-8.312368e-223
1434          	-5.818658e-223
1435          	-4.073060e-223
1436          	-2.851142e-223
1437          	-1.995800e-223
1438          	-1.397060e-223
1439          	-9.779418e-224
1440          	-6.845593e-224
1441          	-4.791915e-224
1442          	-3.354340e-224
1443          	-2.348038e-224
1444          	-1.643627e-224
1445          	-1.150539e-224
1446          	-8.053771e-225
1447          	-5.637640e-225
1448          	-3.946348e-225
1449          	-2.762444e-225
1450          	-1.933710e-225
1451          	-1.353597e-225
1452          	-9.475181e-226
1453          	-6.632627e-226
1454          	-4.642839e-226
1455          	-3.249987e-226
1456          	-2.274991e-226
1457          	-1.592494e-226
1458          	-1.114746e-226
1459          	-7.803219e-227
1460          	-5.462253e-227
1461          	-3.823577e-227
1462          	-2.676504e-227
1463          	-1.873553e-227
1464          	-1.311487e-227
1465          	-9.180409e-228
1466          	-6.426287e-228
1467          	-4.498401e-228
1468          	-3.148880e-228
1469          	-2.204216e-228
1470          	-1.542951e-228
1471          	-1.080066e-228
1472          	-7.560462e-229
1473          	-5.292323e-229
1474          	-3.704626e-229
1475          	-2.593238e-229
1476          	-1.815267e-229
1477          	-1.270687e-229
1478          	-8.894808e-230
1479          	-6.226365e-230
1480          	-4.358456e-230
1481          	-3.050919e-230
1482          	-2.135643e-230
1483          	-1.494950e-230
1484          	-1.046465e-230
1485          	-7.325257e-231
1486          	-5.127680e-231
1487          	-3.589376e-231
1488          	-2.512563e-231
1489          	-1.758794e-231
1490          	-1.231156e-231
1491          	-8.618091e-232
1492          	-6.032664e-232
1493          	-4.222865e-232
1494          	-2.956005e-232
1495          	-2.069204e-232
1496          	-1.448443e-232
1497          	-1.013910e-232
1498          	-7.097369e-233
1499          	-4.968158e-233
1500          	-3.477711e-233
1501          	-2.434397e-233
1502          	-1.704078e-233
1503          	-1.192855e-233
1504          	-8.349983e-234
1505          	-5.844988e-234
1506          	-4.091492e-234
1507          	-2.864044e-234
1508          	-2.004831e-234
1509          	-1.403382e-234
1510          	-9.823672e-235
1511          	-6.876570e-235
1512          	-4.813599e-235
1513          	-3.369519e-235
1514          	-2.358664e-235
1515          	-1.651065e-235
1516          	-1.155745e-235
1517          	-8.090216e-236
1518          	-5.663151e-236
1519          	-3.964206e-236
1520          	-2.774944e-236
1521          	-1.942461e-236
1522          	-1.359723e-236
1523          	-9.518059e-237
1524          	-6.662641e-237
1525          	-4.663849e-237
1526          	-3.264694e-237
1527          	-2.285286e-237
1528          	-1.599700e-237
1529          	-1.119790e-237
1530          	-7.838530e-238
1531          	-5.486971e-238
1532          	-3.840880e-238
1533          	-2.688616e-238
1534          	-1.882031e-238
1535          	-1.317422e-238
1536          	-9.221953e-239
1537          	-6.455367e-239
1538          	-4.518757e-239
1539          	-3.163130e-239
1540          	-2.214191e-239
1541          	-1.549934e-239
1542          	-1.084954e-239
1543          	-7.594675e-240
1544          	-5.316272e-240
1545          	-3.721391e-240
1546          	-2.604973e-240
1547          	-1.823481e-240
1548          	-1.276437e-240
1549          	-8.935059e-241
1550          	-6.254541e-241
1551          	-4.378179e-241
1552          	-3.064725e-241
1553          	-2.145308e-241
1554          	-1.501715e-241
1555          	-1.051201e-241
1556          	-7.358405e-242
1557          	-5.150884e-242
1558          	-3.605618e-242
1559          	-2.523933e-242
1560          	-1.766753e-242
1561          	-1.236727e-242
1562          	-8.657090e-243
1563          	-6.059963e-243
1564          	-4.241974e-243
1565          	-2.969382e-243
1566          	-2.078567e-243
1567          	-1.454997e-243
1568          	-1.018498e-243
1569          	-7.129486e-244
1570          	-4.990640e-244
1571          	-3.493448e-244
1572          	-2.445414e-244
1573          	-1.711790e-244
1574          	-1.198253e-244
1575          	-8.387769e-245
1576          	-5.871438e-245
1577          	-4.110007e-245
1578          	-2.877005e-245
1579          	-2.013903e-245
1580          	-1.409732e-245
1581          	-9.868126e-246
1582          	-6.907688e-246
1583          	-4.835382e-246
1584          	-3.384767e-246
1585          	-2.369337e-246
1586          	-1.658536e-246
1587          	-1.160975e-246
1588          	-8.126826e-247
1589          	-5.688778e-247
1590          	-3.982145e-247
1591          	-2.787501e-247
1592          	-1.951251e-247
1593          	-1.365876e-247
1594          	-9.561130e-248
1595          	-6.692791e-248
1596          	-4.684954e-248
1597          	-3.279467e-248
1598          	-2.295627e-248
1599          	-1.606939e-248
1600          	-1.124857e-248
1601          	-7.874001e-249
1602          	-5.511801e-249
1603          	-3.858261e-249
1604          	-2.700783e-249
1605          	-1.890548e-249
1606          	-1.323383e-249
1607          	-9.263684e-250
1608          	-6.484579e-250
1609          	-4.539205e-250
1610          	-3.177444e-250
1611          	-2.224211e-250
1612          	-1.556947e-250
1613          	-1.089863e-250
1614          	-7.629042e-251
1615          	-5.340329e-251
1616          	-3.738231e-251
1617          	-2.616761e-251
1618          	-1.831733e-251
1619          	-1.282213e-251
1620          	-8.975492e-252
1621          	-6.282844e-252
1622          	-4.397991e-252
1623          	-3.078594e-252
1624          	-2.155016e-252
1625          	-1.508511e-252
1626          	-1.055958e-252
1627          	-7.391703e-253
1628          	-5.174192e-253
1629          	-3.621935e-253
1630          	-2.535354e-253
1631          	-1.774748e-253
1632          	-1.242324e-253
1633          	-8.696265e-254
1634          	-6.087386e-254
1635          	-4.261170e-254
1636          	-2.982819e-254
1637          	-2.087973e-254
1638          	-1.461581e-254
1639          	-1.023107e-254
1640          	-7.161748e-255
1641          	-5.013224e-255
1642          	-3.509257e-255
1643          	-2.456480e-255
1644          	-1.719536e-255
1645          	-1.203675e-255
1646          	-8.425725e-256
1647          	-5.898008e-256
1648          	-4.128605e-256
1649          	-2.890024e-256
1650          	-2.023017e-256
1651          	-1.416112e-256
1652          	-9.912781e-257
1653          	-6.938947e-257
1654          	-4.857263e-257
1655          	-3.400084e-257
1656          	-2.380059e-257
1657          	-1.666041e-257
1658          	-1.166229e-257
1659          	-8.163602e-258
1660          	-5.714521e-258
1661          	-4.000165e-258
1662          	-2.800115e-258
1663          	-1.960081e-258
1664          	-1.372057e-258
1665          	-9.604396e-259
1666          	-6.723077e-259
1667          	-4.706154e-259
1668          	-3.294308e-259
1669          	-2.306015e-259
1670          	-1.614211e-259
1671          	-1.129948e-259
1672          	-7.909633e-260
1673          	-5.536743e-260
1674          	-3.875720e-260
1675          	-2.713004e-260
1676          	-1.899103e-260
1677          	-1.329372e-260
1678          	-9.305604e-261
1679          	-6.513923e-261
1680          	-4.559746e-261
1681          	-3.191822e-261
1682          	-2.234276e-261
1683          	-1.563993e-261
1684          	-1.094795e-261
1685          	-7.663565e-262
1686          	-5.364496e-262
1687          	-3.755147e-262
1688          	-2.628603e-262
1689          	-1.840022e-262
1690          	-1.288015e-262
1691          	-9.016108e-263
1692          	-6.311275e-263
1693          	-4.417893e-263
1694          	-3.092525e-263
1695          	-2.164767e-263
1696          	-1.515337e-263
1697          	-1.060736e-263
1698          	-7.425152e-264
1699          	-5.197607e-264
1700          	-3.638325e-264
1701          	-2.546827e-264
1702          	-1.782779e-264
1703          	-1.247945e-264
1704          	-8.735618e-265
1705          	-6.114932e-265
1706          	-4.280453e-265
1707          	-2.996317e-265
1708          	-2.097422e-265
1709          	-1.468195e-265
1710          	-1.027737e-265
1711          	-7.194157e-266
1712          	-5.035910e-266
1713          	-3.525137e-266
1714          	-2.467596e-266
1715          	-1.727317e-266
1716          	-1.209122e-266
1717          	-8.463853e-267
1718          	-5.924697e-267
1719          	-4.147288e-267
1720          	-2.903102e-267
1721          	-2.032171e-267
1722          	-1.422520e-267
1723          	-9.957639e-268
1724          	-6.970347e-268
1725          	-4.879243e-268
1726          	-3.415470e-268
1727          	-2.390829e-268
1728          	-1.673580e-268
1729          	-1.171506e-268
1730          	-8.200544e-269
1731          	-5.740381e-269
1732          	-4.018266e-269
1733          	-2.812787e-269
1734          	-1.968951e-269
1735          	-1.378265e-269
1736          	-9.647858e-270
1737          	-6.753500e-270
1738          	-4.727450e-270
1739          	-3.309215e-270
1740          	-2.316451e-270
1741          	-1.621515e-270
1742          	-1.135061e-270
1743          	-7.945426e-271
1744          	-5.561798e-271
1745          	-3.893259e-271
1746          	-2.725281e-271
1747          	-1.907697e-271
1748          	-1.335388e-271
1749          	-9.347714e-272
1750          	-6.543400e-272
1751          	-4.580380e-272
1752          	-3.206266e-272
1753          	-2.244386e-272
1754          	-1.571070e-272
1755          	-1.099749e-272
1756          	-7.698244e-273
1757          	-5.388771e-273
1758          	-3.772140e-273
1759          	-2.640498e-273
1760          	-1.848348e-273
1761          	-1.293844e-273
1762          	-9.056908e-274
1763          	-6.339835e-274
1764          	-4.437885e-274
1765          	-3.106519e-274
1766          	-2.174563e-274
1767          	-1.522194e-274
1768          	-1.065536e-274
1769          	-7.458753e-275
1770          	-5.221127e-275
1771          	-3.654789e-275
1772          	-2.558352e-275
1773          	-1.790847e-275
1774          	-1.253593e-275
1775          	-8.775148e-276
1776          	-6.142604e-276
1777          	-4.299823e-276
1778          	-3.009876e-276
1779          	-2.106913e-276
1780          	-1.474839e-276
1781          	-1.032387e-276
1782          	-7.226712e-277
1783          	-5.058698e-277
1784          	-3.541089e-277
1785          	-2.478762e-277
1786          	-1.735133e-277
1787          	-1.214593e-277
1788          	-8.502154e-278
1789          	-5.951508e-278
1790          	-4.166056e-278
1791          	-2.916239e-278
1792          	-2.041367e-278
1793          	-1.428957e-278
1794          	-1.000270e-278
1795          	-7.001890e-279
1796          	-4.901323e-279
1797          	-3.430926e-279
1798          	-2.401648e-279
1799          	-1.681154e-279
1800          	-1.176808e-279
1801          	-8.237653e-280
1802          	-5.766357e-280
1803          	-4.036450e-280
1804          	-2.825515e-280
1805          	-1.977860e-280
1806          	-1.384502e-280
1807          	-9.691516e-281
1808          	-6.784061e-281
1809          	-4.748843e-281
1810          	-3.324190e-281
1811          	-2.326933e-281
1812          	-1.628853e-281
1813          	-1.140197e-281
1814          	-7.981380e-282
1815          	-5.586966e-282
1816          	-3.910876e-282
1817          	-2.737614e-282
1818          	-1.916329e-282
1819          	-1.341431e-282
1820          	-9.390014e-283
1821          	-6.573010e-283
1822          	-4.601107e-283
1823          	-3.220775e-283
1824          	-2.254542e-283
1825          	-1.578180e-283
1826          	-1.104726e-283
1827          	-7.733081e-284
1828          	-5.413156e-284
1829          	-3.789209e-284
1830          	-2.652447e-284
1831          	-1.856713e-284
1832          	-1.299699e-284
1833          	-9.097892e-285
1834          	-6.368524e-285
1835          	-4.457967e-285
1836          	-3.120577e-285
1837          	-2.184404e-285
1838          	-1.529083e-285
1839          	-1.070358e-285
1840          	-7.492505e-286
1841          	-5.244754e-286
1842          	-3.671328e-286
1843          	-2.569929e-286
1844          	-1.798951e-286
1845          	-1.259265e-286
1846          	-8.814857e-287
1847          	-6.170400e-287
1848          	-4.319280e-287
1849          	-3.023496e-287
1850          	-2.116447e-287
1851          	-1.481513e-287
1852          	-1.037059e-287
1853          	-7.259414e-288
1854          	-5.081590e-288
1855          	-3.557113e-288
1856          	-2.489979e-288
1857          	-1.742985e-288
1858          	-1.220090e-288
1859          	-8.540628e-289
1860          	-5.978440e-289
1861          	-4.184908e-289
1862          	-2.929435e-289
1863          	-2.050605e-289
1864          	-1.435423e-289
1865          	-1.004796e-289
1866          	-7.033575e-290
1867          	-4.923502e-290
1868          	-3.446452e-290
1869          	-2.412516e-290
1870          	-1.688761e-290
1871          	-1.182133e-290
1872          	-8.274930e-291
1873          	-5.792451e-291
1874          	-4.054716e-291
1875          	-2.838301e-291
1876          	-1.986811e-291
1877          	-1.390768e-291
1878          	-9.735373e-292
1879          	-6.814761e-292
1880          	-4.770333e-292
1881          	-3.339233e-292
1882          	-2.337463e-292
1883          	-1.636224e-292
1884          	-1.145357e-292
1885          	-8.017498e-293
1886          	-5.612249e-293
1887          	-3.928574e-293
1888          	-2.750002e-293
1889          	-1.925001e-293
1890          	-1.347501e-293
1891          	-9.432506e-294
1892          	-6.602754e-294
1893          	-4.621928e-294
1894          	-3.235350e-294
1895          	-2.264745e-294
1896          	-1.585321e-294
1897          	-1.109725e-294
1898          	-7.768074e-295
1899          	-5.437652e-295
1900          	-3.806356e-295
1901          	-2.664450e-295
1902          	-1.865115e-295
1903          	-1.305580e-295
1904          	-9.139062e-296
1905          	-6.397343e-296
1906          	-4.478140e-296
1907          	-3.134698e-296
1908          	-2.194289e-296
1909          	-1.536002e-296
1910          	-1.075201e-296
1911          	-7.526410e-297
1912          	-5.268487e-297
1913          	-3.687941e-297
1914          	-2.581559e-297
1915          	-1.807091e-297
1916          	-1.264964e-297
1917          	-8.854747e-298
1918          	-6.198323e-298
1919          	-4.338826e-298
1920          	-3.037178e-298
1921          	-2.126025e-298
1922          	-1.488217e-298
1923          	-1.041752e-298
1924          	-7.292265e-299
1925          	-5.104585e-299
1926          	-3.573210e-299
1927          	-2.501247e-299
1928          	-1.750873e-299
1929          	-1.225611e-299
1930          	-8.579276e-300
1931          	-6.005493e-300
1932          	-4.203845e-300
1933          	-2.942692e-300
1934          	-2.059884e-300
1935          	-1.441919e-300
1936          	-1.009343e-300
1937          	-7.065403e-301
1938          	-4.945782e-301
1939          	-3.462047e-301
1940          	-2.423433e-301
1941          	-1.696403e-301
1942          	-1.187482e-301
1943          	-8.312376e-302
1944          	-5.818663e-302
1945          	-4.073064e-302
1946          	-2.851145e-302
1947          	-1.995801e-302
1948          	-1.397061e-302
1949          	-9.779427e-303
1950          	-6.845599e-303
1951          	-4.791919e-303
1952          	-3.354344e-303
1953          	-2.348040e-303
1954          	-1.643628e-303
1955          	-1.150540e-303
1956          	-8.053779e-304
1957          	-5.637645e-304
1958          	-3.946352e-304
1959          	-2.762446e-304
1960          	-1.933712e-304
1961          	-1.353599e-304
1962          	-9.475190e-305
1963          	-6.632633e-305
1964          	-4.642843e-305
1965          	-3.249990e-305
1966          	-2.274993e-305
1967          	-1.592495e-305
1968          	-1.114747e-305
1969          	-7.803227e-306
1970          	-5.462259e-306
1971          	-3.823581e-306
1972          	-2.676507e-306
1973          	-1.873555e-306
1974          	-1.311488e-306
1975          	-9.180418e-307
1976          	-6.426293e-307
1977          	-4.498405e-307
1978          	-3.148883e-307
1979          	-2.204218e-307
1980          	-1.542953e-307
1981          	-1.080067e-307
1982          	-7.560469e-308
1983          	-5.292328e-308
1984          	-3.704630e-308
1985          	-2.593241e-308
1986          	-1.815269e-308
1987          	-1.270688e-308
1988          	-8.894816e-309
1989          	-6.226371e-309
1990          	-4.358460e-309
1991          	-3.050922e-309
1992          	-2.135645e-309
1993          	-1.494952e-309
1994          	-1.046466e-309
1995          	-7.325262e-310
1996          	-5.127685e-310
1997          	-3.589379e-310
1998          	-2.512566e-310
1999          	-1.758796e-310
2000          	-1.231157e-310
2001          	-8.618102e-311
2002          	-6.032672e-311
2003          	-4.222878e-311
2004          	-2.955999e-311
2005          	-2.069210e-311
2006          	-1.448438e-311
2007          	-1.013906e-311
2008          	-7.097273e-312
2009          	-4.968166e-312
2010          	-3.477629e-312
2011          	-2.434479e-312
2012          	-1.704013e-312
2013          	-1.192991e-312
2014          	-8.349314e-313
2015          	-5.845785e-313
2016          	-4.092445e-313
2017          	-2.863209e-313
2018          	-2.005116e-313
2019          	-1.401565e-313
2020          	-9.829930e-314
2021          	-6.885299e-314
2022          	-4.814176e-314
2023          	-3.355694e-314
2024          	-2.363610e-314
2025          	-1.660061e-314
2026          	-1.158090e-314
2027          	-8.181727e-315
2028          	-5.691636e-315
2029          	-3.952525e-315
2030          	-2.687717e-315
2031          	-1.897212e-315
2032          	-1.383384e-315
2033          	-9.090808e-316
2034          	-6.324040e-316
2035          	-3.557273e-316
2036          	-7.905050e-317
2037          	-3.952525e-317
2038          	-3.952525e-317
2039          	0.000000e+00
2040          	0.000000e+00
2041          	0.000000e+00
2042          	0.000000e+00
2043          	0.000000e+00
2044          	0.000000e+00
2045          	0.000000e+00
2046          	0.000000e+00
2047          	0.000000e+00
2048          	0.000000e+00
2049          	0.000000e+00
2050          	0.000000e+00
2051          	0.000000e+00
2052          	0.000000e+00
2053          	0.000000e+00
2054          	0.000000e+00
2055          	0.000000e+00
2056          	0.000000e+00
2057          	0.000000e+00
2058          	0.000000e+00
2059          	0.000000e+00
2060          	0.000000e+00
2061          	0.000000e+00
2062          	0.000000e+00
2063          	0.000000e+00
2064          	0.000000e+00
2065          	0.000000e+00
2066          	0.000000e+00
2067          	0.000000e+00
2068          	0.000000e+00
2069          	0.000000e+00
2070          	0.000000e+00
2071          	0.000000e+00
2072          	0.000000e+00
2073          	0.000000e+00
2074          	0.000000e+00
2075          	0.000000e+00
2076          	0.000000e+00
2077          	0.000000e+00
2078          	0.000000e+00
2079          	0.000000e+00
2080          	0.000000e+00
2081          	0.000000e+00
2082          	0.000000e+00
2083          	0.000000e+00
2084          	0.000000e+00
2085          	0.000000e+00
2086          	0.000000e+00
2087          	0.000000e+00
2088          	0.000000e+00
2089          	0.000000e+00
2090          	0.000000e+00
2091          	0.000000e+00
2092          	0.000000e+00
2093          	0.000000e+00
2094          	0.000000e+00
2095          	0.000000e+00
2096          	0.000000e+00
2097          	0.000000e+00
2098          	0.000000e+00
2099          	0.000000e+00
2100          	0.000000e+00
2101          	0.000000e+00
2102          	0.000000e+00
2103          	0.000000e+00
2104          	0.000000e+00
2105          	0.000000e+00
2106          	0.000000e+00
2107          	0.000000e+00
2108          	0.000000e+00
2109          	0.000000e+00
2110          	0.000000e+00
2111          	0.000000e+00
2112          	0.000000e+00
2113          	0.000000e+00
2114          	0.000000e+00
2115          	0.000000e+00
2116          	0.000000e+00
2117          	0.000000e+00
2118          	0.000000e+00
2119          	0.000000e+00
2120          	0.000000e+00
2121          	0.000000e+00
2122          	0.000000e+00
2123          	0.000000e+00
2124          	0.000000e+00
2125          	0.000000e+00
2126          	0.000000e+00
2127          	0.000000e+00
2128          	0.000000e+00
2129          	0.000000e+00
2130          	0.000000e+00
2131          	0.000000e+00
2132          	0.000000e+00
2133          	0.000000e+00
2134          	0.000000e+00
2135          	0.000000e+00
2136          	0.000000e+00
2137          	0.000000e+00
2138          	0.000000e+00
2139          	0.000000e+00
2140          	0.000000e+00
2141          	0.000000e+00
2142          	0.000000e+00
2143          	0.000000e+00
2144          	0.000000e+00
2145          	0.000000e+00
2146          	0.000000e+00
2147          	0.000000e+00
2148          	0.000000e+00
2149          	0.000000e+00
2150          	0.000000e+00
2151          	0.000000e+00
2152          	0.000000e+00
2153          	0.000000e+00
2154          	0.000000e+00
2155          	0.000000e+00
2156          	0.000000e+00
2157          	0.000000e+00
2158          	0.000000e+00
2159          	0.000000e+00
2160          	0.000000e+00
2161          	0.000000e+00
2162          	0.000000e+00
2163          	0.000000e+00
2164          	0.000000e+00
2165          	0.000000e+00
2166          	0.000000e+00
2167          	0.000000e+00
2168          	0.000000e+00
2169          	0.000000e+00
2170          	0.000000e+00
2171          	0.000000e+00
2172          	0.000000e+00
2173          	0.000000e+00
2174          	0.000000e+00
2175          	0.000000e+00
2176          	0.000000e+00
2177          	0.000000e+00
2178          	0.000000e+00
2179          	0.000000e+00
2180          	0.000000e+00
2181          	0.000000e+00
2182          	0.000000e+00
2183          	0.000000e+00
2184          	0.000000e+00
2185          	0.000000e+00
2186          	0.000000e+00
2187          	0.000000e+00
2188          	0.000000e+00
2189          	0.000000e+00
2190          	0.000000e+00
2191          	0.000000e+00
2192          	0.000000e+00
2193          	0.000000e+00
2194          	0.000000e+00
2195          	0.000000e+00
2196          	0.000000e+00
2197          	0.000000e+00
2198          	0.000000e+00
2199          	0.000000e+00
2200          	0.000000e+00
2201          	0.000000e+00
2202          	0.000000e+00
2203          	0.000000e+00
2204          	0.000000e+00
2205          	0.000000e+00
2206          	0.000000e+00
2207          	0.000000e+00
2208          	0.000000e+00
2209          	0.000000e+00
2210          	0.000000e+00
2211          	0.000000e+00
2212          	0.000000e+00
2213          	0.000000e+00
2214          	0.000000e+00
2215          	0.000000e+00
2216          	0.000000e+00
2217          	0.000000e+00
2218          	0.000000e+00
2219          	0.000000e+00
2220          	0.000000e+00
2221          	0.000000e+00
2222          	0.000000e+00
2223          	0.000000e+00
2224          	0.000000e+00
2225          	0.000000e+00
2226          	0.000000e+00
2227          	0.000000e+00
2228          	0.000000e+00
2229          	0.000000e+00
2230          	0.000000e+00
2231          	0.000000e+00
2232          	0.000000e+00
2233          	0.000000e+00
2234          	0.000000e+00
2235          	0.000000e+00
2236          	0.000000e+00
2237          	0.000000e+00
2238          	0.000000e+00
2239          	0.000000e+00
2240          	0.000000e+00
2241          	0.000000e+00
2242          	0.000000e+00
2243          	0.000000e+00
2244          	0.000000e+00
2245          	0.000000e+00
2246          	0.000000e+00
2247          	0.000000e+00
2248          	0.000000e+00
2249          	0.000000e+00
2250          	0.000000e+00
2251          	0.000000e+00
2252          	0.000000e+00
2253          	0.000000e+00
2254          	0.000000e+00
2255          	0.000000e+00
2256          	0.000000e+00
2257          	0.000000e+00
2258          	0.000000e+00
2259          	0.000000e+00
2260          	0.000000e+00
2261          	0.000000e+00
2262          	0.000000e+00
2263          	0.000000e+00
2264          	0.000000e+00
2265          	0.000000e+00
2266          	0.000000e+00
2267          	0.000000e+00
2268          	0.000000e+00
2269          	0.000000e+00
2270          	0.000000e+00
2271          	0.000000e+00
2272          	0.000000e+00
2273          	0.000000e+00
2274          	0.000000e+00
2275          	0.000000e+00
2276          	0.000000e+00
2277          	0.000000e+00
2278          	0.000000e+00
2279          	0.000000e+00
2280          	0.000000e+00
2281          	0.000000e+00
2282          	0.000000e+00
2283          	0.000000e+00
2284          	0.000000e+00
2285          	0.000000e+00
2286          	0.000000e+00
2287          	0.000000e+00
2288          	0.000000e+00
2289          	0.000000e+00
2290          	0.000000e+00
2291          	0.000000e+00
2292          	0.000000e+00
2293          	0.000000e+00
2294          	0.000000e+00
2295          	0.000000e+00
2296          	0.000000e+00
2297          	0.000000e+00
2298          	0.000000e+00
2299          	0.000000e+00
2300          	0.000000e+00
2301          	0.000000e+00
2302          	0.000000e+00
2303          	0.000000e+00
2304          	0.000000e+00
2305          	0.000000e+00
2306          	0.000000e+00
2307          	0.000000e+00
2308          	0.000000e+00
2309          	0.000000e+00
2310          	0.000000e+00
2311          	0.000000e+00
2312          	0.000000e+00
2313          	0.000000e+00
2314          	0.000000e+00
2315          	0.000000e+00
2316          	0.000000e+00
2317          	0.000000e+00
2318          	0.000000e+00
2319          	0.000000e+00
2320          	0.000000e+00
2321          	0.000000e+00
2322          	0.000000e+00
2323          	0.000000e+00
2324          	0.000000e+00
2325          	0.000000e+00
2326          	0.000000e+00
2327          	0.000000e+00
2328          	0.000000e+00
2329          	0.000000e+00
2330          	0.000000e+00
2331          	0.000000e+00
2332          	0.000000e+00
2333          	0.000000e+00
2334          	0.000000e+00
2335          	0.000000e+00
2336          	0.000000e+00
2337          	0.000000e+00
2338          	0.000000e+00
2339          	0.000000e+00
2340          	0.000000e+00
2341          	0.000000e+00
2342          	0.000000e+00
2343          	0.000000e+00
2344          	0.000000e+00
2345          	0.000000e+00
2346          	0.000000e+00
2347          	0.000000e+00
2348          	0.000000e+00
2349          	0.000000e+00
2350          	0.000000e+00
2351          	0.000000e+00
2352          	0.000000e+00
2353          	0.000000e+00
2354          	0.000000e+00
2355          	0.000000e+00
2356          	0.000000e+00
2357          	0.000000e+00
2358          	0.000000e+00
2359          	0.000000e+00
2360          	0.000000e+00
2361          	0.000000e+00
2362          	0.000000e+00
2363          	0.000000e+00
2364          	0.000000e+00
2365          	0.000000e+00
2366          	0.000000e+00
2367          	0.000000e+00
2368          	0.000000e+00
2369          	0.000000e+00
2370          	0.000000e+00
2371          	0.000000e+00
2372          	0.000000e+00
2373          	0.000000e+00
2374          	0.000000e+00
2375          	0.000000e+00
2376          	0.000000e+00
2377          	0.000000e+00
2378          	0.000000e+00
2379          	0.000000e+00
2380          	0.000000e+00
2381          	0.000000e+00
2382          	0.000000e+00
2383          	0.000000e+00
2384          	0.000000e+00
2385          	0.000000e+00
2386          	0.000000e+00
2387          	0.000000e+00
2388          	0.000000e+00
2389          	0.000000e+00
2390          	0.000000e+00
2391          	0.000000e+00
2392          	0.000000e+00
2393          	0.000000e+00
2394          	0.000000e+00
2395          	0.000000e+00
2396          	0.000000e+00
2397          	0.000000e+00
2398          	0.000000e+00
2399          	0.000000e+00
2400          	0.000000e+00
2401          	0.000000e+00
2402          	0.000000e+00
2403          	0.000000e+00
2404          	0.000000e+00
2405          	0.000000e+00
2406          	0.000000e+00
2407          	0.000000e+00
2408          	0.000000e+00
2409          	0.000000e+00
2410          	0.000000e+00
2411          	0.000000e+00
2412          	0.000000e+00
2413          	0.000000e+00
2414          	0.000000e+00
2415          	0.000000e+00
2416          	0.000000e+00
2417          	0.000000e+00
2418          	0.000000e+00
2419          	0.000000e+00
2420          	0.000000e+00
2421          	0.000000e+00
2422          	0.000000e+00
2423          	0.000000e+00
2424          	0.000000e+00
2425          	0.000000e+00
2426          	0.000000e+00
2427          	0.000000e+00
2428          	0.000000e+00
2429          	0.000000e+00
2430          	0.000000e+00
2431          	0.000000e+00
2432          	0.000000e+00
2433          	0.000000e+00
2434          	0.000000e+00
2435          	0.000000e+00
2436          	0.000000e+00
2437          	0.000000e+00
2438          	0.000000e+00
2439          	0.000000e+00
2440          	0.000000e+00
2441          	0.000000e+00
2442          	0.000000e+00
2443          	0.000000e+00
2444          	0.000000e+00
2445          	0.000000e+00
2446          	0.000000e+00
2447          	0.000000e+00
2448          	0.000000e+00
2449          	0.000000e+00
2450          	0.000000e+00
2451          	0.000000e+00
2452          	0.000000e+00
2453          	0.000000e+00
2454          	0.000000e+00
2455          	0.000000e+00
2456          	0.000000e+00
2457          	0.000000e+00
2458          	0.000000e+00
2459          	0.000000e+00
2460          	0.000000e+00
2461          	0.000000e+00
2462          	0.000000e+00
2463          	0.000000e+00
2464          	0.000000e+00
2465          	0.000000e+00
2466          	0.000000e+00
2467          	0.000000e+00
2468          	0.000000e+00
2469          	0.000000e+00
2470          	0.000000e+00
2471          	0.000000e+00
2472          	0.000000e+00
2473          	0.000000e+00
2474          	0.000000e+00
2475          	0.000000e+00
2476          	0.000000e+00
2477          	0.000000e+00
2478          	0.000000e+00
2479          	0.000000e+00
2480          	0.000000e+00
2481          	0.000000e+00
2482          	0.000000e+00
2483          	0.000000e+00
2484          	0.000000e+00
2485          	0.000000e+00
2486          	0.000000e+00
2487          	0.000000e+00
2488          	0.000000e+00
2489          	0.000000e+00
2490          	0.000000e+00
2491          	0.000000e+00
2492          	0.000000e+00
2493          	0.000000e+00
2494          	0.000000e+00
2495          	0.000000e+00
2496          	0.000000e+00
2497          	0.000000e+00
2498          	0.000000e+00
2499          	0.000000e+00
2500          	0.000000e+00
2501          	0.000000e+00
2502          	0.000000e+00
2503          	0.000000e+00
2504          	0.000000e+00
2505          	0.000000e+00
2506          	0.000000e+00
2507          	0.000000e+00
2508          	0.000000e+00
2509          	0.000000e+00
2510          	0.000000e+00
2511          	0.000000e+00
2512          	0.000000e+00
2513          	0.000000e+00
2514          	0.000000e+00
2515          	0.000000e+00
2516          	0.000000e+00
2517          	0.000000e+00
2518          	0.000000e+00
2519          	0.000000e+00
2520          	0.000000e+00
2521          	0.000000e+00
2522          	0.000000e+00
2523          	0.000000e+00
2524          	0.000000e+00
2525          	0.000000e+00
2526          	0.000000e+00
2527          	0.000000e+00
2528          	0.000000e+00
2529          	0.000000e+00
2530          	0.000000e+00
2531          	0.000000e+00
2532          	0.000000e+00
2533          	0.000000e+00
2534          	0.000000e+00
2535          	0.000000e+00
2536          	0.000000e+00
2537          	0.000000e+00
2538          	0.000000e+00
2539          	0.000000e+00
2540          	0.000000e+00
2541          	0.000000e+00
2542          	0.000000e+00
2543          	0.000000e+00
2544          	0.000000e+00
2545          	0.000000e+00
2546          	0.000000e+00
2547          	0.000000e+00
2548          	0.000000e+00
2549          	0.000000e+00
2550          	0.000000e+00
2551          	0.000000e+00
2552          	0.000000e+00
2553          	0.000000e+00
2554          	0.000000e+00
2555          	0.000000e+00
2556          	0.000000e+00
2557          	0.000000e+00
2558          	0.000000e+00
2559          	0.000000e+00
2560          	0.000000e+00
2561          	0.000000e+00
2562          	0.000000e+00
2563          	0.000000e+00
2564          	0.000000e+00
2565          	0.000000e+00
2566          	0.000000e+00
2567          	0.000000e+00
2568          	0.000000e+00
2569          	0.000000e+00
2570          	0.000000e+00
2571          	0.000000e+00
2572          	0.000000e+00
2573          	0.000000e+00
2574          	0.000000e+00
2575          	0.000000e+00
2576          	0.000000e+00
2577          	0.000000e+00
2578          	0.000000e+00
2579          	0.000000e+00
2580          	0.000000e+00
2581          	0.000000e+00
2582          	0.000000e+00
2583          	0.000000e+00
2584          	0.000000e+00
2585          	0.000000e+00
2586          	0.000000e+00
2587          	0.000000e+00
2588          	0.000000e+00
2589          	0.000000e+00
2590          	0.000000e+00
2591          	0.000000e+00
2592          	0.000000e+00
2593          	0.000000e+00
2594          	0.000000e+00
2595          	0.000000e+00
2596          	0.000000e+00
2597          	0.000000e+00
2598          	0.000000e+00
2599          	0.000000e+00
2600          	0.000000e+00
2601          	0.000000e+00
2602          	0.000000e+00
2603          	0.000000e+00
2604          	0.000000e+00
2605          	0.000000e+00
2606          	0.000000e+00
2607          	0.000000e+00
2608          	0.000000e+00
2609          	0.000000e+00
2610          	0.000000e+00
2611          	0.000000e+00
2612          	0.000000e+00
2613          	0.000000e+00
2614          	0.000000e+00
2615          	0.000000e+00
2616          	0.000000e+00
2617          	0.000000e+00
2618          	0.000000e+00
2619          	0.000000e+00
2620          	0.000000e+00
2621          	0.000000e+00
2622          	0.000000e+00
2623          	0.000000e+00
2624          	0.000000e+00
2625          	0.000000e+00
2626          	0.000000e+00
2627          	0.000000e+00
2628          	0.000000e+00
2629          	0.000000e+00
2630          	0.000000e+00
2631          	0.000000e+00
2632          	0.000000e+00
2633          	0.000000e+00
2634          	0.000000e+00
2635          	0.000000e+00
2636          	0.000000e+00
2637          	0.000000e+00
2638          	0.000000e+00
2639          	0.000000e+00
2640          	0.000000e+00
2641          	0.000000e+00
2642          	0.000000e+00
2643          	0.000000e+00
2644          	0.000000e+00
2645          	0.000000e+00
2646          	0.000000e+00
2647          	0.000000e+00
2648          	0.000000e+00
2649          	0.000000e+00
2650          	0.000000e+00
2651          	0.000000e+00
2652          	0.000000e+00
2653          	0.000000e+00
2654          	0.000000e+00
2655          	0.000000e+00
2656          	0.000000e+00
2657          	0.000000e+00
2658          	0.000000e+00
2659          	0.000000e+00
2660          	0.000000e+00
2661          	0.000000e+00
2662          	0.000000e+00
2663          	0.000000e+00
2664          	0.000000e+00
2665          	0.000000e+00
2666          	0.000000e+00
2667          	0.000000e+00
2668          	0.000000e+00
2669          	0.000000e+00
2670          	0.000000e+00
2671          	0.000000e+00
2672          	0.000000e+00
2673          	0.000000e+00
2674          	0.000000e+00
2675          	0.000000e+00
2676          	0.000000e+00
2677          	0.000000e+00
2678          	0.000000e+00
2679          	0.000000e+00
2680          	0.000000e+00
2681          	0.000000e+00
2682          	0.000000e+00
2683          	0.000000e+00
2684          	0.000000e+00
2685          	0.000000e+00
2686          	0.000000e+00
2687          	0.000000e+00
2688          	0.000000e+00
2689          	0.000000e+00
2690          	0.000000e+00
2691          	0.000000e+00
2692          	0.000000e+00
2693          	0.000000e+00
2694          	0.000000e+00
2695          	0.000000e+00
2696          	0.000000e+00
2697          	0.000000e+00
2698          	0.000000e+00
2699          	0.000000e+00
2700          	0.000000e+00
2701          	0.000000e+00
2702          	0.000000e+00
2703          	0.000000e+00
2704          	0.000000e+00
2705          	0.000000e+00
2706          	0.000000e+00
2707          	0.000000e+00
2708          	0.000000e+00
2709          	0.000000e+00
2710          	0.000000e+00
2711          	0.000000e+00
2712          	0.000000e+00
2713          	0.000000e+00
2714          	0.000000e+00
2715          	0.000000e+00
2716          	0.000000e+00
2717          	0.000000e+00
2718          	0.000000e+00
2719          	0.000000e+00
2720          	0.000000e+00
2721          	0.000000e+00
2722          	0.000000e+00
2723          	0.000000e+00
2724          	0.000000e+00
2725          	0.000000e+00
2726          	0.000000e+00
2727          	0.000000e+00
2728          	0.000000e+00
2729          	0.000000e+00
2730          	0.000000e+00
2731          	0.000000e+00
2732          	0.000000e+00
2733          	0.000000e+00
2734          	0.000000e+00
2735          	0.000000e+00
2736          	0.000000e+00
2737          	0.000000e+00
2738          	0.000000e+00
2739          	0.000000e+00
2740          	0.000000e+00
2741          	0.000000e+00
2742          	0.000000e+00
2743          	0.000000e+00
2744          	0.000000e+00
2745          	0.000000e+00
2746          	0.000000e+00
2747          	0.000000e+00
2748          	0.000000e+00
2749          	0.000000e+00
2750          	0.000000e+00
2751          	0.000000e+00
2752          	0.000000e+00
2753          	0.000000e+00
2754          	0.000000e+00
2755          	0.000000e+00
2756          	0.000000e+00
2757          	0.000000e+00
2758          	0.000000e+00
2759          	0.000000e+00
2760          	0.000000e+00
2761          	0.000000e+00
2762          	0.000000e+00
2763          	0.000000e+00
2764          	0.000000e+00
2765          	0.000000e+00
2766          	0.000000e+00
2767          	0.000000e+00
2768          	0.000000e+00
2769          	0.000000e+00
2770          	0.000000e+00
2771          	0.000000e+00
2772          	0.000000e+00
2773          	0.000000e+00
2774          	0.000000e+00
2775          	0.000000e+00
2776          	0.000000e+00
2777          	0.000000e+00
2778          	0.000000e+00
2779          	0.000000e+00
2780          	0.000000e+00
2781          	0.000000e+00
2782          	0.000000e+00
2783          	0.000000e+00
2784          	0.000000e+00
2785          	0.000000e+00
2786          	0.000000e+00
2787          	0.000000e+00
2788          	0.000000e+00
2789          	0.000000e+00
2790          	0.000000e+00
2791          	0.000000e+00
2792          	0.000000e+00
2793          	0.000000e+00
2794          	0.000000e+00
2795          	0.000000e+00
2796          	0.000000e+00
2797          	0.000000e+00
2798          	0.000000e+00
2799          	0.000000e+00
2800          	0.000000e+00
2801          	0.000000e+00
2802          	0.000000e+00
2803          	0.000000e+00
2804          	0.000000e+00
2805          	0.000000e+00
2806          	0.000000e+00
2807          	0.000000e+00
2808          	0.000000e+00
2809          	0.000000e+00
2810          	0.000000e+00
2811          	0.000000e+00
2812          	0.000000e+00
2813          	0.000000e+00
2814          	0.000000e+00
2815          	0.000000e+00
2816          	0.000000e+00
2817          	0.000000e+00
2818          	0.000000e+00
2819          	0.000000e+00
2820          	0.000000e+00
2821          	0.000000e+00
2822          	0.000000e+00
2823          	0.000000e+00
2824          	0.000000e+00
2825          	0.000000e+00
2826          	0.000000e+00
2827          	0.000000e+00
2828          	0.000000e+00
2829          	0.000000e+00
2830          	0.000000e+00
2831          	0.000000e+00
2832          	0.000000e+00
2833          	0.000000e+00
2834          	0.000000e+00
2835          	0.000000e+00
2836          	0.000000e+00
2837          	0.000000e+00
2838          	0.000000e+00
2839          	0.000000e+00
2840          	0.000000e+00
2841          	0.000000e+00
2842          	0.000000e+00
2843          	0.000000e+00
2844          	0.000000e+00
2845          	0.000000e+00
2846          	0.000000e+00
2847          	0.000000e+00
2848          	0.000000e+00
2849          	0.000000e+00
2850          	0.000000e+00
2851          	0.000000e+00
2852          	0.000000e+00
2853          	0.000000e+00
2854          	0.000000e+00
2855          	0.000000e+00
2856          	0.000000e+00
2857          	0.000000e+00
2858          	0.000000e+00
2859          	0.000000e+00
2860          	0.000000e+00
2861          	0.000000e+00
2862          	0.000000e+00
2863          	0.000000e+00
2864          	0.000000e+00
2865          	0.000000e+00
2866          	0.000000e+00
2867          	0.000000e+00
2868          	0.000000e+00
2869          	0.000000e+00
2870          	0.000000e+00
2871          	0.000000e+00
2872          	0.000000e+00
2873          	0.000000e+00
2874          	0.000000e+00
2875          	0.000000e+00
2876          	0.000000e+00
2877          	0.000000e+00
2878          	0.000000e+00
2879          	0.000000e+00
2880          	0.000000e+00
2881          	0.000000e+00
2882          	0.000000e+00
2883          	0.000000e+00
2884          	0.000000e+00
2885          	0.000000e+00
2886          	0.000000e+00
2887          	0.000000e+00
2888          	0.000000e+00
2889          	0.000000e+00
2890          	0.000000e+00
2891          	0.000000e+00
2892          	0.000000e+00
2893          	0.000000e+00
2894          	0.000000e+00
2895          	0.000000e+00
2896          	0.000000e+00
2897          	0.000000e+00
2898          	0.000000e+00
2899          	0.000000e+00
2900          	0.000000e+00
2901          	0.000000e+00
2902          	0.000000e+00
2903          	0.000000e+00
2904          	0.000000e+00
2905          	0.000000e+00
2906          	0.000000e+00
2907          	0.000000e+00
2908          	0.000000e+00
2909          	0.000000e+00
2910          	0.000000e+00
2911          	0.000000e+00
2912          	0.000000e+00
2913          	0.000000e+00
2914          	0.000000e+00
2915          	0.000000e+00
2916          	0.000000e+00
2917          	0.000000e+00
2918          	0.000000e+00
2919          	0.000000e+00
2920          	0.000000e+00
2921          	0.000000e+00
2922          	0.000000e+00
2923          	0.000000e+00
2924          	0.000000e+00
2925          	0.000000e+00
2926          	0.000000e+00
2927          	0.000000e+00
2928          	0.000000e+00
2929          	0.000000e+00
2930          	0.000000e+00
2931          	0.000000e+00
2932          	0.000000e+00
2933          	0.000000e+00
2934          	0.000000e+00
2935          	0.000000e+00
2936          	0.000000e+00
2937          	0.000000e+00
2938          	0.000000e+00
2939          	0.000000e+00
2940          	0.000000e+00
2941          	0.000000e+00
2942          	0.000000e+00
2943          	0.000000e+00
2944          	0.000000e+00
2945          	0.000000e+00
2946          	0.000000e+00
2947          	0.000000e+00
2948          	0.000000e+00
2949          	0.000000e+00
2950          	0.000000e+00
2951          	0.000000e+00
2952          	0.000000e+00
2953          	0.000000e+00
2954          	0.000000e+00
2955          	0.000000e+00
2956          	0.000000e+00
2957          	0.000000e+00
2958          	0.000000e+00
2959          	0.000000e+00
2960          	0.000000e+00
2961          	0.000000e+00
2962          	0.000000e+00
2963          	0.000000e+00
2964          	0.000000e+00
2965          	0.000000e+00
2966          	0.000000e+00
2967          	0.000000e+00
2968          	0.000000e+00
2969          	0.000000e+00
2970          	0.000000e+00
2971          	0.000000e+00
2972          	0.000000e+00
2973          	0.000000e+00
2974          	0.000000e+00
2975          	0.000000e+00
2976          	0.000000e+00
2977          	0.000000e+00
2978          	0.000000e+00
2979          	0.000000e+00
2980          	0.000000e+00
2981          	0.000000e+00
2982          	0.000000e+00
2983          	0.000000e+00
2984          	0.000000e+00
2985          	0.000000e+00
2986          	0.000000e+00
2987          	0.000000e+00
2988          	0.000000e+00
2989          	0.000000e+00
2990          	0.000000e+00
2991          	0.000000e+00
2992          	0.000000e+00
2993          	0.000000e+00
2994          	0.000000e+00
2995          	0.000000e+00
2996          	0.000000e+00
2997          	0.000000e+00
2998          	0.000000e+00
2999          	0.000000e+00
3000          	0.000000e+00
3001          	0.000000e+00
3002          	0.000000e+00
3003          	0.000000e+00
3004          	0.000000e+00
3005          	0.000000e+00
3006          	0.000000e+00
3007          	0.000000e+00
3008          	0.000000e+00
3009          	0.000000e+00
3010          	0.000000e+00
3011          	0.000000e+00
3012          	0.000000e+00
3013          	0.000000e+00
3014          	0.000000e+00
3015          	0.000000e+00
3016          	0.000000e+00
3017          	0.000000e+00
3018          	0.000000e+00
3019          	0.000000e+00
3020          	0.000000e+00
3021          	0.000000e+00
3022          	0.000000e+00
3023          	0.000000e+00
3024          	0.000000e+00
3025          	0.000000e+00
3026          	0.000000e+00
3027          	0.000000e+00
3028          	0.000000e+00
3029          	0.000000e+00
3030          	0.000000e+00
3031          	0.000000e+00
3032          	0.000000e+00
3033          	0.000000e+00
3034          	0.000000e+00
3035          	0.000000e+00
3036          	0.000000e+00
3037          	0.000000e+00
3038          	0.000000e+00
3039          	0.000000e+00
3040          	0.000000e+00
3041          	0.000000e+00
3042          	0.000000e+00
3043          	0.000000e+00
3044          	0.000000e+00
3045          	0.000000e+00
3046          	0.000000e+00
3047          	0.000000e+00
3048          	0.000000e+00
3049          	0.000000e+00
3050          	0.000000e+00
3051          	0.000000e+00
3052          	0.000000e+00
3053          	0.000000e+00
3054          	0.000000e+00
3055          	0.000000e+00
3056          	0.000000e+00
3057          	0.000000e+00
3058          	0.000000e+00
3059          	0.000000e+00
3060          	0.000000e+00
3061          	0.000000e+00
3062          	0.000000e+00
3063          	0.000000e+00
3064          	0.000000e+00
3065          	0.000000e+00
3066          	0.000000e+00
3067          	0.000000e+00
3068          	0.000000e+00
3069          	0.000000e+00
3070          	0.000000e+00
3071          	0.000000e+00
3072          	0.000000e+00
3073          	0.000000e+00
3074          	0.000000e+00
3075          	0.000000e+00
3076          	0.000000e+00
3077          	0.000000e+00
3078          	0.000000e+00
3079          	0.000000e+00
3080          	0.000000e+00
3081          	0.000000e+00
3082          	0.000000e+00
3083          	0.000000e+00
3084          	0.000000e+00
3085          	0.000000e+00
3086          	0.000000e+00
3087          	0.000000e+00
3088          	0.000000e+00
3089          	0.000000e+00
3090          	0.000000e+00
3091          	0.000000e+00
3092          	0.000000e+00
3093          	0.000000e+00
3094          	0.000000e+00
3095          	0.000000e+00
3096          	0.000000e+00
3097          	0.000000e+00
3098          	0.000000e+00
3099          	0.000000e+00
3100          	0.000000e+00
3101          	0.000000e+00
3102          	0.000000e+00
3103          	0.000000e+00
3104          	0.000000e+00
3105          	0.000000e+00
3106          	0.000000e+00
3107          	0.000000e+00
3108          	0.000000e+00
3109          	0.000000e+00
3110          	0.000000e+00
3111          	0.000000e+00
3112          	0.000000e+00
3113          	0.000000e+00
3114          	0.000000e+00
3115          	0.000000e+00
3116          	0.000000e+00
3117          	0.000000e+00
3118          	0.000000e+00
3119          	0.000000e+00
3120          	0.000000e+00
3121          	0.000000e+00
3122          	0.000000e+00
3123          	0.000000e+00
3124          	0.000000e+00
3125          	0.000000e+00
3126          	0.000000e+00
3127          	0.000000e+00
3128          	0.000000e+00
3129          	0.000000e+00
3130          	0.000000e+00
3131          	0.000000e+00
3132          	0.000000e+00
3133          	0.000000e+00
3134          	0.000000e+00
3135          	0.000000e+00
3136          	0.000000e+00
3137          	0.000000e+00
3138          	0.000000e+00
3139          	0.000000e+00
3140          	0.000000e+00
3141          	0.000000e+00
3142          	0.000000e+00
3143          	0.000000e+00
3144          	0.000000e+00
3145          	0.000000e+00
3146          	0.000000e+00
3147          	0.000000e+00
3148          	0.000000e+00
3149          	0.000000e+00
3150          	0.000000e+00
3151          	0.000000e+00
3152          	0.000000e+00
3153          	0.000000e+00
3154          	0.000000e+00
3155          	0.000000e+00
3156          	0.000000e+00
3157          	0.000000e+00
3158          	0.000000e+00
3159          	0.000000e+00
3160          	0.000000e+00
3161          	0.000000e+00
3162          	0.000000e+00
3163          	0.000000e+00
3164          	0.000000e+00
3165          	0.000000e+00
3166          	0.000000e+00
3167          	0.000000e+00
3168          	0.000000e+00
3169          	0.000000e+00
3170          	0.000000e+00
3171          	0.000000e+00
3172          	0.000000e+00
3173          	0.000000e+00
3174          	0.000000e+00
3175          	0.000000e+00
3176          	0.000000e+00
3177          	0.000000e+00
3178          	0.000000e+00
3179          	0.000000e+00
3180          	0.000000e+00
3181          	0.000000e+00
3182          	0.000000e+00
3183          	0.000000e+00
3184          	0.000000e+00
3185          	0.000000e+00
3186          	0.000000e+00
3187          	0.000000e+00
3188          	0.000000e+00
3189          	0.000000e+00
3190          	0.000000e+00
3191          	0.000000e+00
3192          	0.000000e+00
3193          	0.000000e+00
3194          	0.000000e+00
3195          	0.000000e+00
3196          	0.000000e+00
3197          	0.000000e+00
3198          	0.000000e+00
3199          	0.000000e+00
3200          	0.000000e+00
3201          	0.000000e+00
3202          	0.000000e+00
3203          	0.000000e+00
3204          	0.000000e+00
3205          	0.000000e+00
3206          	0.000000e+00
3207          	0.000000e+00
3208          	0.000000e+00
3209          	0.000000e+00
3210          	0.000000e+00
3211          	0.000000e+00
3212          	0.000000e+00
3213          	0.000000e+00
3214          	0.000000e+00
3215          	0.000000e+00
3216          	0.000000e+00
3217          	0.000000e+00
3218          	0.000000e+00
3219          	0.000000e+00
3220          	0.000000e+00
3221          	0.000000e+00
3222          	0.000000e+00
3223          	0.000000e+00
3224          	0.000000e+00
3225          	0.000000e+00
3226          	0.000000e+00
3227          	0.000000e+00
3228          	0.000000e+00
3229          	0.000000e+00
3230          	0.000000e+00
3231          	0.000000e+00
3232          	0.000000e+00
3233          	0.000000e+00
3234          	0.000000e+00
3235          	0.000000e+00
3236          	0.000000e+00
3237          	0.000000e+00
3238          	0.000000e+00
3239          	0.000000e+00
3240          	0.000000e+00
3241          	0.000000e+00
3242          	0.000000e+00
3243          	0.000000e+00
3244          	0.000000e+00
3245          	0.000000e+00
3246          	0.000000e+00
3247          	0.000000e+00
3248          	0.000000e+00
3249          	0.000000e+00
3250          	0.000000e+00
3251          	0.000000e+00
3252          	0.000000e+00
3253          	0.000000e+00
3254          	0.000000e+00
3255          	0.000000e+00
3256          	0.000000e+00
3257          	0.000000e+00
3258          	0.000000e+00
3259          	0.000000e+00
3260          	0.000000e+00
3261          	0.000000e+00
3262          	0.000000e+00
3263          	0.000000e+00
3264          	0.000000e+00
3265          	0.000000e+00
3266          	0.000000e+00
3267          	0.000000e+00
3268          	0.000000e+00
3269          	0.000000e+00
3270          	0.000000e+00
3271          	0.000000e+00
3272          	0.000000e+00
3273          	0.000000e+00
3274          	0.000000e+00
3275          	0.000000e+00
3276          	0.000000e+00
3277          	0.000000e+00
3278          	0.000000e+00
3279          	0.000000e+00
3280          	0.000000e+00
