# Region type : patch out
# Faces  :    380
# Area   :    1.250000e-07
# Time        	areaAverage(p)
0             	0.000000e+00
1             	9.071357e+04
2             	7.867255e+04
3             	4.226103e+04
4             	6.271621e+03
5             	-1.931116e+04
6             	-3.027330e+04
7             	-2.946191e+04
8             	-2.109117e+04
9             	-9.681092e+03
10            	5.547414e+02
11            	7.250407e+03
12            	9.793080e+03
13            	8.926554e+03
14            	6.053862e+03
15            	2.642242e+03
16            	-1.923992e+02
17            	-1.872986e+03
18            	-2.324944e+03
19            	-1.837773e+03
20            	-8.626647e+02
21            	1.664952e+02
22            	9.423146e+02
23            	1.328744e+03
24            	1.337211e+03
25            	1.084246e+03
26            	7.199236e+02
27            	3.781230e+02
28            	1.423308e+02
29            	4.179836e+01
30            	5.582716e+01
31            	1.419219e+02
32            	2.501317e+02
33            	3.406180e+02
34            	3.914144e+02
35            	3.982731e+02
36            	3.711907e+02
37            	3.261651e+02
38            	2.793634e+02
39            	2.423360e+02
40            	2.204306e+02
41            	2.132106e+02
42            	2.161552e+02
43            	2.237939e+02
44            	2.309734e+02
45            	2.343670e+02
46            	2.328492e+02
47            	2.271090e+02
48            	2.185380e+02
49            	2.094657e+02
50            	2.013558e+02
51            	1.949991e+02
52            	1.904290e+02
53            	1.874048e+02
54            	1.853444e+02
55            	1.835661e+02
56            	1.815186e+02
57            	1.790881e+02
58            	1.761757e+02
59            	1.729255e+02
60            	1.695791e+02
61            	1.664126e+02
62            	1.634807e+02
63            	1.608745e+02
64            	1.585315e+02
65            	1.563768e+02
66            	1.543552e+02
67            	1.523171e+02
68            	1.503368e+02
69            	1.483520e+02
70            	1.463366e+02
71            	1.444033e+02
72            	1.425247e+02
73            	1.407156e+02
74            	1.389900e+02
75            	1.373216e+02
76            	1.357038e+02
77            	1.341491e+02
78            	1.326353e+02
79            	1.311734e+02
80            	1.297346e+02
81            	1.283036e+02
82            	1.269402e+02
83            	1.256149e+02
84            	1.243328e+02
85            	1.230822e+02
86            	1.218434e+02
87            	1.206192e+02
88            	1.194419e+02
89            	1.183080e+02
90            	1.171983e+02
91            	1.161147e+02
92            	1.150441e+02
93            	1.140144e+02
94            	1.130038e+02
95            	1.120156e+02
96            	1.110352e+02
97            	1.100775e+02
98            	1.091511e+02
99            	1.082508e+02
100           	1.073478e+02
101           	1.064745e+02
102           	1.056227e+02
103           	1.048100e+02
104           	1.039959e+02
105           	1.031849e+02
106           	1.023787e+02
107           	1.015863e+02
108           	1.008352e+02
109           	1.001033e+02
110           	9.937283e+01
111           	9.865324e+01
112           	9.795094e+01
113           	9.725819e+01
114           	9.657776e+01
115           	9.590715e+01
116           	9.525219e+01
117           	9.460856e+01
118           	9.397250e+01
119           	9.334936e+01
120           	9.274158e+01
121           	9.214437e+01
122           	9.155670e+01
123           	9.097389e+01
124           	9.038848e+01
125           	8.981895e+01
126           	8.925802e+01
127           	8.871179e+01
128           	8.818270e+01
129           	8.766007e+01
130           	8.713186e+01
131           	8.661035e+01
132           	8.610846e+01
133           	8.561286e+01
134           	8.510785e+01
135           	8.461418e+01
136           	8.412814e+01
137           	8.365880e+01
138           	8.320688e+01
139           	8.275313e+01
140           	8.230423e+01
141           	8.185614e+01
142           	8.141354e+01
143           	8.098474e+01
144           	8.054770e+01
145           	8.012001e+01
146           	7.970188e+01
147           	7.928877e+01
148           	7.888445e+01
149           	7.848831e+01
150           	7.809888e+01
151           	7.771372e+01
152           	7.732490e+01
153           	7.693597e+01
154           	7.655403e+01
155           	7.617977e+01
156           	7.582051e+01
157           	7.545426e+01
158           	7.510281e+01
159           	7.475109e+01
160           	7.440204e+01
161           	7.406347e+01
162           	7.372642e+01
163           	7.338153e+01
164           	7.303607e+01
165           	7.269858e+01
166           	7.237823e+01
167           	7.207034e+01
168           	7.175990e+01
169           	7.144190e+01
170           	7.112520e+01
171           	7.081488e+01
172           	7.051658e+01
173           	7.021416e+01
174           	6.991480e+01
175           	6.961919e+01
176           	6.933192e+01
177           	6.905532e+01
178           	6.877170e+01
179           	6.849218e+01
180           	6.821485e+01
181           	6.793563e+01
182           	6.766161e+01
183           	6.739161e+01
184           	6.712640e+01
185           	6.687097e+01
186           	6.660971e+01
187           	6.635712e+01
188           	6.610220e+01
189           	6.584920e+01
190           	6.560287e+01
191           	6.535057e+01
192           	6.510728e+01
193           	6.486217e+01
194           	6.462184e+01
195           	6.439047e+01
196           	6.415687e+01
197           	6.392950e+01
198           	6.370361e+01
199           	6.347762e+01
200           	6.325215e+01
201           	6.302759e+01
202           	6.280489e+01
203           	6.258674e+01
204           	6.237198e+01
205           	6.216022e+01
206           	6.195334e+01
207           	6.174793e+01
208           	6.154294e+01
209           	6.133682e+01
210           	6.113259e+01
211           	6.093009e+01
212           	6.073015e+01
213           	6.053304e+01
214           	6.033947e+01
215           	6.014864e+01
216           	5.996143e+01
217           	5.977545e+01
218           	5.959066e+01
219           	5.940795e+01
220           	5.921983e+01
221           	5.903536e+01
222           	5.885471e+01
223           	5.867657e+01
224           	5.850082e+01
225           	5.832994e+01
226           	5.815828e+01
227           	5.798755e+01
228           	5.781625e+01
229           	5.764472e+01
230           	5.747982e+01
231           	5.731070e+01
232           	5.714493e+01
233           	5.698133e+01
234           	5.682185e+01
235           	5.666629e+01
236           	5.651185e+01
237           	5.635770e+01
238           	5.620445e+01
239           	5.604916e+01
240           	5.589509e+01
241           	5.574256e+01
242           	5.559264e+01
243           	5.544649e+01
244           	5.530211e+01
245           	5.515980e+01
246           	5.501759e+01
247           	5.487594e+01
248           	5.473570e+01
249           	5.459775e+01
250           	5.445431e+01
251           	5.431450e+01
252           	5.417742e+01
253           	5.404538e+01
254           	5.391414e+01
255           	5.378382e+01
256           	5.365451e+01
257           	5.352397e+01
258           	5.339461e+01
259           	5.326613e+01
260           	5.313959e+01
261           	5.301451e+01
262           	5.289153e+01
263           	5.276954e+01
264           	5.265059e+01
265           	5.252958e+01
266           	5.240899e+01
267           	5.229006e+01
268           	5.217154e+01
269           	5.205418e+01
270           	5.193847e+01
271           	5.182468e+01
272           	5.171268e+01
273           	5.160269e+01
274           	5.149179e+01
275           	5.138191e+01
276           	5.127211e+01
277           	5.116461e+01
278           	5.105628e+01
279           	5.094762e+01
280           	5.083999e+01
281           	5.073375e+01
282           	5.063173e+01
283           	5.053114e+01
284           	5.043062e+01
285           	5.033061e+01
286           	5.023106e+01
287           	5.013087e+01
288           	5.003217e+01
289           	4.993334e+01
290           	4.983552e+01
291           	4.974123e+01
292           	4.964580e+01
293           	4.955220e+01
294           	4.945911e+01
295           	4.936649e+01
296           	4.927604e+01
297           	4.918528e+01
298           	4.909305e+01
299           	4.900219e+01
300           	4.891357e+01
301           	4.882811e+01
302           	4.874390e+01
303           	4.865742e+01
304           	4.857132e+01
305           	4.848566e+01
306           	4.840157e+01
307           	4.831646e+01
308           	4.823271e+01
309           	4.815026e+01
310           	4.807008e+01
311           	4.799033e+01
312           	4.791259e+01
313           	4.783401e+01
314           	4.775519e+01
315           	4.767767e+01
316           	4.759973e+01
317           	4.752143e+01
318           	4.744389e+01
319           	4.736811e+01
320           	4.729514e+01
321           	4.722285e+01
322           	4.714994e+01
323           	4.707697e+01
324           	4.700440e+01
325           	4.693205e+01
326           	4.685967e+01
327           	4.678839e+01
328           	4.671786e+01
329           	4.664852e+01
330           	4.658052e+01
331           	4.651284e+01
332           	4.644550e+01
333           	4.637820e+01
334           	4.631115e+01
335           	4.624355e+01
336           	4.617782e+01
337           	4.611214e+01
338           	4.604721e+01
339           	4.598274e+01
340           	4.592034e+01
341           	4.585807e+01
342           	4.579553e+01
343           	4.573303e+01
344           	4.567181e+01
345           	4.560875e+01
346           	4.554598e+01
347           	4.548495e+01
348           	4.542538e+01
349           	4.536690e+01
350           	4.530891e+01
351           	4.525032e+01
352           	4.519185e+01
353           	4.513279e+01
354           	4.507434e+01
355           	4.501636e+01
356           	4.495957e+01
357           	4.490325e+01
358           	4.484711e+01
359           	4.479190e+01
360           	4.473877e+01
361           	4.468442e+01
362           	4.462967e+01
363           	4.457570e+01
364           	4.452111e+01
365           	4.446635e+01
366           	4.441292e+01
367           	4.436002e+01
368           	4.430957e+01
369           	4.425851e+01
370           	4.420819e+01
371           	4.415800e+01
372           	4.410795e+01
373           	4.405736e+01
374           	4.400781e+01
375           	4.395726e+01
376           	4.390730e+01
377           	4.385894e+01
378           	4.381073e+01
379           	4.376497e+01
380           	4.371883e+01
381           	4.367187e+01
382           	4.362492e+01
383           	4.357749e+01
384           	4.353050e+01
385           	4.348354e+01
386           	4.343613e+01
387           	4.338979e+01
388           	4.334549e+01
389           	4.330173e+01
390           	4.325748e+01
391           	4.321342e+01
392           	4.317049e+01
393           	4.312716e+01
394           	4.308383e+01
395           	4.304092e+01
396           	4.299786e+01
397           	4.295568e+01
398           	4.291340e+01
399           	4.287210e+01
400           	4.283197e+01
401           	4.279117e+01
402           	4.275026e+01
403           	4.270854e+01
404           	4.266742e+01
405           	4.262501e+01
406           	4.258666e+01
407           	4.254838e+01
408           	4.250991e+01
409           	4.247110e+01
410           	4.243116e+01
411           	4.239192e+01
412           	4.235246e+01
413           	4.231363e+01
414           	4.227518e+01
415           	4.223826e+01
416           	4.220108e+01
417           	4.216472e+01
418           	4.212725e+01
419           	4.209083e+01
420           	4.205449e+01
421           	4.201691e+01
422           	4.197997e+01
423           	4.194376e+01
424           	4.190789e+01
425           	4.187193e+01
426           	4.183671e+01
427           	4.180100e+01
428           	4.176545e+01
429           	4.172953e+01
430           	4.169538e+01
431           	4.165947e+01
432           	4.162468e+01
433           	4.159001e+01
434           	4.155496e+01
435           	4.152097e+01
436           	4.148615e+01
437           	4.145202e+01
438           	4.141853e+01
439           	4.138457e+01
440           	4.135105e+01
441           	4.131684e+01
442           	4.128280e+01
443           	4.124968e+01
444           	4.121607e+01
445           	4.118291e+01
446           	4.115035e+01
447           	4.111874e+01
448           	4.108655e+01
449           	4.105332e+01
450           	4.102047e+01
451           	4.098876e+01
452           	4.095610e+01
453           	4.092375e+01
454           	4.089218e+01
455           	4.086090e+01
456           	4.083058e+01
457           	4.080000e+01
458           	4.076965e+01
459           	4.073897e+01
460           	4.070883e+01
461           	4.067700e+01
462           	4.064510e+01
463           	4.061362e+01
464           	4.058253e+01
465           	4.055218e+01
466           	4.052279e+01
467           	4.049310e+01
468           	4.046318e+01
469           	4.043290e+01
470           	4.040310e+01
471           	4.037347e+01
472           	4.034381e+01
473           	4.031447e+01
474           	4.028620e+01
475           	4.025774e+01
476           	4.022822e+01
477           	4.019832e+01
478           	4.016909e+01
479           	4.014025e+01
480           	4.011171e+01
481           	4.008366e+01
482           	4.005536e+01
483           	4.002677e+01
484           	3.999783e+01
485           	3.996913e+01
486           	3.994178e+01
487           	3.991413e+01
488           	3.988633e+01
489           	3.985845e+01
490           	3.983032e+01
491           	3.980216e+01
492           	3.977367e+01
493           	3.974655e+01
494           	3.971916e+01
495           	3.969163e+01
496           	3.966430e+01
497           	3.963667e+01
498           	3.960920e+01
499           	3.958021e+01
500           	3.955242e+01
501           	3.952539e+01
502           	3.949903e+01
503           	3.947347e+01
504           	3.944706e+01
505           	3.941977e+01
506           	3.939319e+01
507           	3.936593e+01
508           	3.933873e+01
509           	3.931127e+01
510           	3.928526e+01
511           	3.925899e+01
512           	3.923337e+01
513           	3.920832e+01
514           	3.918174e+01
515           	3.915450e+01
516           	3.912788e+01
517           	3.910085e+01
518           	3.907533e+01
519           	3.904972e+01
520           	3.902344e+01
521           	3.899717e+01
522           	3.897189e+01
523           	3.895559e+01
524           	3.892790e+01
525           	3.889965e+01
526           	3.887275e+01
527           	3.884741e+01
528           	3.882232e+01
529           	3.879756e+01
530           	3.877244e+01
531           	3.874691e+01
532           	3.872104e+01
533           	3.869485e+01
534           	3.866877e+01
535           	3.864272e+01
536           	3.861695e+01
537           	3.859161e+01
538           	3.856615e+01
539           	3.854117e+01
540           	3.851596e+01
541           	3.849105e+01
542           	3.846646e+01
543           	3.844185e+01
544           	3.841744e+01
545           	3.839350e+01
546           	3.836933e+01
547           	3.834490e+01
548           	3.832025e+01
549           	3.829555e+01
550           	3.827077e+01
551           	3.824635e+01
552           	3.822231e+01
553           	3.819875e+01
554           	3.817565e+01
555           	3.815237e+01
556           	3.812894e+01
557           	3.810496e+01
558           	3.808050e+01
559           	3.805624e+01
560           	3.803214e+01
561           	3.800770e+01
562           	3.798327e+01
563           	3.795965e+01
564           	3.793769e+01
565           	3.791622e+01
566           	3.789466e+01
567           	3.787217e+01
568           	3.784824e+01
569           	3.782333e+01
570           	3.779868e+01
571           	3.777422e+01
572           	3.775034e+01
573           	3.772790e+01
574           	3.770559e+01
575           	3.768340e+01
576           	3.766096e+01
577           	3.763829e+01
578           	3.761521e+01
579           	3.759194e+01
580           	3.756877e+01
581           	3.754635e+01
582           	3.752427e+01
583           	3.750247e+01
584           	3.748116e+01
585           	3.745983e+01
586           	3.743762e+01
587           	3.741491e+01
588           	3.739243e+01
589           	3.737069e+01
590           	3.734904e+01
591           	3.732690e+01
592           	3.730603e+01
593           	3.728505e+01
594           	3.726367e+01
595           	3.724211e+01
596           	3.722163e+01
597           	3.720033e+01
598           	3.717928e+01
599           	3.715725e+01
600           	3.713587e+01
601           	3.711505e+01
602           	3.709429e+01
603           	3.707311e+01
604           	3.705306e+01
605           	3.703308e+01
606           	3.701227e+01
607           	3.699233e+01
608           	3.697168e+01
609           	3.695132e+01
610           	3.693200e+01
611           	3.691199e+01
612           	3.689220e+01
613           	3.687284e+01
614           	3.685247e+01
615           	3.683331e+01
616           	3.681336e+01
617           	3.679401e+01
618           	3.677369e+01
619           	3.675326e+01
620           	3.673393e+01
621           	3.671423e+01
622           	3.669502e+01
623           	3.667521e+01
624           	3.665608e+01
625           	3.663565e+01
626           	3.661609e+01
627           	3.659642e+01
628           	3.657714e+01
629           	3.655892e+01
630           	3.654097e+01
631           	3.652209e+01
632           	3.650272e+01
633           	3.648344e+01
634           	3.646437e+01
635           	3.644556e+01
636           	3.642727e+01
637           	3.640910e+01
638           	3.639107e+01
639           	3.637282e+01
640           	3.635452e+01
641           	3.633601e+01
642           	3.631730e+01
643           	3.629818e+01
644           	3.627857e+01
645           	3.625995e+01
646           	3.624218e+01
647           	3.622374e+01
648           	3.620511e+01
649           	3.618754e+01
650           	3.616940e+01
651           	3.615154e+01
652           	3.613267e+01
653           	3.611422e+01
654           	3.609645e+01
655           	3.607859e+01
656           	3.606063e+01
657           	3.604324e+01
658           	3.602579e+01
659           	3.600826e+01
660           	3.599066e+01
661           	3.597300e+01
662           	3.595550e+01
663           	3.593819e+01
664           	3.592032e+01
665           	3.590286e+01
666           	3.588543e+01
667           	3.586797e+01
668           	3.585012e+01
669           	3.583260e+01
670           	3.581533e+01
671           	3.579854e+01
672           	3.578165e+01
673           	3.576474e+01
674           	3.574772e+01
675           	3.573058e+01
676           	3.571329e+01
677           	3.569616e+01
678           	3.567915e+01
679           	3.566236e+01
680           	3.564546e+01
681           	3.562870e+01
682           	3.561227e+01
683           	3.559583e+01
684           	3.557914e+01
685           	3.556273e+01
686           	3.554656e+01
687           	3.553051e+01
688           	3.551447e+01
689           	3.549817e+01
690           	3.548203e+01
691           	3.546581e+01
692           	3.544962e+01
693           	3.543368e+01
694           	3.541815e+01
695           	3.540236e+01
696           	3.538664e+01
697           	3.537119e+01
698           	3.535567e+01
699           	3.533981e+01
700           	3.532365e+01
701           	3.530800e+01
702           	3.529243e+01
703           	3.527667e+01
704           	3.526092e+01
705           	3.524552e+01
706           	3.522977e+01
707           	3.521427e+01
708           	3.519863e+01
709           	3.518316e+01
710           	3.516744e+01
711           	3.515184e+01
712           	3.513630e+01
713           	3.512090e+01
714           	3.510527e+01
715           	3.508987e+01
716           	3.507413e+01
717           	3.505865e+01
718           	3.504341e+01
719           	3.502837e+01
720           	3.501323e+01
721           	3.499804e+01
722           	3.498251e+01
723           	3.496721e+01
724           	3.495174e+01
725           	3.493649e+01
726           	3.492174e+01
727           	3.490699e+01
728           	3.489201e+01
729           	3.487693e+01
730           	3.486200e+01
731           	3.484701e+01
732           	3.483189e+01
733           	3.481689e+01
734           	3.480230e+01
735           	3.478771e+01
736           	3.477295e+01
737           	3.475822e+01
738           	3.474374e+01
739           	3.472918e+01
740           	3.471484e+01
741           	3.470069e+01
742           	3.468625e+01
743           	3.467190e+01
744           	3.465765e+01
745           	3.464342e+01
746           	3.462950e+01
747           	3.461562e+01
748           	3.460166e+01
749           	3.459494e+01
750           	3.458078e+01
751           	3.456579e+01
752           	3.455119e+01
753           	3.453717e+01
754           	3.452355e+01
755           	3.451056e+01
756           	3.449722e+01
757           	3.448380e+01
758           	3.447026e+01
759           	3.445702e+01
760           	3.444643e+01
761           	3.443555e+01
762           	3.442353e+01
763           	3.440930e+01
764           	3.439392e+01
765           	3.437748e+01
766           	3.436144e+01
767           	3.434663e+01
768           	3.433355e+01
769           	3.432161e+01
770           	3.431045e+01
771           	3.429967e+01
772           	3.428698e+01
773           	3.427306e+01
774           	3.425876e+01
775           	3.424503e+01
776           	3.423171e+01
777           	3.421887e+01
778           	3.420655e+01
779           	3.419493e+01
780           	3.418319e+01
781           	3.417112e+01
782           	3.415844e+01
783           	3.414596e+01
784           	3.413383e+01
785           	3.412165e+01
786           	3.410933e+01
787           	3.409658e+01
788           	3.408446e+01
789           	3.407209e+01
790           	3.405988e+01
791           	3.404751e+01
792           	3.403563e+01
793           	3.402356e+01
794           	3.401150e+01
795           	3.399974e+01
796           	3.398825e+01
797           	3.397650e+01
798           	3.396468e+01
799           	3.395294e+01
800           	3.394121e+01
801           	3.392943e+01
802           	3.391755e+01
803           	3.390563e+01
804           	3.389434e+01
805           	3.388291e+01
806           	3.387156e+01
807           	3.386029e+01
808           	3.384936e+01
809           	3.383968e+01
810           	3.382953e+01
811           	3.381935e+01
812           	3.380861e+01
813           	3.379724e+01
814           	3.378533e+01
815           	3.377291e+01
816           	3.376079e+01
817           	3.374903e+01
818           	3.373811e+01
819           	3.372708e+01
820           	3.371598e+01
821           	3.370483e+01
822           	3.369388e+01
823           	3.368287e+01
824           	3.367213e+01
825           	3.366156e+01
826           	3.365095e+01
827           	3.364032e+01
828           	3.362967e+01
829           	3.361906e+01
830           	3.360822e+01
831           	3.359766e+01
832           	3.358728e+01
833           	3.357692e+01
834           	3.356715e+01
835           	3.355687e+01
836           	3.354651e+01
837           	3.353635e+01
838           	3.352605e+01
839           	3.351564e+01
840           	3.350510e+01
841           	3.349499e+01
842           	3.348540e+01
843           	3.347582e+01
844           	3.346614e+01
845           	3.345661e+01
846           	3.344700e+01
847           	3.343692e+01
848           	3.342689e+01
849           	3.341657e+01
850           	3.340670e+01
851           	3.339708e+01
852           	3.338766e+01
853           	3.337880e+01
854           	3.336991e+01
855           	3.336035e+01
856           	3.335018e+01
857           	3.333998e+01
858           	3.332955e+01
859           	3.331980e+01
860           	3.331021e+01
861           	3.330068e+01
862           	3.329136e+01
863           	3.328241e+01
864           	3.327290e+01
865           	3.326300e+01
866           	3.325317e+01
867           	3.324333e+01
868           	3.323344e+01
869           	3.322382e+01
870           	3.321462e+01
871           	3.320597e+01
872           	3.319721e+01
873           	3.318839e+01
874           	3.317909e+01
875           	3.316949e+01
876           	3.315996e+01
877           	3.315006e+01
878           	3.314058e+01
879           	3.313156e+01
880           	3.312285e+01
881           	3.311402e+01
882           	3.310532e+01
883           	3.309636e+01
884           	3.308774e+01
885           	3.307857e+01
886           	3.306941e+01
887           	3.306121e+01
888           	3.305350e+01
889           	3.304563e+01
890           	3.303753e+01
891           	3.302885e+01
892           	3.301980e+01
893           	3.301092e+01
894           	3.300237e+01
895           	3.299405e+01
896           	3.298579e+01
897           	3.297756e+01
898           	3.296939e+01
899           	3.296146e+01
900           	3.295312e+01
901           	3.294458e+01
902           	3.293574e+01
903           	3.292724e+01
904           	3.291894e+01
905           	3.291058e+01
906           	3.290220e+01
907           	3.289376e+01
908           	3.288553e+01
909           	3.287810e+01
910           	3.286983e+01
911           	3.286153e+01
912           	3.285340e+01
913           	3.284565e+01
914           	3.283761e+01
915           	3.282924e+01
916           	3.282073e+01
917           	3.281278e+01
918           	3.280469e+01
919           	3.279652e+01
920           	3.278865e+01
921           	3.278124e+01
922           	3.277371e+01
923           	3.276609e+01
924           	3.275847e+01
925           	3.275091e+01
926           	3.274297e+01
927           	3.273512e+01
928           	3.272717e+01
929           	3.271963e+01
930           	3.271203e+01
931           	3.270442e+01
932           	3.269706e+01
933           	3.268968e+01
934           	3.268202e+01
935           	3.267422e+01
936           	3.266633e+01
937           	3.265869e+01
938           	3.265110e+01
939           	3.264362e+01
940           	3.263645e+01
941           	3.262987e+01
942           	3.262290e+01
943           	3.261552e+01
944           	3.260783e+01
945           	3.260017e+01
946           	3.259233e+01
947           	3.258475e+01
948           	3.257714e+01
949           	3.256986e+01
950           	3.256288e+01
951           	3.255596e+01
952           	3.254880e+01
953           	3.254167e+01
954           	3.253454e+01
955           	3.252740e+01
956           	3.252050e+01
957           	3.251404e+01
958           	3.250749e+01
959           	3.250055e+01
960           	3.249320e+01
961           	3.248570e+01
962           	3.247816e+01
963           	3.247121e+01
964           	3.246378e+01
965           	3.245650e+01
966           	3.244951e+01
967           	3.244263e+01
968           	3.243559e+01
969           	3.242930e+01
970           	3.242213e+01
971           	3.241478e+01
972           	3.240763e+01
973           	3.240076e+01
974           	3.239416e+01
975           	3.238792e+01
976           	3.238130e+01
977           	3.237421e+01
978           	3.236700e+01
979           	3.235994e+01
980           	3.235284e+01
981           	3.234547e+01
982           	3.233816e+01
983           	3.233114e+01
984           	3.232416e+01
985           	3.231701e+01
986           	3.231004e+01
987           	3.230341e+01
988           	3.229684e+01
989           	3.229052e+01
990           	3.228425e+01
991           	3.227806e+01
992           	3.227154e+01
993           	3.226464e+01
994           	3.225761e+01
995           	3.225111e+01
996           	3.224422e+01
997           	3.223741e+01
998           	3.223111e+01
999           	3.222537e+01
1000          	3.221927e+01
1001          	3.221309e+01
1002          	3.220662e+01
1003          	3.220010e+01
1004          	3.219354e+01
1005          	3.218697e+01
1006          	3.218051e+01
1007          	3.217460e+01
1008          	3.216879e+01
1009          	3.216285e+01
1010          	3.215671e+01
1011          	3.215072e+01
1012          	3.214453e+01
1013          	3.213824e+01
1014          	3.213222e+01
1015          	3.212610e+01
1016          	3.212003e+01
1017          	3.211396e+01
1018          	3.210796e+01
1019          	3.210217e+01
1020          	3.209642e+01
1021          	3.209064e+01
1022          	3.208474e+01
1023          	3.207897e+01
1024          	3.207331e+01
1025          	3.206716e+01
1026          	3.206111e+01
1027          	3.205531e+01
1028          	3.204995e+01
1029          	3.204425e+01
1030          	3.203858e+01
1031          	3.203316e+01
1032          	3.202770e+01
1033          	3.202196e+01
1034          	3.201626e+01
1035          	3.201056e+01
1036          	3.200492e+01
1037          	3.199961e+01
1038          	3.199441e+01
1039          	3.198936e+01
1040          	3.198418e+01
1041          	3.197877e+01
1042          	3.197340e+01
1043          	3.196822e+01
1044          	3.196281e+01
1045          	3.195747e+01
1046          	3.195261e+01
1047          	3.194810e+01
1048          	3.194311e+01
1049          	3.193798e+01
1050          	3.193280e+01
1051          	3.192806e+01
1052          	3.192299e+01
1053          	3.191787e+01
1054          	3.191292e+01
1055          	3.190834e+01
1056          	3.190391e+01
1057          	3.189896e+01
1058          	3.189392e+01
1059          	3.188934e+01
1060          	3.188449e+01
1061          	3.187938e+01
1062          	3.187456e+01
1063          	3.186990e+01
1064          	3.186526e+01
1065          	3.186050e+01
1066          	3.185578e+01
1067          	3.185126e+01
1068          	3.184658e+01
1069          	3.184185e+01
1070          	3.183744e+01
1071          	3.183303e+01
1072          	3.182846e+01
1073          	3.182368e+01
1074          	3.181854e+01
1075          	3.181318e+01
1076          	3.180824e+01
1077          	3.180310e+01
1078          	3.179777e+01
1079          	3.179258e+01
1080          	3.178755e+01
1081          	3.178224e+01
1082          	3.177671e+01
1083          	3.177118e+01
1084          	3.176603e+01
1085          	3.176087e+01
1086          	3.175603e+01
1087          	3.175104e+01
1088          	3.174614e+01
1089          	3.174106e+01
1090          	3.173577e+01
1091          	3.173040e+01
1092          	3.172549e+01
1093          	3.172035e+01
1094          	3.171494e+01
1095          	3.170956e+01
1096          	3.170452e+01
1097          	3.169946e+01
1098          	3.169402e+01
1099          	3.168829e+01
1100          	3.168246e+01
1101          	3.167698e+01
1102          	3.167133e+01
1103          	3.166576e+01
1104          	3.166036e+01
1105          	3.165535e+01
1106          	3.165027e+01
1107          	3.164508e+01
1108          	3.163971e+01
1109          	3.163460e+01
1110          	3.162932e+01
1111          	3.162381e+01
1112          	3.161832e+01
1113          	3.161315e+01
1114          	3.160794e+01
1115          	3.160276e+01
1116          	3.159765e+01
1117          	3.159407e+01
1118          	3.159018e+01
1119          	3.158394e+01
1120          	3.157827e+01
1121          	3.157347e+01
1122          	3.156885e+01
1123          	3.156420e+01
1124          	3.155949e+01
1125          	3.155490e+01
1126          	3.154980e+01
1127          	3.154443e+01
1128          	3.153890e+01
1129          	3.153347e+01
1130          	3.152780e+01
1131          	3.152222e+01
1132          	3.151706e+01
1133          	3.151258e+01
1134          	3.150821e+01
1135          	3.150382e+01
1136          	3.149932e+01
1137          	3.149493e+01
1138          	3.149005e+01
1139          	3.148501e+01
1140          	3.148003e+01
1141          	3.147529e+01
1142          	3.147056e+01
1143          	3.146596e+01
1144          	3.146134e+01
1145          	3.145701e+01
1146          	3.145229e+01
1147          	3.144760e+01
1148          	3.144300e+01
1149          	3.143871e+01
1150          	3.143445e+01
1151          	3.143018e+01
1152          	3.142595e+01
1153          	3.142172e+01
1154          	3.141786e+01
1155          	3.141380e+01
1156          	3.140871e+01
1157          	3.140446e+01
1158          	3.140054e+01
1159          	3.139685e+01
1160          	3.139302e+01
1161          	3.138937e+01
1162          	3.138516e+01
1163          	3.138060e+01
1164          	3.137588e+01
1165          	3.137148e+01
1166          	3.136700e+01
1167          	3.136266e+01
1168          	3.135856e+01
1169          	3.135483e+01
1170          	3.135098e+01
1171          	3.134712e+01
1172          	3.134334e+01
1173          	3.133984e+01
1174          	3.133627e+01
1175          	3.133264e+01
1176          	3.132927e+01
1177          	3.132595e+01
1178          	3.132259e+01
1179          	3.131928e+01
1180          	3.131618e+01
1181          	3.131305e+01
1182          	3.130987e+01
1183          	3.130687e+01
1184          	3.130379e+01
1185          	3.130086e+01
1186          	3.129761e+01
1187          	3.129431e+01
1188          	3.129105e+01
1189          	3.128785e+01
1190          	3.128462e+01
1191          	3.128163e+01
1192          	3.127847e+01
1193          	3.127545e+01
1194          	3.127249e+01
1195          	3.126942e+01
1196          	3.126661e+01
1197          	3.126413e+01
1198          	3.126139e+01
1199          	3.125876e+01
1200          	3.125627e+01
1201          	3.125351e+01
1202          	3.125065e+01
1203          	3.124777e+01
1204          	3.124506e+01
1205          	3.124262e+01
1206          	3.124022e+01
1207          	3.123786e+01
1208          	3.123565e+01
1209          	3.123311e+01
1210          	3.123043e+01
1211          	3.122776e+01
1212          	3.122522e+01
1213          	3.122282e+01
1214          	3.122049e+01
1215          	3.121826e+01
1216          	3.121607e+01
1217          	3.121384e+01
1218          	3.121140e+01
1219          	3.120882e+01
1220          	3.120638e+01
1221          	3.120410e+01
1222          	3.120167e+01
1223          	3.119939e+01
1224          	3.119715e+01
1225          	3.119486e+01
1226          	3.119251e+01
1227          	3.119019e+01
1228          	3.118790e+01
1229          	3.118562e+01
1230          	3.118323e+01
1231          	3.118084e+01
1232          	3.117839e+01
1233          	3.117619e+01
1234          	3.117375e+01
1235          	3.117132e+01
1236          	3.116896e+01
1237          	3.116658e+01
1238          	3.116421e+01
1239          	3.116204e+01
1240          	3.115972e+01
1241          	3.115746e+01
1242          	3.115498e+01
1243          	3.115237e+01
1244          	3.114982e+01
1245          	3.114765e+01
1246          	3.114535e+01
1247          	3.114295e+01
1248          	3.114058e+01
1249          	3.113843e+01
1250          	3.113586e+01
1251          	3.113331e+01
1252          	3.113080e+01
1253          	3.112871e+01
1254          	3.112652e+01
1255          	3.112429e+01
1256          	3.112193e+01
1257          	3.111992e+01
1258          	3.111757e+01
1259          	3.111515e+01
1260          	3.111273e+01
1261          	3.111037e+01
1262          	3.110832e+01
1263          	3.110606e+01
1264          	3.110390e+01
1265          	3.110171e+01
1266          	3.109948e+01
1267          	3.109699e+01
1268          	3.109464e+01
1269          	3.109267e+01
1270          	3.109031e+01
1271          	3.108803e+01
1272          	3.108590e+01
1273          	3.108362e+01
1274          	3.108121e+01
1275          	3.107896e+01
1276          	3.107670e+01
1277          	3.107443e+01
1278          	3.107212e+01
1279          	3.106986e+01
1280          	3.106756e+01
1281          	3.106537e+01
1282          	3.106282e+01
1283          	3.106028e+01
1284          	3.105795e+01
1285          	3.105561e+01
1286          	3.105329e+01
1287          	3.105088e+01
1288          	3.104847e+01
1289          	3.104615e+01
1290          	3.104366e+01
1291          	3.104112e+01
1292          	3.103858e+01
1293          	3.103609e+01
1294          	3.103358e+01
1295          	3.103116e+01
1296          	3.102869e+01
1297          	3.102627e+01
1298          	3.102363e+01
1299          	3.102091e+01
1300          	3.101824e+01
1301          	3.101594e+01
1302          	3.101365e+01
1303          	3.101120e+01
1304          	3.100867e+01
1305          	3.100628e+01
1306          	3.100355e+01
1307          	3.100084e+01
1308          	3.099836e+01
1309          	3.099614e+01
1310          	3.099413e+01
1311          	3.099187e+01
1312          	3.098929e+01
1313          	3.098710e+01
1314          	3.098473e+01
1315          	3.098219e+01
1316          	3.097978e+01
1317          	3.097791e+01
1318          	3.097572e+01
1319          	3.097354e+01
1320          	3.097143e+01
1321          	3.096940e+01
1322          	3.096726e+01
1323          	3.096487e+01
1324          	3.096242e+01
1325          	3.096043e+01
1326          	3.095834e+01
1327          	3.095605e+01
1328          	3.095398e+01
1329          	3.095213e+01
1330          	3.094994e+01
1331          	3.094751e+01
1332          	3.094523e+01
1333          	3.094318e+01
1334          	3.094104e+01
1335          	3.093893e+01
1336          	3.093697e+01
1337          	3.093488e+01
1338          	3.093268e+01
1339          	3.093034e+01
1340          	3.092815e+01
1341          	3.092609e+01
1342          	3.092382e+01
1343          	3.092160e+01
1344          	3.091937e+01
1345          	3.091699e+01
1346          	3.091442e+01
1347          	3.091183e+01
1348          	3.090963e+01
1349          	3.090748e+01
1350          	3.090521e+01
1351          	3.090286e+01
1352          	3.090053e+01
1353          	3.089820e+01
1354          	3.089551e+01
1355          	3.089279e+01
1356          	3.088990e+01
1357          	3.088722e+01
1358          	3.088454e+01
1359          	3.088193e+01
1360          	3.087931e+01
1361          	3.087678e+01
1362          	3.087410e+01
1363          	3.087131e+01
1364          	3.086862e+01
1365          	3.086620e+01
1366          	3.086366e+01
1367          	3.086114e+01
1368          	3.085868e+01
1369          	3.085622e+01
1370          	3.085351e+01
1371          	3.085071e+01
1372          	3.084791e+01
1373          	3.084548e+01
1374          	3.084304e+01
1375          	3.084049e+01
1376          	3.083790e+01
1377          	3.083678e+01
1378          	3.083438e+01
1379          	3.083068e+01
1380          	3.082775e+01
1381          	3.082573e+01
1382          	3.082401e+01
1383          	3.082221e+01
1384          	3.082037e+01
1385          	3.081839e+01
1386          	3.081561e+01
1387          	3.081246e+01
1388          	3.080925e+01
1389          	3.080627e+01
1390          	3.080337e+01
1391          	3.080052e+01
1392          	3.079800e+01
1393          	3.079579e+01
1394          	3.079352e+01
1395          	3.079121e+01
1396          	3.078898e+01
1397          	3.078699e+01
1398          	3.078492e+01
1399          	3.078401e+01
1400          	3.078211e+01
1401          	3.077891e+01
1402          	3.077622e+01
1403          	3.077418e+01
1404          	3.077258e+01
1405          	3.077147e+01
1406          	3.077009e+01
1407          	3.076833e+01
1408          	3.076589e+01
1409          	3.076329e+01
1410          	3.076018e+01
1411          	3.075696e+01
1412          	3.075395e+01
1413          	3.075140e+01
1414          	3.074893e+01
1415          	3.074661e+01
1416          	3.074449e+01
1417          	3.074373e+01
1418          	3.074077e+01
1419          	3.073748e+01
1420          	3.073504e+01
1421          	3.073336e+01
1422          	3.073184e+01
1423          	3.073002e+01
1424          	3.072826e+01
1425          	3.072628e+01
1426          	3.072335e+01
1427          	3.072011e+01
1428          	3.071684e+01
1429          	3.071371e+01
1430          	3.071100e+01
1431          	3.070849e+01
1432          	3.070760e+01
1433          	3.070493e+01
1434          	3.070192e+01
1435          	3.069917e+01
1436          	3.069677e+01
1437          	3.069503e+01
1438          	3.069358e+01
1439          	3.069191e+01
1440          	3.070661e+01
1441          	3.070119e+01
1442          	3.069528e+01
1443          	3.069013e+01
1444          	3.068581e+01
1445          	3.068190e+01
1446          	3.067836e+01
1447          	3.067550e+01
1448          	3.067296e+01
1449          	3.067047e+01
1450          	3.066767e+01
1451          	3.066474e+01
1452          	3.066167e+01
1453          	3.065844e+01
1454          	3.065522e+01
1455          	3.065230e+01
1456          	3.064889e+01
1457          	3.064587e+01
1458          	3.064333e+01
1459          	3.064135e+01
1460          	3.063938e+01
1461          	3.063770e+01
1462          	3.063849e+01
1463          	3.063891e+01
1464          	3.063784e+01
1465          	3.063506e+01
1466          	3.063057e+01
1467          	3.062514e+01
1468          	3.062000e+01
1469          	3.061612e+01
1470          	3.061403e+01
1471          	3.061304e+01
1472          	3.061264e+01
1473          	3.061137e+01
1474          	3.060846e+01
1475          	3.060431e+01
1476          	3.059988e+01
1477          	3.059569e+01
1478          	3.059276e+01
1479          	3.059080e+01
1480          	3.058931e+01
1481          	3.058779e+01
1482          	3.058623e+01
1483          	3.058397e+01
1484          	3.058134e+01
1485          	3.057775e+01
1486          	3.057458e+01
1487          	3.057169e+01
1488          	3.056940e+01
1489          	3.056742e+01
1490          	3.056558e+01
1491          	3.056352e+01
1492          	3.056112e+01
1493          	3.055810e+01
1494          	3.055502e+01
1495          	3.055221e+01
1496          	3.054955e+01
1497          	3.054659e+01
1498          	3.054367e+01
1499          	3.054112e+01
1500          	3.053871e+01
1501          	3.053721e+01
1502          	3.053463e+01
1503          	3.053055e+01
1504          	3.052745e+01
1505          	3.052478e+01
1506          	3.052226e+01
1507          	3.052019e+01
1508          	3.051825e+01
1509          	3.051554e+01
1510          	3.051250e+01
1511          	3.050940e+01
1512          	3.050631e+01
1513          	3.050276e+01
1514          	3.049914e+01
1515          	3.049545e+01
1516          	3.049202e+01
1517          	3.048938e+01
1518          	3.048686e+01
1519          	3.048358e+01
1520          	3.048044e+01
1521          	3.047711e+01
1522          	3.047353e+01
1523          	3.046980e+01
1524          	3.046639e+01
1525          	3.046339e+01
1526          	3.046062e+01
1527          	3.045772e+01
1528          	3.045470e+01
1529          	3.045167e+01
1530          	3.044844e+01
1531          	3.044494e+01
1532          	3.044131e+01
1533          	3.043876e+01
1534          	3.043501e+01
1535          	3.043124e+01
1536          	3.042803e+01
1537          	3.042515e+01
1538          	3.042209e+01
1539          	3.041938e+01
1540          	3.041613e+01
1541          	3.041321e+01
1542          	3.040965e+01
1543          	3.040586e+01
1544          	3.040204e+01
1545          	3.039793e+01
1546          	3.039440e+01
1547          	3.039095e+01
1548          	3.038695e+01
1549          	3.038253e+01
1550          	3.037877e+01
1551          	3.037504e+01
1552          	3.037121e+01
1553          	3.036775e+01
1554          	3.036430e+01
1555          	3.036113e+01
1556          	3.035782e+01
1557          	3.035425e+01
1558          	3.035069e+01
1559          	3.034673e+01
1560          	3.034317e+01
1561          	3.033957e+01
1562          	3.033620e+01
1563          	3.033249e+01
1564          	3.032893e+01
1565          	3.032591e+01
1566          	3.032290e+01
1567          	3.031948e+01
1568          	3.031553e+01
1569          	3.031169e+01
1570          	3.030834e+01
1571          	3.030492e+01
1572          	3.030160e+01
1573          	3.029820e+01
1574          	3.029522e+01
1575          	3.029234e+01
1576          	3.028907e+01
1577          	3.028564e+01
1578          	3.028229e+01
1579          	3.027840e+01
1580          	3.027474e+01
1581          	3.027135e+01
1582          	3.026818e+01
1583          	3.026509e+01
1584          	3.026220e+01
1585          	3.025930e+01
1586          	3.025631e+01
1587          	3.025282e+01
1588          	3.024903e+01
1589          	3.024563e+01
1590          	3.024228e+01
1591          	3.023920e+01
1592          	3.023619e+01
1593          	3.023257e+01
1594          	3.022902e+01
1595          	3.022521e+01
1596          	3.022160e+01
1597          	3.021783e+01
1598          	3.021449e+01
1599          	3.021175e+01
1600          	3.020853e+01
1601          	3.020503e+01
1602          	3.020151e+01
1603          	3.019801e+01
1604          	3.019489e+01
1605          	3.019141e+01
1606          	3.018775e+01
1607          	3.018414e+01
1608          	3.018054e+01
1609          	3.017659e+01
1610          	3.017279e+01
1611          	3.016913e+01
1612          	3.016575e+01
1613          	3.016260e+01
1614          	3.015930e+01
1615          	3.015613e+01
1616          	3.015301e+01
1617          	3.014963e+01
1618          	3.014598e+01
1619          	3.014266e+01
1620          	3.013967e+01
1621          	3.013669e+01
1622          	3.013397e+01
1623          	3.013148e+01
1624          	3.012899e+01
1625          	3.012598e+01
1626          	3.012277e+01
1627          	3.011936e+01
1628          	3.011623e+01
1629          	3.011311e+01
1630          	3.010996e+01
1631          	3.010724e+01
1632          	3.010487e+01
1633          	3.010221e+01
1634          	3.009918e+01
1635          	3.009626e+01
1636          	3.009347e+01
1637          	3.009072e+01
1638          	3.008816e+01
1639          	3.008571e+01
1640          	3.008348e+01
1641          	3.008109e+01
1642          	3.007858e+01
1643          	3.007613e+01
1644          	3.007374e+01
1645          	3.007099e+01
1646          	3.006828e+01
1647          	3.006572e+01
1648          	3.006339e+01
1649          	3.006099e+01
1650          	3.005856e+01
1651          	3.005626e+01
1652          	3.005422e+01
1653          	3.005212e+01
1654          	3.005000e+01
1655          	3.004795e+01
1656          	3.004592e+01
1657          	3.004376e+01
1658          	3.004168e+01
1659          	3.003971e+01
1660          	3.003800e+01
1661          	3.003638e+01
1662          	3.003479e+01
1663          	3.003330e+01
1664          	3.003180e+01
1665          	3.002994e+01
1666          	3.002801e+01
1667          	3.002605e+01
1668          	3.002450e+01
1669          	3.002270e+01
1670          	3.002128e+01
1671          	3.001971e+01
1672          	3.001802e+01
1673          	3.001611e+01
1674          	3.001427e+01
1675          	3.001234e+01
1676          	3.001078e+01
1677          	3.000901e+01
1678          	3.000745e+01
1679          	3.000621e+01
1680          	3.000496e+01
1681          	3.000357e+01
1682          	3.000186e+01
1683          	3.000013e+01
1684          	2.999831e+01
1685          	2.999601e+01
1686          	2.999391e+01
1687          	2.999215e+01
1688          	2.999046e+01
1689          	2.998825e+01
1690          	2.998597e+01
1691          	2.998387e+01
1692          	2.998212e+01
1693          	2.998014e+01
1694          	2.997754e+01
1695          	2.997507e+01
1696          	2.997285e+01
1697          	2.997050e+01
1698          	2.996810e+01
1699          	2.996573e+01
1700          	2.996364e+01
1701          	2.996126e+01
1702          	2.995874e+01
1703          	2.995622e+01
1704          	2.995671e+01
1705          	2.995337e+01
1706          	2.994971e+01
1707          	2.994663e+01
1708          	2.994446e+01
1709          	2.994264e+01
1710          	2.994092e+01
1711          	2.993885e+01
1712          	2.993636e+01
1713          	2.993330e+01
1714          	2.992973e+01
1715          	2.992615e+01
1716          	2.992319e+01
1717          	2.992017e+01
1718          	2.991745e+01
1719          	2.991495e+01
1720          	2.991273e+01
1721          	2.991038e+01
1722          	2.990752e+01
1723          	2.990450e+01
1724          	2.990151e+01
1725          	2.989892e+01
1726          	2.989628e+01
1727          	2.989369e+01
1728          	2.989110e+01
1729          	2.988832e+01
1730          	2.988503e+01
1731          	2.988165e+01
1732          	2.987820e+01
1733          	2.987540e+01
1734          	2.987305e+01
1735          	2.987061e+01
1736          	2.986836e+01
1737          	2.986621e+01
1738          	2.986362e+01
1739          	2.986061e+01
1740          	2.985739e+01
1741          	2.985440e+01
1742          	2.985143e+01
1743          	2.984893e+01
1744          	2.984641e+01
1745          	2.984428e+01
1746          	2.984204e+01
1747          	2.983952e+01
1748          	2.983685e+01
1749          	2.983415e+01
1750          	2.983119e+01
1751          	2.982833e+01
1752          	2.982557e+01
1753          	2.982300e+01
1754          	2.982056e+01
1755          	2.981811e+01
1756          	2.981568e+01
1757          	2.981342e+01
1758          	2.981106e+01
1759          	2.980842e+01
1760          	2.980570e+01
1761          	2.980304e+01
1762          	2.980021e+01
1763          	2.979747e+01
1764          	2.979502e+01
1765          	2.979298e+01
1766          	2.979108e+01
1767          	2.978889e+01
1768          	2.978650e+01
1769          	2.978414e+01
1770          	2.978149e+01
1771          	2.977861e+01
1772          	2.977600e+01
1773          	2.977387e+01
1774          	2.977174e+01
1775          	2.976960e+01
1776          	2.976753e+01
1777          	2.976539e+01
1778          	2.976304e+01
1779          	2.976048e+01
1780          	2.975784e+01
1781          	2.975551e+01
1782          	2.975336e+01
1783          	2.975118e+01
1784          	2.974901e+01
1785          	2.974708e+01
1786          	2.974491e+01
1787          	2.974264e+01
1788          	2.974011e+01
1789          	2.973775e+01
1790          	2.973552e+01
1791          	2.973329e+01
1792          	2.973102e+01
1793          	2.972902e+01
1794          	2.972685e+01
1795          	2.972455e+01
1796          	2.972220e+01
1797          	2.971998e+01
1798          	2.971778e+01
1799          	2.971544e+01
1800          	2.971320e+01
1801          	2.971105e+01
1802          	2.970879e+01
1803          	2.970642e+01
1804          	2.970414e+01
1805          	2.970214e+01
1806          	2.970010e+01
1807          	2.969783e+01
1808          	2.969555e+01
1809          	2.969357e+01
1810          	2.969133e+01
1811          	2.968899e+01
1812          	2.968675e+01
1813          	2.968482e+01
1814          	2.968289e+01
1815          	2.968085e+01
1816          	2.967860e+01
1817          	2.967651e+01
1818          	2.967416e+01
1819          	2.967159e+01
1820          	2.966930e+01
1821          	2.966746e+01
1822          	2.966559e+01
1823          	2.966348e+01
1824          	2.966132e+01
1825          	2.965928e+01
1826          	2.965702e+01
1827          	2.965431e+01
1828          	2.965189e+01
1829          	2.964977e+01
1830          	2.964783e+01
1831          	2.964577e+01
1832          	2.964369e+01
1833          	2.964166e+01
1834          	2.963951e+01
1835          	2.963716e+01
1836          	2.963453e+01
1837          	2.963192e+01
1838          	2.962930e+01
1839          	2.962689e+01
1840          	2.962446e+01
1841          	2.962199e+01
1842          	2.961941e+01
1843          	2.961677e+01
1844          	2.961466e+01
1845          	2.961275e+01
1846          	2.961074e+01
1847          	2.960839e+01
1848          	2.960579e+01
1849          	2.960330e+01
1850          	2.960551e+01
1851          	2.960733e+01
1852          	2.960635e+01
1853          	2.960361e+01
1854          	2.959856e+01
1855          	2.959203e+01
1856          	2.958590e+01
1857          	2.958099e+01
1858          	2.957765e+01
1859          	2.957577e+01
1860          	2.957493e+01
1861          	2.957338e+01
1862          	2.957053e+01
1863          	2.956660e+01
1864          	2.956235e+01
1865          	2.955826e+01
1866          	2.955466e+01
1867          	2.955136e+01
1868          	2.954900e+01
1869          	2.954692e+01
1870          	2.954477e+01
1871          	2.954256e+01
1872          	2.954020e+01
1873          	2.953706e+01
1874          	2.953384e+01
1875          	2.953086e+01
1876          	2.952853e+01
1877          	2.952594e+01
1878          	2.952316e+01
1879          	2.952016e+01
1880          	2.951744e+01
1881          	2.951445e+01
1882          	2.951114e+01
1883          	2.950818e+01
1884          	2.950585e+01
1885          	2.950381e+01
1886          	2.950167e+01
1887          	2.949918e+01
1888          	2.949632e+01
1889          	2.949281e+01
1890          	2.948915e+01
1891          	2.948525e+01
1892          	2.948193e+01
1893          	2.947899e+01
1894          	2.947665e+01
1895          	2.947465e+01
1896          	2.947263e+01
1897          	2.946988e+01
1898          	2.946650e+01
1899          	2.946305e+01
1900          	2.945948e+01
1901          	2.945592e+01
1902          	2.945276e+01
1903          	2.945170e+01
1904          	2.945170e+01
1905          	2.944816e+01
1906          	2.944460e+01
1907          	2.944138e+01
1908          	2.943852e+01
1909          	2.943546e+01
1910          	2.943240e+01
1911          	2.942946e+01
1912          	2.942681e+01
1913          	2.942368e+01
1914          	2.942028e+01
1915          	2.941648e+01
1916          	2.941409e+01
1917          	2.940963e+01
1918          	2.940499e+01
1919          	2.940110e+01
1920          	2.939819e+01
1921          	2.939563e+01
1922          	2.939343e+01
1923          	2.939140e+01
1924          	2.938915e+01
1925          	2.938627e+01
1926          	2.938274e+01
1927          	2.937874e+01
1928          	2.937481e+01
1929          	2.937055e+01
1930          	2.936639e+01
1931          	2.936281e+01
1932          	2.935997e+01
1933          	2.935735e+01
1934          	2.935477e+01
1935          	2.935219e+01
1936          	2.934935e+01
1937          	2.934604e+01
1938          	2.934231e+01
1939          	2.933843e+01
1940          	2.933493e+01
1941          	2.933158e+01
1942          	2.932864e+01
1943          	2.932597e+01
1944          	2.932360e+01
1945          	2.932056e+01
1946          	2.931729e+01
1947          	2.931394e+01
1948          	2.931052e+01
1949          	2.930691e+01
1950          	2.930353e+01
1951          	2.930047e+01
1952          	2.929785e+01
1953          	2.929502e+01
1954          	2.929184e+01
1955          	2.928877e+01
1956          	2.928575e+01
1957          	2.928218e+01
1958          	2.927852e+01
1959          	2.927509e+01
1960          	2.927190e+01
1961          	2.926863e+01
1962          	2.926537e+01
1963          	2.926218e+01
1964          	2.925915e+01
1965          	2.925580e+01
1966          	2.925240e+01
1967          	2.924911e+01
1968          	2.924604e+01
1969          	2.924274e+01
1970          	2.923946e+01
1971          	2.923635e+01
1972          	2.923337e+01
1973          	2.923014e+01
1974          	2.922684e+01
1975          	2.922360e+01
1976          	2.922048e+01
1977          	2.921704e+01
1978          	2.921340e+01
1979          	2.920988e+01
1980          	2.920663e+01
1981          	2.920319e+01
1982          	2.919983e+01
1983          	2.919659e+01
1984          	2.919346e+01
1985          	2.919006e+01
1986          	2.918656e+01
1987          	2.918307e+01
1988          	2.917990e+01
1989          	2.917678e+01
1990          	2.917365e+01
1991          	2.917064e+01
1992          	2.916783e+01
1993          	2.916464e+01
1994          	2.916135e+01
1995          	2.915816e+01
1996          	2.915519e+01
1997          	2.915225e+01
1998          	2.914938e+01
1999          	2.914657e+01
2000          	2.914394e+01
2001          	2.914100e+01
2002          	2.913790e+01
2003          	2.913501e+01
2004          	2.913229e+01
2005          	2.912932e+01
2006          	2.912647e+01
2007          	2.912390e+01
2008          	2.912151e+01
2009          	2.911880e+01
2010          	2.911598e+01
2011          	2.911316e+01
2012          	2.911066e+01
2013          	2.910790e+01
2014          	2.910505e+01
2015          	2.910245e+01
2016          	2.910010e+01
2017          	2.909740e+01
2018          	2.909459e+01
2019          	2.909189e+01
2020          	2.908940e+01
2021          	2.908670e+01
2022          	2.908401e+01
2023          	2.908144e+01
2024          	2.907905e+01
2025          	2.907636e+01
2026          	2.907345e+01
2027          	2.907059e+01
2028          	2.906793e+01
2029          	2.906506e+01
2030          	2.906223e+01
2031          	2.905958e+01
2032          	2.905700e+01
2033          	2.905428e+01
2034          	2.905152e+01
2035          	2.904889e+01
2036          	2.904661e+01
2037          	2.904424e+01
2038          	2.904177e+01
2039          	2.903945e+01
2040          	2.903732e+01
2041          	2.903472e+01
2042          	2.903200e+01
2043          	2.902941e+01
2044          	2.902708e+01
2045          	2.902476e+01
2046          	2.902258e+01
2047          	2.902049e+01
2048          	2.901853e+01
2049          	2.901622e+01
2050          	2.901367e+01
2051          	2.901123e+01
2052          	2.900915e+01
2053          	2.900733e+01
2054          	2.900516e+01
2055          	2.900312e+01
2056          	2.900161e+01
2057          	2.900013e+01
2058          	2.899863e+01
2059          	2.899710e+01
2060          	2.899577e+01
2061          	2.899409e+01
2062          	2.899213e+01
2063          	2.899019e+01
2064          	2.898851e+01
2065          	2.898647e+01
2066          	2.898434e+01
2067          	2.898237e+01
2068          	2.898076e+01
2069          	2.897905e+01
2070          	2.897738e+01
2071          	2.897582e+01
2072          	2.897461e+01
2073          	2.897319e+01
2074          	2.897162e+01
2075          	2.897013e+01
2076          	2.896896e+01
2077          	2.896767e+01
2078          	2.896640e+01
2079          	2.896519e+01
2080          	2.896418e+01
2081          	2.896297e+01
2082          	2.896154e+01
2083          	2.896003e+01
2084          	2.895882e+01
2085          	2.895713e+01
2086          	2.895640e+01
2087          	2.895561e+01
2088          	2.895464e+01
2089          	2.895722e+01
2090          	2.895527e+01
2091          	2.895242e+01
2092          	2.895060e+01
2093          	2.895009e+01
2094          	2.895003e+01
2095          	2.895002e+01
2096          	2.894982e+01
2097          	2.894912e+01
2098          	2.894756e+01
2099          	2.894557e+01
2100          	2.894354e+01
2101          	2.894188e+01
2102          	2.894064e+01
2103          	2.893979e+01
2104          	2.893921e+01
2105          	2.893894e+01
2106          	2.893850e+01
2107          	2.893795e+01
2108          	2.893755e+01
2109          	2.893755e+01
2110          	2.893755e+01
2111          	2.893771e+01
2112          	2.893794e+01
2113          	2.893837e+01
2114          	2.893949e+01
2115          	2.894018e+01
2116          	2.894047e+01
2117          	2.894058e+01
2118          	2.894030e+01
2119          	2.893976e+01
2120          	2.893940e+01
2121          	2.893956e+01
2122          	2.893976e+01
2123          	2.894018e+01
2124          	2.894061e+01
2125          	2.894089e+01
2126          	2.894090e+01
2127          	2.894096e+01
2128          	2.894115e+01
2129          	2.894199e+01
2130          	2.894307e+01
2131          	2.894421e+01
2132          	2.894534e+01
2133          	2.894633e+01
2134          	2.894675e+01
2135          	2.894677e+01
2136          	2.894657e+01
2137          	2.894640e+01
2138          	2.894625e+01
2139          	2.894659e+01
2140          	2.894749e+01
2141          	2.894899e+01
2142          	2.895044e+01
2143          	2.895139e+01
2144          	2.895170e+01
2145          	2.895152e+01
2146          	2.895152e+01
2147          	2.895121e+01
2148          	2.895104e+01
2149          	2.895126e+01
2150          	2.895224e+01
