# Residuals   
# Time        	p             	Ux            	Uy            	Uz            
0             	N/A	N/A
1             	1.000000e+00	1.000000e+00	1.000000e+00	1.000000e+00
2             	3.716670e-02	5.271724e-01	4.175938e-01	4.143932e-01
3             	6.133566e-02	1.846508e-01	1.942188e-01	1.675706e-01
4             	8.658968e-02	8.986393e-02	1.487669e-01	4.942051e-01
5             	2.437377e-01	4.266953e-02	1.382048e-01	5.039911e-01
6             	1.332657e-01	5.875739e-02	1.496166e-01	3.747041e-01
7             	8.387931e-02	1.003074e-01	1.570481e-01	2.367409e-01
8             	7.046454e-02	1.237300e-01	1.519857e-01	1.434390e-01
9             	7.458115e-02	1.124836e-01	1.446310e-01	2.415255e-01
10            	9.708337e-02	6.825957e-02	1.252652e-01	3.587343e-01
11            	1.493292e-01	4.054037e-02	1.057862e-01	3.450372e-01
12            	8.364666e-02	5.112932e-02	9.167180e-02	2.609133e-01
13            	6.587793e-02	5.748492e-02	7.309172e-02	1.583902e-01
14            	6.262779e-02	4.844100e-02	5.403409e-02	9.508681e-02
15            	6.840793e-02	3.235616e-02	4.335804e-02	1.497272e-01
16            	8.423041e-02	1.836918e-02	3.672614e-02	1.854973e-01
17            	1.012314e-01	1.398913e-02	3.335533e-02	1.674414e-01
18            	8.435770e-02	1.756574e-02	3.095256e-02	1.204355e-01
19            	7.905587e-02	1.981643e-02	2.641546e-02	6.876860e-02
20            	8.123719e-02	1.701723e-02	2.163964e-02	5.474967e-02
21            	8.895830e-02	1.164615e-02	1.920966e-02	7.840393e-02
22            	9.593373e-02	9.660432e-03	1.826586e-02	8.807290e-02
23            	8.535865e-02	1.123416e-02	1.754074e-02	7.738875e-02
24            	7.945890e-02	1.237900e-02	1.582323e-02	5.595982e-02
25            	7.745751e-02	1.197374e-02	1.365232e-02	3.834367e-02
26            	7.835614e-02	1.052688e-02	1.225166e-02	3.924857e-02
27            	8.109509e-02	8.839366e-03	1.129615e-02	4.537863e-02
28            	8.430691e-02	7.488060e-03	1.032082e-02	4.548061e-02
29            	8.650930e-02	6.715190e-03	9.326038e-03	3.970529e-02
30            	8.691385e-02	6.316805e-03	8.407995e-03	3.250863e-02
31            	8.549520e-02	6.090541e-03	7.786717e-03	2.843522e-02
32            	8.285123e-02	6.068814e-03	7.630063e-03	2.883763e-02
33            	7.975039e-02	6.196620e-03	7.643730e-03	2.961889e-02
34            	7.686328e-02	6.332645e-03	7.560589e-03	2.855276e-02
35            	7.448685e-02	6.370960e-03	7.357107e-03	2.642003e-02
36            	7.269900e-02	6.265858e-03	7.087310e-03	2.455039e-02
37            	7.138665e-02	6.043139e-03	6.818411e-03	2.382964e-02
38            	7.037442e-02	5.763541e-03	6.562577e-03	2.369215e-02
39            	6.943843e-02	5.491348e-03	6.312554e-03	2.330751e-02
40            	6.840222e-02	5.262303e-03	6.073202e-03	2.249223e-02
41            	6.716017e-02	5.088555e-03	5.864695e-03	2.153334e-02
42            	6.570614e-02	4.963612e-03	5.696317e-03	2.073450e-02
43            	6.410486e-02	4.872670e-03	5.558873e-03	2.013676e-02
44            	6.243844e-02	4.801225e-03	5.441739e-03	1.965429e-02
45            	6.079538e-02	4.734301e-03	5.331704e-03	1.916316e-02
46            	5.921901e-02	4.660424e-03	5.218570e-03	1.865074e-02
47            	5.771922e-02	4.574784e-03	5.101792e-03	1.816495e-02
48            	5.630175e-02	4.479310e-03	4.985139e-03	1.772923e-02
49            	5.495596e-02	4.378816e-03	4.870809e-03	1.732616e-02
50            	5.365426e-02	4.279245e-03	4.762157e-03	1.693300e-02
51            	5.237679e-02	4.185719e-03	4.658735e-03	1.653575e-02
52            	5.110359e-02	4.100100e-03	4.560474e-03	1.613849e-02
53            	4.983401e-02	4.022520e-03	4.468516e-03	1.575004e-02
54            	4.858372e-02	3.952910e-03	4.386111e-03	1.540059e-02
55            	4.735259e-02	3.886855e-03	4.303974e-03	1.503882e-02
56            	4.614660e-02	3.824267e-03	4.227669e-03	1.472162e-02
57            	4.496443e-02	3.763910e-03	4.153494e-03	1.440460e-02
58            	4.382148e-02	3.704160e-03	4.082596e-03	1.411718e-02
59            	4.271846e-02	3.644138e-03	4.012659e-03	1.381098e-02
60            	4.165458e-02	3.586791e-03	3.949138e-03	1.354724e-02
61            	4.061992e-02	3.529447e-03	3.882067e-03	1.326198e-02
62            	3.961327e-02	3.474816e-03	3.820455e-03	1.300343e-02
63            	3.864444e-02	3.422999e-03	3.763513e-03	1.276007e-02
64            	3.770838e-02	3.373312e-03	3.707709e-03	1.252016e-02
65            	3.679600e-02	3.325387e-03	3.653750e-03	1.228287e-02
66            	3.590915e-02	3.280160e-03	3.603789e-03	1.207193e-02
67            	3.504958e-02	3.235223e-03	3.551065e-03	1.184289e-02
68            	3.422020e-02	3.192323e-03	3.503654e-03	1.163906e-02
69            	3.342145e-02	3.151488e-03	3.458724e-03	1.144956e-02
70            	3.264884e-02	3.111024e-03	3.413099e-03	1.125650e-02
71            	3.190047e-02	3.071583e-03	3.369145e-03	1.106745e-02
72            	3.118394e-02	3.034143e-03	3.330218e-03	1.090141e-02
73            	3.049317e-02	2.996806e-03	3.288217e-03	1.071723e-02
74            	2.982428e-02	2.960969e-03	3.249423e-03	1.054945e-02
75            	2.917734e-02	2.926947e-03	3.213004e-03	1.039964e-02
76            	2.855113e-02	2.893135e-03	3.175644e-03	1.024444e-02
77            	2.794778e-02	2.860309e-03	3.140558e-03	1.009083e-02
78            	2.736502e-02	2.829457e-03	3.108526e-03	9.957970e-03
79            	2.680040e-02	2.798102e-03	3.072877e-03	9.804997e-03
80            	2.625587e-02	2.768074e-03	3.040532e-03	9.672698e-03
81            	2.573173e-02	2.739625e-03	3.011434e-03	9.553179e-03
82            	2.522809e-02	2.711131e-03	2.980612e-03	9.423734e-03
83            	2.473813e-02	2.683202e-03	2.950717e-03	9.296304e-03
84            	2.426420e-02	2.656991e-03	2.923984e-03	9.188756e-03
85            	2.380375e-02	2.630059e-03	2.893507e-03	9.062192e-03
86            	2.336150e-02	2.604373e-03	2.866866e-03	8.953021e-03
87            	2.293304e-02	2.580216e-03	2.842231e-03	8.858113e-03
88            	2.251807e-02	2.555610e-03	2.815350e-03	8.750986e-03
89            	2.211435e-02	2.531566e-03	2.789771e-03	8.646507e-03
90            	2.172568e-02	2.509066e-03	2.767852e-03	8.559203e-03
91            	2.135113e-02	2.485780e-03	2.741931e-03	8.451658e-03
92            	2.098625e-02	2.463485e-03	2.718642e-03	8.360341e-03
93            	2.063242e-02	2.442558e-03	2.697535e-03	8.282608e-03
94            	2.028879e-02	2.420944e-03	2.673955e-03	8.191757e-03
95            	1.995686e-02	2.399918e-03	2.652525e-03	8.106175e-03
96            	1.963584e-02	2.380438e-03	2.633896e-03	8.038004e-03
97            	1.932109e-02	2.359865e-03	2.610565e-03	7.944070e-03
98            	1.901560e-02	2.340232e-03	2.590132e-03	7.866315e-03
99            	1.872093e-02	2.321887e-03	2.572434e-03	7.802753e-03
100           	1.843716e-02	2.302831e-03	2.552120e-03	7.724318e-03
101           	1.815916e-02	2.284193e-03	2.533018e-03	7.650585e-03
102           	1.788821e-02	2.266967e-03	2.516640e-03	7.592760e-03
103           	1.762305e-02	2.248550e-03	2.495784e-03	7.512835e-03
104           	1.736824e-02	2.231080e-03	2.478490e-03	7.450716e-03
105           	1.711968e-02	2.214936e-03	2.463072e-03	7.398931e-03
106           	1.687644e-02	2.197793e-03	2.444354e-03	7.328753e-03
107           	1.663900e-02	2.181091e-03	2.427166e-03	7.265783e-03
108           	1.640897e-02	2.165772e-03	2.413229e-03	7.218144e-03
109           	1.618610e-02	2.149209e-03	2.394848e-03	7.147674e-03
110           	1.596869e-02	2.133481e-03	2.379019e-03	7.092224e-03
111           	1.575567e-02	2.119018e-03	2.365298e-03	7.050207e-03
112           	1.554823e-02	2.103491e-03	2.348400e-03	6.992417e-03
113           	1.534576e-02	2.088395e-03	2.333582e-03	6.939602e-03
114           	1.514812e-02	2.074698e-03	2.321355e-03	6.900295e-03
115           	1.495368e-02	2.059531e-03	2.304071e-03	6.837120e-03
116           	1.476448e-02	2.045247e-03	2.289663e-03	6.789802e-03
117           	1.457994e-02	2.032212e-03	2.277535e-03	6.754717e-03
118           	1.440299e-02	2.018032e-03	2.262599e-03	6.702710e-03
119           	1.422821e-02	2.004287e-03	2.248995e-03	6.657180e-03
120           	1.405721e-02	1.991889e-03	2.238161e-03	6.627537e-03
121           	1.388820e-02	1.977975e-03	2.222111e-03	6.571597e-03
122           	1.372431e-02	1.964882e-03	2.209259e-03	6.530325e-03
123           	1.356454e-02	1.953036e-03	2.198668e-03	6.502778e-03
124           	1.340789e-02	1.939947e-03	2.184427e-03	6.455870e-03
125           	1.325356e-02	1.927289e-03	2.171841e-03	6.415660e-03
126           	1.310272e-02	1.915967e-03	2.162135e-03	6.389691e-03
127           	1.295675e-02	1.903120e-03	2.147684e-03	6.339705e-03
128           	1.281471e-02	1.891112e-03	2.136154e-03	6.306383e-03
129           	1.267392e-02	1.880299e-03	2.126574e-03	6.283038e-03
130           	1.253544e-02	1.868157e-03	2.113089e-03	6.239653e-03
131           	1.239983e-02	1.856408e-03	2.101661e-03	6.204485e-03
132           	1.226800e-02	1.846060e-03	2.093310e-03	6.184213e-03
133           	1.213766e-02	1.834058e-03	2.079570e-03	6.138133e-03
134           	1.200983e-02	1.822890e-03	2.068694e-03	6.107033e-03
135           	1.188412e-02	1.812968e-03	2.060074e-03	6.088582e-03
136           	1.176377e-02	1.801702e-03	2.048136e-03	6.051788e-03
137           	1.164432e-02	1.790867e-03	2.037844e-03	6.020368e-03
138           	1.152626e-02	1.781328e-03	2.030142e-03	6.001813e-03
139           	1.140932e-02	1.770069e-03	2.017031e-03	5.959061e-03
140           	1.129510e-02	1.759659e-03	2.007072e-03	5.931746e-03
141           	1.118431e-02	1.750519e-03	1.999573e-03	5.917284e-03
142           	1.107577e-02	1.739942e-03	1.988145e-03	5.882112e-03
143           	1.096787e-02	1.729809e-03	1.978511e-03	5.854435e-03
144           	1.086229e-02	1.721043e-03	1.971747e-03	5.842130e-03
145           	1.075855e-02	1.710524e-03	1.959786e-03	5.802018e-03
146           	1.065721e-02	1.700838e-03	1.950707e-03	5.776215e-03
147           	1.055744e-02	1.692333e-03	1.943733e-03	5.763737e-03
148           	1.045932e-02	1.682403e-03	1.932827e-03	5.731283e-03
149           	1.036195e-02	1.672893e-03	1.923776e-03	5.706406e-03
150           	1.026773e-02	1.664750e-03	1.917838e-03	5.696131e-03
151           	1.017442e-02	1.654837e-03	1.906329e-03	5.659820e-03
152           	1.008340e-02	1.645780e-03	1.897874e-03	5.639849e-03
153           	9.993083e-03	1.637946e-03	1.891544e-03	5.630321e-03
154           	9.904658e-03	1.628597e-03	1.881344e-03	5.599047e-03
155           	9.817938e-03	1.619677e-03	1.873126e-03	5.576863e-03
156           	9.732586e-03	1.612103e-03	1.867709e-03	5.568702e-03
157           	9.647428e-03	1.602718e-03	1.856675e-03	5.534441e-03
158           	9.564015e-03	1.594173e-03	1.848620e-03	5.515545e-03
159           	9.483144e-03	1.586893e-03	1.843103e-03	5.509968e-03
160           	9.404749e-03	1.578117e-03	1.833711e-03	5.484563e-03
161           	9.325534e-03	1.569737e-03	1.826042e-03	5.464410e-03
162           	9.247311e-03	1.562707e-03	1.821075e-03	5.457394e-03
163           	9.169913e-03	1.553786e-03	1.810644e-03	5.424510e-03
164           	9.095150e-03	1.545759e-03	1.803483e-03	5.407602e-03
165           	9.021668e-03	1.538960e-03	1.798496e-03	5.403244e-03
166           	8.949360e-03	1.530606e-03	1.789401e-03	5.377558e-03
167           	8.877019e-03	1.522697e-03	1.782206e-03	5.360246e-03
168           	8.807297e-03	1.516170e-03	1.778179e-03	5.358749e-03
169           	8.737567e-03	1.507758e-03	1.768414e-03	5.328016e-03
170           	8.668699e-03	1.500161e-03	1.761547e-03	5.311361e-03
171           	8.601121e-03	1.493789e-03	1.757008e-03	5.308623e-03
172           	8.534632e-03	1.485870e-03	1.748476e-03	5.284244e-03
173           	8.469289e-03	1.478388e-03	1.741962e-03	5.267877e-03
174           	8.405317e-03	1.472260e-03	1.738297e-03	5.265844e-03
175           	8.341174e-03	1.464246e-03	1.728905e-03	5.237082e-03
176           	8.278911e-03	1.457102e-03	1.722671e-03	5.225263e-03
177           	8.217478e-03	1.451181e-03	1.718785e-03	5.223974e-03
178           	8.157164e-03	1.443673e-03	1.710695e-03	5.199934e-03
179           	8.096927e-03	1.436550e-03	1.704525e-03	5.184646e-03
180           	8.037813e-03	1.430829e-03	1.701335e-03	5.183811e-03
181           	7.978464e-03	1.423181e-03	1.692347e-03	5.155349e-03
182           	7.921381e-03	1.416388e-03	1.686603e-03	5.142816e-03
183           	7.865512e-03	1.410862e-03	1.683199e-03	5.143502e-03
184           	7.811131e-03	1.403743e-03	1.675687e-03	5.123339e-03
185           	7.755783e-03	1.397032e-03	1.669989e-03	5.109306e-03
186           	7.701242e-03	1.391678e-03	1.667226e-03	5.108673e-03
187           	7.647345e-03	1.384361e-03	1.658732e-03	5.081453e-03
188           	7.594596e-03	1.377919e-03	1.653349e-03	5.069919e-03
189           	7.542704e-03	1.372734e-03	1.650265e-03	5.071301e-03
190           	7.491674e-03	1.365924e-03	1.642935e-03	5.050204e-03
191           	7.441171e-03	1.359558e-03	1.637729e-03	5.037816e-03
192           	7.392473e-03	1.354603e-03	1.635608e-03	5.041394e-03
193           	7.342675e-03	1.347653e-03	1.627465e-03	5.014468e-03
194           	7.293533e-03	1.341545e-03	1.622301e-03	5.002434e-03
195           	7.245500e-03	1.336656e-03	1.619519e-03	5.004415e-03
196           	7.198947e-03	1.330178e-03	1.612622e-03	4.984234e-03
197           	7.152184e-03	1.324111e-03	1.607657e-03	4.971963e-03
198           	7.106338e-03	1.319436e-03	1.605655e-03	4.974230e-03
199           	7.060136e-03	1.312787e-03	1.597690e-03	4.948543e-03
200           	7.016066e-03	1.307022e-03	1.593102e-03	4.940216e-03
201           	6.972456e-03	1.302508e-03	1.590851e-03	4.942706e-03
202           	6.929095e-03	1.296315e-03	1.584093e-03	4.921125e-03
203           	6.885653e-03	1.290508e-03	1.579292e-03	4.909022e-03
204           	6.842998e-03	1.286116e-03	1.577545e-03	4.911633e-03
205           	6.800513e-03	1.279729e-03	1.569843e-03	4.885816e-03
206           	6.759332e-03	1.274209e-03	1.565295e-03	4.875996e-03
207           	6.718830e-03	1.269966e-03	1.563146e-03	4.879570e-03
208           	6.679740e-03	1.264084e-03	1.556763e-03	4.861537e-03
209           	6.639748e-03	1.258591e-03	1.552306e-03	4.849474e-03
210           	6.600585e-03	1.254496e-03	1.550834e-03	4.851302e-03
211           	6.561208e-03	1.248332e-03	1.543248e-03	4.825138e-03
212           	6.522825e-03	1.243073e-03	1.538918e-03	4.815447e-03
213           	6.485100e-03	1.239077e-03	1.536923e-03	4.818930e-03
214           	6.448622e-03	1.233397e-03	1.530577e-03	4.799175e-03
215           	6.411963e-03	1.228154e-03	1.526289e-03	4.788296e-03
216           	6.376573e-03	1.224337e-03	1.525125e-03	4.793591e-03
217           	6.340093e-03	1.218465e-03	1.517747e-03	4.767396e-03
218           	6.304167e-03	1.213445e-03	1.513512e-03	4.756419e-03
219           	6.269410e-03	1.209665e-03	1.511730e-03	4.759891e-03
220           	6.235351e-03	1.204221e-03	1.505537e-03	4.740069e-03
221           	6.200861e-03	1.199185e-03	1.501304e-03	4.728608e-03
222           	6.167122e-03	1.195554e-03	1.500092e-03	4.732107e-03
223           	6.133209e-03	1.189893e-03	1.492839e-03	4.706856e-03
224           	6.101013e-03	1.185133e-03	1.488945e-03	4.699438e-03
225           	6.068642e-03	1.181598e-03	1.487317e-03	4.702833e-03
226           	6.036554e-03	1.176355e-03	1.481130e-03	4.681647e-03
227           	6.004180e-03	1.171491e-03	1.476999e-03	4.670075e-03
228           	5.972780e-03	1.168067e-03	1.476042e-03	4.673713e-03
229           	5.940911e-03	1.162584e-03	1.468881e-03	4.647861e-03
230           	5.909976e-03	1.157972e-03	1.464934e-03	4.638467e-03
231           	5.879700e-03	1.154643e-03	1.463431e-03	4.642967e-03
232           	5.850865e-03	1.149624e-03	1.457607e-03	4.625178e-03
233           	5.820854e-03	1.144997e-03	1.453724e-03	4.613648e-03
234           	5.791170e-03	1.141766e-03	1.452796e-03	4.616079e-03
235           	5.761192e-03	1.136424e-03	1.445678e-03	4.589907e-03
236           	5.732026e-03	1.131992e-03	1.441881e-03	4.580443e-03
237           	5.703628e-03	1.128830e-03	1.440520e-03	4.584627e-03
238           	5.676059e-03	1.123949e-03	1.434663e-03	4.564930e-03
239           	5.647982e-03	1.119489e-03	1.430877e-03	4.554303e-03
240           	5.621098e-03	1.116466e-03	1.430282e-03	4.560380e-03
241           	5.593104e-03	1.111340e-03	1.423392e-03	4.534241e-03
242           	5.565634e-03	1.107086e-03	1.419708e-03	4.523813e-03
243           	5.538936e-03	1.104047e-03	1.418421e-03	4.527975e-03
244           	5.512872e-03	1.099323e-03	1.412676e-03	4.508378e-03
245           	5.486323e-03	1.095005e-03	1.408943e-03	4.497360e-03
246           	5.460774e-03	1.092105e-03	1.408335e-03	4.501683e-03
247           	5.434681e-03	1.087135e-03	1.401522e-03	4.476584e-03
248           	5.409969e-03	1.083069e-03	1.398103e-03	4.469724e-03
249           	5.385071e-03	1.080247e-03	1.397013e-03	4.474092e-03
250           	5.360458e-03	1.075673e-03	1.391249e-03	4.453215e-03
251           	5.335588e-03	1.071481e-03	1.387594e-03	4.442391e-03
252           	5.311320e-03	1.068735e-03	1.387083e-03	4.446935e-03
253           	5.286492e-03	1.063893e-03	1.380267e-03	4.421396e-03
254           	5.262594e-03	1.059933e-03	1.376712e-03	4.412726e-03
255           	5.239356e-03	1.057258e-03	1.375684e-03	4.418221e-03
256           	5.217418e-03	1.052875e-03	1.370220e-03	4.400949e-03
257           	5.194092e-03	1.048870e-03	1.366686e-03	4.390041e-03
258           	5.171079e-03	1.046282e-03	1.366160e-03	4.393537e-03
259           	5.147644e-03	1.041548e-03	1.359347e-03	4.367838e-03
260           	5.125154e-03	1.037732e-03	1.355916e-03	4.359303e-03
261           	5.103239e-03	1.035189e-03	1.354903e-03	4.364593e-03
262           	5.081986e-03	1.030908e-03	1.349311e-03	4.345484e-03
263           	5.060218e-03	1.027056e-03	1.345835e-03	4.335733e-03
264           	5.039693e-03	1.024652e-03	1.345612e-03	4.342903e-03
265           	5.018066e-03	1.020117e-03	1.338974e-03	4.317199e-03
266           	4.996624e-03	1.016444e-03	1.335519e-03	4.307481e-03
267           	4.975889e-03	1.014011e-03	1.334547e-03	4.312851e-03
268           	4.955698e-03	1.009868e-03	1.329039e-03	4.293979e-03
269           	4.935039e-03	1.006127e-03	1.325599e-03	4.283905e-03
270           	4.915038e-03	1.003817e-03	1.325299e-03	4.289299e-03
271           	4.894568e-03	9.994034e-04	1.318693e-03	4.264623e-03
272           	4.875418e-03	9.959012e-04	1.315542e-03	4.258553e-03
273           	4.855956e-03	9.936407e-04	1.314769e-03	4.263883e-03
274           	4.836689e-03	9.896211e-04	1.309285e-03	4.243700e-03
275           	4.817022e-03	9.859740e-04	1.305901e-03	4.233650e-03
276           	4.797836e-03	9.837874e-04	1.305715e-03	4.239250e-03
277           	4.777989e-03	9.794787e-04	1.299147e-03	4.214241e-03
278           	4.759072e-03	9.760585e-04	1.295919e-03	4.206373e-03
279           	4.740709e-03	9.739284e-04	1.295225e-03	4.212915e-03
280           	4.723443e-03	9.700645e-04	1.290027e-03	4.196284e-03
281           	4.704746e-03	9.665834e-04	1.286812e-03	4.186272e-03
282           	4.686258e-03	9.645224e-04	1.286646e-03	4.190758e-03
283           	4.667396e-03	9.602956e-04	1.280148e-03	4.165693e-03
284           	4.649166e-03	9.569884e-04	1.277033e-03	4.157995e-03
285           	4.631390e-03	9.549580e-04	1.276371e-03	4.164336e-03
286           	4.614210e-03	9.511711e-04	1.271078e-03	4.145899e-03
287           	4.596416e-03	9.478031e-04	1.267933e-03	4.136981e-03
288           	4.579766e-03	9.458965e-04	1.268076e-03	4.145218e-03
289           	4.561734e-03	9.418201e-04	1.261701e-03	4.120137e-03
290           	4.544033e-03	9.386289e-04	1.258563e-03	4.111251e-03
291           	4.526861e-03	9.366776e-04	1.257927e-03	4.117537e-03
292           	4.510273e-03	9.330023e-04	1.252718e-03	4.099262e-03
293           	4.493100e-03	9.297250e-04	1.249569e-03	4.089942e-03
294           	4.476484e-03	9.278803e-04	1.249585e-03	4.096284e-03
295           	4.459232e-03	9.239108e-04	1.243231e-03	4.072220e-03
296           	4.443385e-03	9.208616e-04	1.240373e-03	4.066944e-03
297           	4.427291e-03	9.190613e-04	1.239911e-03	4.073159e-03
298           	4.411223e-03	9.154830e-04	1.234650e-03	4.053495e-03
299           	4.394688e-03	9.122754e-04	1.231522e-03	4.044108e-03
300           	4.378663e-03	9.105352e-04	1.231637e-03	4.050491e-03
301           	4.362021e-03	9.066518e-04	1.225322e-03	4.025891e-03
302           	4.346152e-03	9.036620e-04	1.222352e-03	4.018566e-03
303           	4.330761e-03	9.019638e-04	1.221938e-03	4.025733e-03
304           	4.316504e-03	8.985205e-04	1.216975e-03	4.009426e-03
305           	4.300797e-03	8.954600e-04	1.214009e-03	3.999732e-03
306           	4.285230e-03	8.938293e-04	1.214132e-03	4.004742e-03
307           	4.269201e-03	8.900077e-04	1.207834e-03	3.979829e-03
308           	4.253788e-03	8.871130e-04	1.204959e-03	3.972421e-03
309           	4.238779e-03	8.854995e-04	1.204568e-03	3.979177e-03
310           	4.224370e-03	8.821177e-04	1.199523e-03	3.960975e-03
311           	4.209389e-03	8.791560e-04	1.196643e-03	3.952409e-03
312           	4.195416e-03	8.776592e-04	1.197077e-03	3.961043e-03
313           	4.180077e-03	8.739794e-04	1.190953e-03	3.936001e-03
314           	4.165061e-03	8.711866e-04	1.188101e-03	3.927359e-03
315           	4.150682e-03	8.696342e-04	1.187790e-03	3.934103e-03
316           	4.136811e-03	8.663429e-04	1.182856e-03	3.916102e-03
317           	4.122247e-03	8.634471e-04	1.180004e-03	3.907141e-03
318           	4.108280e-03	8.619972e-04	1.180347e-03	3.913942e-03
319           	4.093741e-03	8.584060e-04	1.174283e-03	3.890055e-03
320           	4.080492e-03	8.557460e-04	1.171752e-03	3.885173e-03
321           	4.066971e-03	8.543349e-04	1.171633e-03	3.891935e-03
322           	4.053561e-03	8.511346e-04	1.166694e-03	3.872574e-03
323           	4.039649e-03	8.483001e-04	1.163897e-03	3.863602e-03
324           	4.026175e-03	8.469392e-04	1.164380e-03	3.870619e-03
325           	4.012084e-03	8.434177e-04	1.158370e-03	3.846483e-03
326           	3.998770e-03	8.407946e-04	1.155743e-03	3.839832e-03
327           	3.985949e-03	8.394699e-04	1.155695e-03	3.847914e-03
328           	3.974229e-03	8.363863e-04	1.151079e-03	3.832339e-03
329           	3.961098e-03	8.336802e-04	1.148476e-03	3.823516e-03
330           	3.948010e-03	8.324097e-04	1.148970e-03	3.829544e-03
331           	3.934436e-03	8.289306e-04	1.142989e-03	3.805407e-03
332           	3.921450e-03	8.263835e-04	1.140458e-03	3.798970e-03
333           	3.908922e-03	8.251154e-04	1.140428e-03	3.806919e-03
334           	3.897030e-03	8.220691e-04	1.135699e-03	3.789636e-03
335           	3.884502e-03	8.194416e-04	1.133145e-03	3.782057e-03
336           	3.873037e-03	8.182893e-04	1.133924e-03	3.791887e-03
337           	3.860253e-03	8.149355e-04	1.128087e-03	3.767751e-03
338           	3.847736e-03	8.124713e-04	1.125558e-03	3.760244e-03
339           	3.835833e-03	8.112507e-04	1.125581e-03	3.768281e-03
340           	3.824423e-03	8.082789e-04	1.120945e-03	3.751338e-03
341           	3.812364e-03	8.057041e-04	1.118409e-03	3.743671e-03
342           	3.800794e-03	8.045778e-04	1.119104e-03	3.751947e-03
343           	3.788610e-03	8.012903e-04	1.113346e-03	3.729223e-03
344           	3.777691e-03	7.989336e-04	1.111146e-03	3.725792e-03
345           	3.766416e-03	7.978261e-04	1.111381e-03	3.734122e-03
346           	3.755108e-03	7.949176e-04	1.106757e-03	3.716053e-03
347           	3.743359e-03	7.923775e-04	1.104302e-03	3.708666e-03
348           	3.731997e-03	7.913178e-04	1.105141e-03	3.717488e-03
349           	3.719886e-03	7.880804e-04	1.099437e-03	3.694723e-03
350           	3.708497e-03	7.857506e-04	1.097165e-03	3.689680e-03
351           	3.697529e-03	7.847176e-04	1.097509e-03	3.699488e-03
352           	3.687604e-03	7.819194e-04	1.093249e-03	3.685401e-03
353           	3.676190e-03	7.794940e-04	1.091024e-03	3.678136e-03
354           	3.664835e-03	7.785118e-04	1.091935e-03	3.685952e-03
355           	3.653047e-03	7.753084e-04	1.086324e-03	3.663194e-03
356           	3.641862e-03	7.730397e-04	1.084201e-03	3.658423e-03
357           	3.631116e-03	7.720552e-04	1.084615e-03	3.668166e-03
358           	3.620959e-03	7.692801e-04	1.080282e-03	3.652332e-03
359           	3.610159e-03	7.669251e-04	1.078150e-03	3.646342e-03
360           	3.600354e-03	7.660500e-04	1.079394e-03	3.657997e-03
361           	3.589187e-03	7.629572e-04	1.073975e-03	3.635223e-03
362           	3.578267e-03	7.607611e-04	1.071891e-03	3.629269e-03
363           	3.567874e-03	7.598122e-04	1.072383e-03	3.639055e-03
364           	3.557935e-03	7.571042e-04	1.068175e-03	3.623454e-03
365           	3.547394e-03	7.547888e-04	1.066095e-03	3.617182e-03
366           	3.537329e-03	7.539313e-04	1.067256e-03	3.627019e-03
367           	3.526624e-03	7.509015e-04	1.061893e-03	3.605374e-03
368           	3.517190e-03	7.488123e-04	1.060125e-03	3.603309e-03
369           	3.507445e-03	7.479735e-04	1.060807e-03	3.613139e-03
370           	3.497677e-03	7.453242e-04	1.056580e-03	3.596177e-03
371           	3.487444e-03	7.430416e-04	1.054544e-03	3.589986e-03
372           	3.477621e-03	7.422420e-04	1.055827e-03	3.600151e-03
373           	3.467132e-03	7.392544e-04	1.050508e-03	3.578267e-03
374           	3.457372e-03	7.371792e-04	1.048636e-03	3.574373e-03
375           	3.448074e-03	7.364035e-04	1.049391e-03	3.585607e-03
376           	3.439857e-03	7.338563e-04	1.045487e-03	3.572573e-03
377           	3.430193e-03	7.316812e-04	1.043632e-03	3.566514e-03
378           	3.420612e-03	7.309603e-04	1.044937e-03	3.575804e-03
379           	3.410586e-03	7.280057e-04	1.039669e-03	3.554047e-03
380           	3.401198e-03	7.259961e-04	1.037922e-03	3.550545e-03
381           	3.392221e-03	7.252721e-04	1.038729e-03	3.561822e-03
382           	3.383811e-03	7.227548e-04	1.034754e-03	3.547018e-03
383           	3.374785e-03	7.206521e-04	1.033006e-03	3.542307e-03
384           	3.366798e-03	7.200354e-04	1.034650e-03	3.555501e-03
385           	3.357554e-03	7.171876e-04	1.029553e-03	3.533576e-03
386           	3.348585e-03	7.152463e-04	1.027830e-03	3.528775e-03
387           	3.340160e-03	7.145479e-04	1.028698e-03	3.539878e-03
388           	3.332222e-03	7.120832e-04	1.024812e-03	3.525026e-03
389           	3.323661e-03	7.100120e-04	1.023050e-03	3.519609e-03
390           	3.315653e-03	7.094046e-04	1.024556e-03	3.530675e-03
391           	3.307007e-03	7.066118e-04	1.019468e-03	3.509602e-03
392           	3.299670e-03	7.047667e-04	1.018003e-03	3.508453e-03
393           	3.291941e-03	7.041712e-04	1.019009e-03	3.519490e-03
394           	3.284196e-03	7.017605e-04	1.015056e-03	3.503246e-03
395           	3.276006e-03	6.997135e-04	1.013302e-03	3.498010e-03
396           	3.268193e-03	6.991615e-04	1.014909e-03	3.509609e-03
397           	3.259668e-03	6.964058e-04	1.009847e-03	3.488505e-03
398           	3.251916e-03	6.945693e-04	1.008266e-03	3.485803e-03
399           	3.244574e-03	6.940343e-04	1.009328e-03	3.498584e-03
400           	3.238265e-03	6.917145e-04	1.005686e-03	3.486603e-03
401           	3.230474e-03	6.897688e-04	1.004102e-03	3.481732e-03
402           	3.222773e-03	6.892834e-04	1.005706e-03	3.492484e-03
403           	3.214595e-03	6.865475e-04	1.000653e-03	3.471492e-03
404           	3.206978e-03	6.847633e-04	9.991446e-04	3.469084e-03
405           	3.199782e-03	6.842681e-04	1.000198e-03	3.481684e-03
406           	3.193146e-03	6.819667e-04	9.964128e-04	3.467585e-03
407           	3.185873e-03	6.800771e-04	9.948473e-04	3.463768e-03
408           	3.179573e-03	6.796844e-04	9.967055e-04	3.478249e-03
409           	3.171916e-03	6.770510e-04	9.917447e-04	3.456727e-03
410           	3.164476e-03	6.753229e-04	9.901685e-04	3.452634e-03
411           	3.157578e-03	6.748434e-04	9.912038e-04	3.464892e-03
412           	3.151101e-03	6.725928e-04	9.874312e-04	3.450667e-03
413           	3.143934e-03	6.707365e-04	9.858134e-04	3.446170e-03
414           	3.137174e-03	6.703538e-04	9.874993e-04	3.458540e-03
415           	3.129717e-03	6.677748e-04	9.825246e-04	3.438028e-03
416           	3.123521e-03	6.661432e-04	9.812089e-04	3.437972e-03
417           	3.116942e-03	6.657642e-04	9.823955e-04	3.450374e-03
418           	3.110256e-03	6.635571e-04	9.785652e-04	3.434705e-03
419           	3.103075e-03	6.617167e-04	9.769540e-04	3.430266e-03
420           	3.096272e-03	6.613758e-04	9.787247e-04	3.443023e-03
421           	3.088745e-03	6.588202e-04	9.737463e-04	3.422135e-03
422           	3.081947e-03	6.571845e-04	9.722807e-04	3.420061e-03
423           	3.075562e-03	6.568539e-04	9.734840e-04	3.433780e-03
424           	3.070253e-03	6.547348e-04	9.699261e-04	3.421998e-03
425           	3.063425e-03	6.529880e-04	9.684407e-04	3.417404e-03
426           	3.056647e-03	6.527019e-04	9.701789e-04	3.428800e-03
427           	3.049397e-03	6.501575e-04	9.651821e-04	3.407556e-03
428           	3.042678e-03	6.485647e-04	9.637552e-04	3.405432e-03
429           	3.036363e-03	6.482635e-04	9.649159e-04	3.418831e-03
430           	3.030606e-03	6.461468e-04	9.611830e-04	3.404837e-03
431           	3.024224e-03	6.444464e-04	9.596960e-04	3.401309e-03
432           	3.018799e-03	6.442431e-04	9.616695e-04	3.416695e-03
433           	3.011971e-03	6.417856e-04	9.567573e-04	3.395107e-03
434           	3.005369e-03	6.402371e-04	9.552629e-04	3.391499e-03
435           	2.999255e-03	6.399392e-04	9.564046e-04	3.404734e-03
436           	2.993520e-03	6.378602e-04	9.526806e-04	3.390660e-03
437           	2.987086e-03	6.361727e-04	9.511264e-04	3.386595e-03
438           	2.981083e-03	6.359617e-04	9.529124e-04	3.399916e-03
439           	2.974421e-03	6.335378e-04	9.479627e-04	3.379321e-03
440           	2.969037e-03	6.320641e-04	9.467069e-04	3.379708e-03
441           	2.963283e-03	6.318462e-04	9.479658e-04	3.392908e-03
442           	2.957516e-03	6.297940e-04	9.441424e-04	3.377164e-03
443           	2.951249e-03	6.281059e-04	9.425590e-04	3.373017e-03
444           	2.945346e-03	6.279262e-04	9.443991e-04	3.386690e-03
445           	2.938700e-03	6.255171e-04	9.394152e-04	3.365733e-03
446           	2.932779e-03	6.240360e-04	9.379776e-04	3.364263e-03
447           	2.927315e-03	6.238618e-04	9.392427e-04	3.379204e-03
448           	2.922880e-03	6.218869e-04	9.356923e-04	3.367888e-03
449           	2.916904e-03	6.202826e-04	9.342460e-04	3.364060e-03
450           	2.910943e-03	6.201443e-04	9.360576e-04	3.376745e-03
451           	2.904493e-03	6.177323e-04	9.310586e-04	3.355722e-03
452           	2.898598e-03	6.162755e-04	9.296816e-04	3.354471e-03
453           	2.893091e-03	6.161109e-04	9.309328e-04	3.369185e-03
454           	2.888105e-03	6.141234e-04	9.272359e-04	3.355619e-03
455           	2.882421e-03	6.125494e-04	9.258100e-04	3.353006e-03
456           	2.877659e-03	6.124766e-04	9.278866e-04	3.369913e-03
457           	2.871503e-03	6.101346e-04	9.230034e-04	3.348582e-03
458           	2.865533e-03	6.087066e-04	9.215874e-04	3.345875e-03
459           	2.860029e-03	6.085351e-04	9.228388e-04	3.360580e-03
460           	2.854921e-03	6.065733e-04	9.191788e-04	3.347031e-03
461           	2.849091e-03	6.050043e-04	9.177311e-04	3.343775e-03
462           	2.843724e-03	6.049153e-04	9.196727e-04	3.358541e-03
463           	2.837694e-03	6.025997e-04	9.147968e-04	3.338217e-03
464           	2.832906e-03	6.012397e-04	9.136530e-04	3.339712e-03
465           	2.827725e-03	6.011408e-04	9.150578e-04	3.354416e-03
466           	2.822477e-03	5.991990e-04	9.113250e-04	3.339123e-03
467           	2.816725e-03	5.976215e-04	9.098596e-04	3.335834e-03
468           	2.811295e-03	5.975532e-04	9.118471e-04	3.350889e-03
469           	2.805145e-03	5.952435e-04	9.069341e-04	3.329978e-03
470           	2.799700e-03	5.938632e-04	9.056106e-04	3.329201e-03
471           	2.794648e-03	5.937901e-04	9.070116e-04	3.345312e-03
472           	2.790622e-03	5.919065e-04	9.035281e-04	3.334083e-03
473           	2.785064e-03	5.903941e-04	9.021637e-04	3.330580e-03
474           	2.779515e-03	5.903547e-04	9.040889e-04	3.344300e-03
475           	2.773455e-03	5.880308e-04	8.991289e-04	3.322977e-03
476           	2.767877e-03	5.866669e-04	8.978290e-04	3.322207e-03
477           	2.762692e-03	5.865977e-04	8.991766e-04	3.338061e-03
478           	2.758034e-03	5.846990e-04	8.955232e-04	3.324575e-03
479           	2.752708e-03	5.832141e-04	8.941738e-04	3.322465e-03
480           	2.748337e-03	5.832370e-04	8.963639e-04	3.340654e-03
481           	2.742601e-03	5.809815e-04	8.915105e-04	3.319078e-03
482           	2.737014e-03	5.796469e-04	8.901839e-04	3.316883e-03
483           	2.731931e-03	5.795709e-04	8.915562e-04	3.332732e-03
484           	2.727260e-03	5.777003e-04	8.879590e-04	3.319147e-03
485           	2.721897e-03	5.762224e-04	8.865932e-04	3.316429e-03
486           	2.716950e-03	5.762334e-04	8.886456e-04	3.332378e-03
487           	2.711328e-03	5.740155e-04	8.837980e-04	3.311818e-03
488           	2.706944e-03	5.727593e-04	8.827283e-04	3.313905e-03
489           	2.702172e-03	5.727664e-04	8.842422e-04	3.329786e-03
490           	2.697331e-03	5.709233e-04	8.805591e-04	3.314343e-03
491           	2.691983e-03	5.694436e-04	8.791696e-04	3.311408e-03
492           	2.687001e-03	5.694806e-04	8.812834e-04	3.327656e-03
493           	2.681293e-03	5.672687e-04	8.763959e-04	3.306422e-03
494           	2.676284e-03	5.659924e-04	8.751465e-04	3.306129e-03
495           	2.671664e-03	5.660314e-04	8.766655e-04	3.323485e-03
496           	2.668041e-03	5.642552e-04	8.732377e-04	3.312295e-03
497           	2.662887e-03	5.628501e-04	8.719553e-04	3.309184e-03
498           	2.657722e-03	5.629239e-04	8.739987e-04	3.323956e-03
499           	2.652028e-03	5.607049e-04	8.690786e-04	3.302190e-03
500           	2.646817e-03	5.594545e-04	8.678528e-04	3.301783e-03
501           	2.642016e-03	5.595046e-04	8.693052e-04	3.318760e-03
502           	2.637759e-03	5.577170e-04	8.656848e-04	3.305075e-03
503           	2.632817e-03	5.563421e-04	8.643901e-04	3.303158e-03
504           	2.628817e-03	5.564836e-04	8.666772e-04	3.322463e-03
505           	2.623442e-03	5.543403e-04	8.618153e-04	3.300191e-03
506           	2.618250e-03	5.531255e-04	8.605008e-04	3.298237e-03
507           	2.613579e-03	5.531720e-04	8.619188e-04	3.315208e-03
508           	2.609343e-03	5.514150e-04	8.582974e-04	3.301515e-03
509           	2.604385e-03	5.500518e-04	8.569318e-04	3.299112e-03
510           	2.599842e-03	5.501861e-04	8.590304e-04	3.316262e-03
511           	2.594613e-03	5.480770e-04	8.541347e-04	3.295371e-03
512           	2.590661e-03	5.469343e-04	8.530730e-04	3.298190e-03
513           	2.586344e-03	5.470593e-04	8.546321e-04	3.315388e-03
514           	2.581974e-03	5.453301e-04	8.509260e-04	3.299978e-03
515           	2.577144e-03	5.439664e-04	8.495303e-04	3.297668e-03
516           	2.572704e-03	5.441281e-04	8.516845e-04	3.315494e-03
517           	2.567582e-03	5.420313e-04	8.467560e-04	3.294179e-03
518           	2.563170e-03	5.408774e-04	8.455084e-04	3.294740e-03
519           	2.559176e-03	5.410438e-04	8.470682e-04	3.313830e-03
520           	2.556212e-03	5.393913e-04	8.436337e-04	3.303119e-03
521           	2.551749e-03	5.381138e-04	8.423753e-04	3.300809e-03
522           	2.547355e-03	5.383231e-04	8.444809e-04	3.317267e-03
523           	2.542464e-03	5.362298e-04	8.395253e-04	3.295538e-03
524           	2.538103e-03	5.351085e-04	8.383324e-04	3.296245e-03
525           	2.534145e-03	5.352902e-04	8.398645e-04	3.315116e-03
526           	2.530715e-03	5.336297e-04	8.362619e-04	3.301838e-03
527           	2.526614e-03	5.323848e-04	8.350242e-04	3.301033e-03
528           	2.523431e-03	5.326657e-04	8.374202e-04	3.322479e-03
529           	2.518851e-03	5.306514e-04	8.325915e-04	3.300455e-03
530           	2.514455e-03	5.295680e-04	8.313663e-04	3.299605e-03
531           	2.510573e-03	5.297504e-04	8.329141e-04	3.318637e-03
532           	2.507146e-03	5.281240e-04	8.293651e-04	3.305539e-03
533           	2.503068e-03	5.268941e-04	8.281100e-04	3.304277e-03
534           	2.499428e-03	5.271658e-04	8.303738e-04	3.323544e-03
535           	2.495118e-03	5.251861e-04	8.255765e-04	3.302846e-03
536           	2.492056e-03	5.241796e-04	8.246571e-04	3.307034e-03
537           	2.488642e-03	5.244453e-04	8.263847e-04	3.326448e-03
538           	2.485192e-03	5.228500e-04	8.227928e-04	3.311532e-03
539           	2.481222e-03	5.216200e-04	8.215526e-04	3.310280e-03
540           	2.477632e-03	5.219224e-04	8.238966e-04	3.330046e-03
541           	2.473319e-03	5.199568e-04	8.190736e-04	3.308788e-03
542           	2.469691e-03	5.189364e-04	8.179723e-04	3.310547e-03
543           	2.466458e-03	5.192379e-04	8.197156e-04	3.331600e-03
544           	2.464275e-03	5.177148e-04	8.164089e-04	3.321439e-03
545           	2.460603e-03	5.165660e-04	8.153048e-04	3.320228e-03
546           	2.456951e-03	5.169069e-04	8.176146e-04	3.338839e-03
547           	2.452844e-03	5.149350e-04	8.127839e-04	3.317360e-03
548           	2.449307e-03	5.139403e-04	8.117527e-04	3.319550e-03
549           	2.446203e-03	5.142544e-04	8.134740e-04	3.340832e-03
550           	2.443711e-03	5.127219e-04	8.100032e-04	3.328300e-03
551           	2.440585e-03	5.116078e-04	8.089282e-04	3.328875e-03
552           	2.438433e-03	5.120241e-04	8.115372e-04	3.352865e-03
553           	2.434911e-03	5.101342e-04	8.068233e-04	3.331099e-03
554           	2.431574e-03	5.091776e-04	8.057507e-04	3.331422e-03
555           	2.428746e-03	5.094884e-04	8.074929e-04	3.352632e-03
556           	2.426365e-03	5.079841e-04	8.040647e-04	3.340116e-03
557           	2.423340e-03	5.068756e-04	8.029281e-04	3.339799e-03
558           	2.420768e-03	5.072725e-04	8.053436e-04	3.360929e-03
559           	2.417540e-03	5.054081e-04	8.005817e-04	3.340057e-03
560           	2.415642e-03	5.045190e-04	7.997515e-04	3.345183e-03
561           	2.413398e-03	5.049043e-04	8.015977e-04	3.366186e-03
562           	2.411109e-03	5.034215e-04	7.980317e-04	3.351125e-03
563           	2.408327e-03	5.023044e-04	7.968435e-04	3.350313e-03
564           	2.405909e-03	5.027197e-04	7.992977e-04	3.371438e-03
565           	2.402764e-03	5.008585e-04	7.944769e-04	3.349284e-03
566           	2.400295e-03	4.999477e-04	7.934176e-04	3.351347e-03
567           	2.398212e-03	5.003606e-04	7.952372e-04	3.373898e-03
568           	2.397117e-03	4.989431e-04	7.919544e-04	3.363538e-03
569           	2.394416e-03	4.978950e-04	7.909056e-04	3.362357e-03
570           	2.391682e-03	4.983442e-04	7.933158e-04	3.381820e-03
571           	2.388400e-03	4.964731e-04	7.884677e-04	3.359040e-03
572           	2.385605e-03	4.955805e-04	7.874863e-04	3.360919e-03
573           	2.383138e-03	4.959975e-04	7.892989e-04	3.382643e-03
574           	2.381153e-03	4.945615e-04	7.858484e-04	3.369032e-03
575           	2.378462e-03	4.935427e-04	7.848271e-04	3.368960e-03
576           	2.376783e-03	4.940576e-04	7.875362e-04	3.393240e-03
577           	2.373717e-03	4.922575e-04	7.828367e-04	3.369789e-03
578           	2.370853e-03	4.913938e-04	7.818367e-04	3.369656e-03
579           	2.368520e-03	4.918004e-04	7.836795e-04	3.391273e-03
580           	2.366628e-03	4.903859e-04	7.802749e-04	3.377343e-03
581           	2.364074e-03	4.893683e-04	7.792166e-04	3.376376e-03
582           	2.361926e-03	4.898627e-04	7.817824e-04	3.397964e-03
583           	2.359115e-03	4.880915e-04	7.770962e-04	3.375379e-03
584           	2.357533e-03	4.872977e-04	7.763945e-04	3.379903e-03
585           	2.355576e-03	4.877809e-04	7.784137e-04	3.401143e-03
586           	2.353596e-03	4.863919e-04	7.749836e-04	3.384487e-03
587           	2.351093e-03	4.853706e-04	7.739622e-04	3.382789e-03
588           	2.348927e-03	4.858920e-04	7.766296e-04	3.404136e-03
589           	2.346075e-03	4.841289e-04	7.719288e-04	3.380167e-03
590           	2.343937e-03	4.833170e-04	7.710390e-04	3.381527e-03
591           	2.342212e-03	4.838300e-04	7.730624e-04	3.404163e-03
592           	2.341499e-03	4.825077e-04	7.699009e-04	3.392497e-03
593           	2.339247e-03	4.815613e-04	7.690096e-04	3.390646e-03
594           	2.337003e-03	4.821186e-04	7.716272e-04	3.410427e-03
595           	2.334215e-03	4.803475e-04	7.669051e-04	3.385814e-03
596           	2.331906e-03	4.795569e-04	7.661012e-04	3.386794e-03
597           	2.329958e-03	4.800820e-04	7.681120e-04	3.408760e-03
598           	2.328516e-03	4.787478e-04	7.648005e-04	3.393697e-03
599           	2.326390e-03	4.778319e-04	7.639222e-04	3.393100e-03
600           	2.325223e-03	4.784518e-04	7.668330e-04	3.418047e-03
601           	2.322680e-03	4.767453e-04	7.622409e-04	3.392787e-03
602           	2.320363e-03	4.759782e-04	7.614048e-04	3.391985e-03
603           	2.318570e-03	4.764834e-04	7.634659e-04	3.414063e-03
604           	2.317223e-03	4.751661e-04	7.602209e-04	3.398896e-03
605           	2.315163e-03	4.742445e-04	7.593652e-04	3.397416e-03
606           	2.313448e-03	4.748337e-04	7.621879e-04	3.419617e-03
607           	2.311083e-03	4.731506e-04	7.576548e-04	3.395667e-03
608           	2.309986e-03	4.724481e-04	7.571496e-04	3.400195e-03
609           	2.308434e-03	4.730251e-04	7.593969e-04	3.422078e-03
610           	2.306861e-03	4.717251e-04	7.561205e-04	3.404418e-03
611           	2.304737e-03	4.707922e-04	7.552696e-04	3.402377e-03
612           	2.302960e-03	4.713994e-04	7.581505e-04	3.424334e-03
613           	2.300447e-03	4.697142e-04	7.535841e-04	3.399059e-03
614           	2.298604e-03	4.689862e-04	7.528982e-04	3.400262e-03
615           	2.297136e-03	4.695856e-04	7.551868e-04	3.423643e-03
616           	2.296696e-03	4.683450e-04	7.522135e-04	3.411204e-03
617           	2.294698e-03	4.674751e-04	7.515107e-04	3.408853e-03
618           	2.292665e-03	4.681035e-04	7.543452e-04	3.429085e-03
619           	2.290096e-03	4.663975e-04	7.497674e-04	3.403334e-03
620           	2.288177e-03	4.656756e-04	7.491442e-04	3.404326e-03
621           	2.286669e-03	4.662649e-04	7.513817e-04	3.427072e-03
622           	2.285765e-03	4.649941e-04	7.481970e-04	3.411026e-03
623           	2.284186e-03	4.641421e-04	7.474966e-04	3.409811e-03
624           	2.283516e-03	4.648275e-04	7.506331e-04	3.435200e-03
625           	2.281460e-03	4.631811e-04	7.461453e-04	3.408356e-03
626           	2.279653e-03	4.624767e-04	7.454756e-04	3.406891e-03
627           	2.278298e-03	4.630455e-04	7.477096e-04	3.429135e-03
628           	2.277331e-03	4.617876e-04	7.445555e-04	3.412474e-03
629           	2.275626e-03	4.609239e-04	7.438181e-04	3.409958e-03
630           	2.274333e-03	4.615721e-04	7.468160e-04	3.431967e-03
631           	2.272381e-03	4.599419e-04	7.423391e-04	3.406228e-03
632           	2.271700e-03	4.592934e-04	7.419407e-04	3.410159e-03
633           	2.270640e-03	4.599191e-04	7.443265e-04	3.432267e-03
634           	2.269506e-03	4.586644e-04	7.410856e-04	3.413322e-03
635           	2.267869e-03	4.577733e-04	7.403325e-04	3.410526e-03
636           	2.266544e-03	4.584241e-04	7.433829e-04	3.432649e-03
637           	2.264521e-03	4.567803e-04	7.388806e-04	3.405478e-03
638           	2.263185e-03	4.560923e-04	7.383011e-04	3.405686e-03
639           	2.262272e-03	4.567322e-04	7.407236e-04	3.429001e-03
640           	2.262417e-03	4.555269e-04	7.378254e-04	3.414971e-03
641           	2.260973e-03	4.546912e-04	7.372247e-04	3.411401e-03
642           	2.259527e-03	4.553598e-04	7.402225e-04	3.431227e-03
643           	2.257454e-03	4.536936e-04	7.356867e-04	3.403333e-03
644           	2.255768e-03	4.530128e-04	7.351699e-04	3.403269e-03
645           	2.254426e-03	4.536540e-04	7.375713e-04	3.425774e-03
646           	2.253590e-03	4.524296e-04	7.345226e-04	3.408228e-03
647           	2.252005e-03	4.516187e-04	7.339916e-04	3.406246e-03
648           	2.251240e-03	4.523460e-04	7.373163e-04	3.431879e-03
649           	2.249007e-03	4.507464e-04	7.329249e-04	3.403736e-03
650           	2.246924e-03	4.500871e-04	7.323790e-04	3.401784e-03
651           	2.245337e-03	4.506980e-04	7.348066e-04	3.424459e-03
652           	2.244210e-03	4.494795e-04	7.317777e-04	3.407185e-03
653           	2.242366e-03	4.486544e-04	7.311817e-04	3.404540e-03
654           	2.240970e-03	4.493465e-04	7.343697e-04	3.427195e-03
655           	2.238918e-03	4.477505e-04	7.300257e-04	3.400357e-03
656           	2.238111e-03	4.471370e-04	7.298181e-04	3.404083e-03
657           	2.236902e-03	4.478001e-04	7.324273e-04	3.426406e-03
658           	2.235580e-03	4.465764e-04	7.293528e-04	3.406452e-03
659           	2.233668e-03	4.457161e-04	7.287925e-04	3.403281e-03
660           	2.232039e-03	4.464029e-04	7.320682e-04	3.425819e-03
661           	2.229641e-03	4.447907e-04	7.276529e-04	3.397684e-03
662           	2.227890e-03	4.441328e-04	7.271925e-04	3.397709e-03
663           	2.226444e-03	4.447996e-04	7.297502e-04	3.421485e-03
664           	2.226010e-03	4.436182e-04	7.269066e-04	3.406828e-03
665           	2.223921e-03	4.428070e-04	7.264105e-04	3.403016e-03
666           	2.221813e-03	4.434996e-04	7.295862e-04	3.423234e-03
667           	2.219058e-03	4.418507e-04	7.251446e-04	3.394302e-03
668           	2.216796e-03	4.411865e-04	7.247689e-04	3.394204e-03
669           	2.214911e-03	4.418342e-04	7.273404e-04	3.417537e-03
670           	2.213547e-03	4.406133e-04	7.243659e-04	3.399759e-03
671           	2.211552e-03	4.398066e-04	7.239453e-04	3.397751e-03
672           	2.210392e-03	4.405454e-04	7.274759e-04	3.423957e-03
673           	2.207800e-03	4.389470e-04	7.231687e-04	3.394687e-03
674           	2.205363e-03	4.382862e-04	7.227502e-04	3.392436e-03
675           	2.203404e-03	4.388971e-04	7.253396e-04	3.415341e-03
676           	2.201847e-03	4.376744e-04	7.223955e-04	3.397165e-03
677           	2.199597e-03	4.368454e-04	7.219079e-04	3.393884e-03
678           	2.197847e-03	4.375348e-04	7.251846e-04	3.416714e-03
679           	2.195410e-03	4.359357e-04	7.208289e-04	3.388767e-03
680           	2.194233e-03	4.353233e-04	7.206694e-04	3.392212e-03
681           	2.192667e-03	4.359900e-04	7.233765e-04	3.414781e-03
682           	2.191047e-03	4.347726e-04	7.203453e-04	3.393841e-03
683           	2.189012e-03	4.339188e-04	7.198477e-04	3.390075e-03
684           	2.187356e-03	4.346086e-04	7.232337e-04	3.412749e-03
685           	2.184917e-03	4.329914e-04	7.188519e-04	3.383525e-03
686           	2.183138e-03	4.323328e-04	7.184924e-04	3.383343e-03
687           	2.181754e-03	4.329999e-04	7.212221e-04	3.407421e-03
688           	2.181394e-03	4.318172e-04	7.184841e-04	3.392081e-03
689           	2.179398e-03	4.310081e-04	7.181335e-04	3.387729e-03
690           	2.177344e-03	4.317094e-04	7.214730e-04	3.408085e-03
691           	2.174661e-03	4.300605e-04	7.170560e-04	3.378086e-03
692           	2.172435e-03	4.293974e-04	7.167581e-04	3.377338e-03
693           	2.170614e-03	4.300467e-04	7.194407e-04	3.400214e-03
694           	2.169358e-03	4.288234e-04	7.164915e-04	3.380940e-03
695           	2.167440e-03	4.280170e-04	7.161108e-04	3.377732e-03
696           	2.166383e-03	4.287592e-04	7.197200e-04	3.403414e-03
697           	2.163889e-03	4.271580e-04	7.153489e-04	3.372262e-03
698           	2.161621e-03	4.264979e-04	7.149461e-04	3.368658e-03
699           	2.159884e-03	4.271130e-04	7.175780e-04	3.390722e-03
700           	2.158587e-03	4.258918e-04	7.146105e-04	3.370949e-03
701           	2.156581e-03	4.250667e-04	7.141572e-04	3.366379e-03
702           	2.155022e-03	4.257615e-04	7.175420e-04	3.388191e-03
703           	2.152749e-03	4.241589e-04	7.131218e-04	3.357888e-03
704           	2.151707e-03	4.235446e-04	7.129465e-04	3.359601e-03
705           	2.150225e-03	4.242119e-04	7.156643e-04	3.380744e-03
706           	2.148621e-03	4.229913e-04	7.125237e-04	3.357577e-03
707           	2.146422e-03	4.221383e-04	7.119637e-04	3.351954e-03
708           	2.144504e-03	4.228344e-04	7.153391e-04	3.373290e-03
709           	2.141897e-03	4.212203e-04	7.108167e-04	3.341417e-03
710           	2.140022e-03	4.205645e-04	7.103819e-04	3.339082e-03
711           	2.138507e-03	4.212397e-04	7.130634e-04	3.361590e-03
712           	2.137992e-03	4.200610e-04	7.101745e-04	3.343932e-03
713           	2.135882e-03	4.192569e-04	7.097005e-04	3.337594e-03
714           	2.133754e-03	4.199644e-04	7.129458e-04	3.356254e-03
715           	2.131067e-03	4.183158e-04	7.083145e-04	3.323292e-03
716           	2.128785e-03	4.176605e-04	7.078790e-04	3.320126e-03
717           	2.126920e-03	4.183234e-04	7.104691e-04	3.341075e-03
718           	2.125597e-03	4.171143e-04	7.073301e-04	3.319001e-03
719           	2.123604e-03	4.163239e-04	7.068199e-04	3.313498e-03
720           	2.122555e-03	4.170889e-04	7.103598e-04	3.337424e-03
721           	2.120129e-03	4.155087e-04	7.058141e-04	3.303430e-03
722           	2.117900e-03	4.148743e-04	7.052867e-04	3.297437e-03
723           	2.116115e-03	4.155125e-04	7.078455e-04	3.317683e-03
724           	2.114764e-03	4.143069e-04	7.047176e-04	3.295201e-03
725           	2.112768e-03	4.134951e-04	7.041329e-04	3.288259e-03
726           	2.111228e-03	4.142096e-04	7.074701e-04	3.308472e-03
727           	2.108980e-03	4.126304e-04	7.029062e-04	3.275703e-03
728           	2.107944e-03	4.120407e-04	7.026618e-04	3.275479e-03
729           	2.106460e-03	4.127343e-04	7.053452e-04	3.294976e-03
730           	2.104897e-03	4.115398e-04	7.020734e-04	3.269429e-03
731           	2.102775e-03	4.107111e-04	7.014167e-04	3.261816e-03
732           	2.100939e-03	4.114350e-04	7.047983e-04	3.281731e-03
733           	2.098324e-03	4.098418e-04	7.001551e-04	3.247803e-03
734           	2.096360e-03	4.092101e-04	6.996852e-04	3.243883e-03
735           	2.094762e-03	4.099190e-04	7.023855e-04	3.265124e-03
736           	2.094160e-03	4.087697e-04	6.994183e-04	3.245522e-03
737           	2.092025e-03	4.079908e-04	6.989220e-04	3.237554e-03
738           	2.089967e-03	4.087335e-04	7.022652e-04	3.255328e-03
739           	2.087407e-03	4.071213e-04	6.975937e-04	3.220813e-03
740           	2.085403e-03	4.065048e-04	6.971687e-04	3.216842e-03
741           	2.083799e-03	4.072092e-04	6.998133e-04	3.237664e-03
742           	2.082736e-03	4.060343e-04	6.966339e-04	3.214822e-03
743           	2.081046e-03	4.052715e-04	6.961346e-04	3.208783e-03
744           	2.080236e-03	4.060626e-04	6.997748e-04	3.232765e-03
745           	2.077975e-03	4.045053e-04	6.952027e-04	3.197911e-03
746           	2.075909e-03	4.039009e-04	6.947161e-04	3.191737e-03
747           	2.074331e-03	4.045811e-04	6.973786e-04	3.212322e-03
748           	2.073132e-03	4.034186e-04	6.942544e-04	3.189414e-03
749           	2.071203e-03	4.026544e-04	6.937388e-04	3.182332e-03
750           	2.069701e-03	4.034187e-04	6.972131e-04	3.202695e-03
751           	2.067519e-03	4.018810e-04	6.926443e-04	3.169373e-03
752           	2.066559e-03	4.013351e-04	6.924936e-04	3.169400e-03
753           	2.065175e-03	4.020763e-04	6.953651e-04	3.189689e-03
754           	2.063750e-03	4.009233e-04	6.921749e-04	3.164408e-03
755           	2.061809e-03	4.001342e-04	6.916736e-04	3.157395e-03
756           	2.060229e-03	4.009057e-04	6.952970e-04	3.178274e-03
757           	2.057956e-03	3.993588e-04	6.907524e-04	3.144520e-03
758           	2.056417e-03	3.987790e-04	6.904634e-04	3.141474e-03
759           	2.055363e-03	3.995377e-04	6.934144e-04	3.164199e-03
760           	2.055410e-03	3.984379e-04	6.906168e-04	3.145578e-03
761           	2.053947e-03	3.977114e-04	6.903489e-04	3.138830e-03
762           	2.052586e-03	3.985069e-04	6.940060e-04	3.158221e-03
763           	2.050790e-03	3.969428e-04	6.895208e-04	3.124721e-03
764           	2.049575e-03	3.963764e-04	6.893840e-04	3.122325e-03
765           	2.048796e-03	3.971362e-04	6.924107e-04	3.145063e-03
766           	2.048552e-03	3.960162e-04	6.895215e-04	3.123522e-03
767           	2.047668e-03	3.953166e-04	6.893746e-04	3.119054e-03
768           	2.047790e-03	3.961796e-04	6.934634e-04	3.145127e-03
769           	2.046592e-03	3.946837e-04	6.891815e-04	3.111504e-03
770           	2.045562e-03	3.941466e-04	6.890792e-04	3.107003e-03
771           	2.045018e-03	3.948910e-04	6.921914e-04	3.129689e-03
772           	2.044919e-03	3.937912e-04	6.894074e-04	3.108391e-03
773           	2.044085e-03	3.930869e-04	6.892779e-04	3.103284e-03
774           	2.043613e-03	3.939206e-04	6.932410e-04	3.126116e-03
775           	2.042443e-03	3.924447e-04	6.889998e-04	3.094423e-03
776           	2.042485e-03	3.919649e-04	6.892667e-04	3.096416e-03
777           	2.042103e-03	3.927783e-04	6.926046e-04	3.118896e-03
778           	2.041600e-03	3.916916e-04	6.897326e-04	3.094956e-03
779           	2.040483e-03	3.909707e-04	6.895773e-04	3.089528e-03
780           	2.039725e-03	3.918153e-04	6.936061e-04	3.112465e-03
781           	2.038253e-03	3.903343e-04	6.893004e-04	3.079924e-03
782           	2.037436e-03	3.898228e-04	6.893417e-04	3.078443e-03
783           	2.036960e-03	3.906506e-04	6.926892e-04	3.103103e-03
784           	2.037480e-03	3.896127e-04	6.901560e-04	3.085531e-03
785           	2.036394e-03	3.889452e-04	6.901879e-04	3.079647e-03
786           	2.035330e-03	3.898053e-04	6.942059e-04	3.100148e-03
787           	2.033769e-03	3.883005e-04	6.898764e-04	3.066939e-03
788           	2.032762e-03	3.878004e-04	6.899906e-04	3.065316e-03
789           	2.032128e-03	3.886241e-04	6.933293e-04	3.089029e-03
790           	2.031954e-03	3.875592e-04	6.906024e-04	3.067901e-03
791           	2.031066e-03	3.869107e-04	6.906623e-04	3.064135e-03
792           	2.031151e-03	3.878233e-04	6.950338e-04	3.091129e-03
793           	2.029875e-03	3.863713e-04	6.908477e-04	3.057619e-03
794           	2.028725e-03	3.858784e-04	6.909475e-04	3.053561e-03
795           	2.028015e-03	3.866771e-04	6.943537e-04	3.076813e-03
796           	2.027702e-03	3.856217e-04	6.917266e-04	3.055558e-03
797           	2.026662e-03	3.849593e-04	6.918060e-04	3.050822e-03
798           	2.026065e-03	3.858342e-04	6.960664e-04	3.074263e-03
799           	2.024793e-03	3.843925e-04	6.919459e-04	3.042525e-03
800           	2.024728e-03	3.839487e-04	6.924206e-04	3.045065e-03
801           	2.024373e-03	3.847975e-04	6.960445e-04	3.068380e-03
802           	2.023982e-03	3.837408e-04	6.933517e-04	3.044948e-03
803           	2.023115e-03	3.830473e-04	6.934633e-04	3.040201e-03
804           	2.022642e-03	3.839221e-04	6.978866e-04	3.064090e-03
805           	2.021343e-03	3.824637e-04	6.937851e-04	3.031862e-03
806           	2.020662e-03	3.819829e-04	6.941172e-04	3.031106e-03
807           	2.020385e-03	3.828482e-04	6.978315e-04	3.056597e-03
808           	2.021123e-03	3.818399e-04	6.955240e-04	3.039717e-03
809           	2.020361e-03	3.812003e-04	6.958771e-04	3.034834e-03
810           	2.019688e-03	3.820909e-04	7.003190e-04	3.056572e-03
811           	2.018574e-03	3.806010e-04	6.962187e-04	3.024045e-03
812           	2.017977e-03	3.801085e-04	6.966897e-04	3.023235e-03
813           	2.017810e-03	3.809492e-04	7.004544e-04	3.048155e-03
814           	2.018213e-03	3.798989e-04	6.980080e-04	3.027950e-03
815           	2.017994e-03	3.792664e-04	6.983944e-04	3.025086e-03
816           	2.018653e-03	3.802016e-04	7.032120e-04	3.053260e-03
817           	2.017927e-03	3.787617e-04	6.992915e-04	3.020591e-03
818           	2.017358e-03	3.782753e-04	6.997292e-04	3.017563e-03
819           	2.017318e-03	3.790804e-04	7.035495e-04	3.042152e-03
820           	2.017694e-03	3.780297e-04	7.011754e-04	3.021884e-03
821           	2.017368e-03	3.773766e-04	7.015565e-04	3.017863e-03
822           	2.017399e-03	3.782632e-04	7.062282e-04	3.042144e-03
823           	2.016843e-03	3.768212e-04	7.023119e-04	3.010701e-03
824           	2.017559e-03	3.763782e-04	7.031228e-04	3.013700e-03
825           	2.017813e-03	3.772338e-04	7.071552e-04	3.037626e-03
826           	2.017943e-03	3.761758e-04	7.046887e-04	3.014370e-03
827           	2.017531e-03	3.754900e-04	7.050425e-04	3.010128e-03
828           	2.017444e-03	3.763836e-04	7.097639e-04	3.034800e-03
829           	2.016598e-03	3.749388e-04	7.057325e-04	3.003128e-03
830           	2.016425e-03	3.744651e-04	7.062307e-04	3.002812e-03
831           	2.016649e-03	3.753332e-04	7.101905e-04	3.028668e-03
832           	2.017848e-03	3.743214e-04	7.079734e-04	3.011782e-03
833           	2.017431e-03	3.736803e-04	7.084228e-04	3.006897e-03
834           	2.016975e-03	3.745744e-04	7.130240e-04	3.028742e-03
835           	2.016009e-03	3.730801e-04	7.088676e-04	2.996188e-03
836           	2.015625e-03	3.725874e-04	7.093408e-04	2.995588e-03
837           	2.015710e-03	3.734244e-04	7.131871e-04	3.020468e-03
838           	2.016218e-03	3.723643e-04	7.106476e-04	2.999531e-03
839           	2.015938e-03	3.717318e-04	7.110133e-04	2.996189e-03
840           	2.016563e-03	3.726759e-04	7.158983e-04	3.024415e-03
841           	2.015701e-03	3.712449e-04	7.117903e-04	2.991381e-03
842           	2.014949e-03	3.707732e-04	7.121216e-04	2.987865e-03
843           	2.014639e-03	3.715933e-04	7.158719e-04	3.011794e-03
844           	2.014715e-03	3.705489e-04	7.132935e-04	2.990542e-03
845           	2.014015e-03	3.698966e-04	7.135389e-04	2.985998e-03
846           	2.013693e-03	3.707896e-04	7.181688e-04	3.009807e-03
847           	2.012672e-03	3.693529e-04	7.139889e-04	2.978264e-03
848           	2.012905e-03	3.689247e-04	7.146258e-04	2.981412e-03
849           	2.012810e-03	3.697959e-04	7.185685e-04	3.005222e-03
850           	2.012661e-03	3.687534e-04	7.158718e-04	2.981587e-03
851           	2.012086e-03	3.680871e-04	7.160724e-04	2.977090e-03
852           	2.011776e-03	3.690053e-04	7.207337e-04	3.001533e-03
853           	2.010679e-03	3.675740e-04	7.164132e-04	2.969328e-03
854           	2.010286e-03	3.671225e-04	7.167617e-04	2.968840e-03
855           	2.010315e-03	3.680204e-04	7.206737e-04	2.994655e-03
856           	2.011497e-03	3.670406e-04	7.182435e-04	2.977667e-03
857           	2.011209e-03	3.664356e-04	7.185712e-04	2.972960e-03
858           	2.011025e-03	3.673696e-04	7.231663e-04	2.995289e-03
859           	2.010271e-03	3.659147e-04	7.188112e-04	2.962904e-03
860           	2.009994e-03	3.654659e-04	7.192325e-04	2.962858e-03
861           	2.010075e-03	3.663558e-04	7.230818e-04	2.988814e-03
862           	2.010708e-03	3.653465e-04	7.203921e-04	2.968815e-03
863           	2.010621e-03	3.647587e-04	7.206884e-04	2.966928e-03
864           	2.011491e-03	3.657438e-04	7.255943e-04	2.996312e-03
865           	2.011015e-03	3.643433e-04	7.213058e-04	2.963957e-03
866           	2.010750e-03	3.639030e-04	7.216159e-04	2.961468e-03
867           	2.010939e-03	3.647549e-04	7.254401e-04	2.986980e-03
868           	2.011520e-03	3.637467e-04	7.227250e-04	2.967164e-03
869           	2.011343e-03	3.631347e-04	7.229148e-04	2.964045e-03
870           	2.011546e-03	3.640712e-04	7.275698e-04	2.989611e-03
871           	2.011041e-03	3.626674e-04	7.231876e-04	2.958647e-03
872           	2.011812e-03	3.622655e-04	7.237537e-04	2.962286e-03
873           	2.012252e-03	3.631645e-04	7.277240e-04	2.987206e-03
874           	2.012709e-03	3.621470e-04	7.248218e-04	2.964400e-03
875           	2.012586e-03	3.614998e-04	7.248997e-04	2.960423e-03
876           	2.012807e-03	3.624286e-04	7.295883e-04	2.985495e-03
877           	2.012171e-03	3.610011e-04	7.250577e-04	2.953525e-03
878           	2.012098e-03	3.605493e-04	7.252880e-04	2.953269e-03
879           	2.012445e-03	3.614536e-04	7.291571e-04	2.979807e-03
880           	2.013780e-03	3.604746e-04	7.265220e-04	2.963019e-03
881           	2.013581e-03	3.598688e-04	7.267277e-04	2.958489e-03
882           	2.013416e-03	3.608022e-04	7.313247e-04	2.980942e-03
883           	2.012655e-03	3.593324e-04	7.266669e-04	2.948603e-03
884           	2.012374e-03	3.588762e-04	7.268998e-04	2.948300e-03
885           	2.012425e-03	3.597557e-04	7.306911e-04	2.973828e-03
886           	2.013025e-03	3.587332e-04	7.277712e-04	2.953419e-03
887           	2.013002e-03	3.581370e-04	7.279150e-04	2.950640e-03
888           	2.013865e-03	3.591167e-04	7.327692e-04	2.979289e-03
889           	2.013264e-03	3.577047e-04	7.281466e-04	2.946158e-03
890           	2.012763e-03	3.572585e-04	7.282357e-04	2.943141e-03
891           	2.012744e-03	3.581086e-04	7.319329e-04	2.968304e-03
892           	2.013152e-03	3.570911e-04	7.289413e-04	2.947754e-03
893           	2.012827e-03	3.564730e-04	7.289220e-04	2.943550e-03
894           	2.012946e-03	3.574075e-04	7.335006e-04	2.968098e-03
895           	2.012378e-03	3.559987e-04	7.287942e-04	2.936336e-03
896           	2.013091e-03	3.555938e-04	7.291254e-04	2.939444e-03
897           	2.013495e-03	3.564922e-04	7.329035e-04	2.963699e-03
898           	2.013903e-03	3.554647e-04	7.296908e-04	2.939869e-03
899           	2.013808e-03	3.548097e-04	7.295826e-04	2.935116e-03
900           	2.014103e-03	3.557337e-04	7.341795e-04	2.959603e-03
901           	2.013656e-03	3.543041e-04	7.293324e-04	2.926901e-03
902           	2.013929e-03	3.538542e-04	7.293653e-04	2.926107e-03
903           	2.014695e-03	3.547607e-04	7.331204e-04	2.951913e-03
904           	2.016576e-03	3.537746e-04	7.302120e-04	2.934414e-03
905           	2.016935e-03	3.531626e-04	7.301703e-04	2.929278e-03
906           	2.017252e-03	3.540894e-04	7.346232e-04	2.951343e-03
907           	2.017084e-03	3.526150e-04	7.296435e-04	2.918061e-03
908           	2.017460e-03	3.521536e-04	7.296921e-04	2.917006e-03
909           	2.018133e-03	3.530313e-04	7.333577e-04	2.942164e-03
910           	2.019286e-03	3.520034e-04	7.301537e-04	2.921420e-03
911           	2.019758e-03	3.513996e-04	7.300867e-04	2.918314e-03
912           	2.021096e-03	3.523721e-04	7.348959e-04	2.946713e-03
913           	2.021023e-03	3.509503e-04	7.300281e-04	2.913102e-03
914           	2.021095e-03	3.504963e-04	7.299914e-04	2.909943e-03
915           	2.021660e-03	3.513437e-04	7.336700e-04	2.935171e-03
916           	2.022685e-03	3.503197e-04	7.305232e-04	2.914648e-03
917           	2.023117e-03	3.496953e-04	7.304248e-04	2.910759e-03
918           	2.024017e-03	3.506268e-04	7.350082e-04	2.936060e-03
919           	2.024231e-03	3.492135e-04	7.301072e-04	2.904895e-03
920           	2.025659e-03	3.488094e-04	7.304036e-04	2.908768e-03
921           	2.026669e-03	3.497108e-04	7.342427e-04	2.934031e-03
922           	2.027610e-03	3.486894e-04	7.309335e-04	2.911225e-03
923           	2.028076e-03	3.480365e-04	7.307631e-04	2.907644e-03
924           	2.028866e-03	3.489666e-04	7.354284e-04	2.933527e-03
925           	2.028864e-03	3.475391e-04	7.304536e-04	2.901890e-03
926           	2.029549e-03	3.470940e-04	7.304739e-04	2.902362e-03
927           	2.030641e-03	3.480045e-04	7.343324e-04	2.929936e-03
928           	2.032748e-03	3.470248e-04	7.313682e-04	2.914150e-03
929           	2.033303e-03	3.464176e-04	7.313671e-04	2.910551e-03
930           	2.033869e-03	3.473518e-04	7.359636e-04	2.934298e-03
931           	2.033892e-03	3.458806e-04	7.309297e-04	2.902579e-03
932           	2.034382e-03	3.454241e-04	7.310034e-04	2.903332e-03
933           	2.035145e-03	3.463103e-04	7.347859e-04	2.930230e-03
934           	2.036420e-03	3.452815e-04	7.315155e-04	2.910711e-03
935           	2.037113e-03	3.446715e-04	7.314974e-04	2.909052e-03
936           	2.038789e-03	3.456432e-04	7.364485e-04	2.939277e-03
937           	2.039094e-03	3.442214e-04	7.314573e-04	2.907055e-03
938           	2.039543e-03	3.437707e-04	7.313773e-04	2.905338e-03
939           	2.040515e-03	3.446165e-04	7.351150e-04	2.932049e-03
940           	2.041924e-03	3.435850e-04	7.318616e-04	2.912736e-03
941           	2.042673e-03	3.429566e-04	7.317110e-04	2.910222e-03
942           	2.043849e-03	3.438852e-04	7.363833e-04	2.936855e-03
943           	2.044413e-03	3.424628e-04	7.313456e-04	2.906662e-03
944           	2.046304e-03	3.420537e-04	7.316066e-04	2.911627e-03
945           	2.047818e-03	3.429515e-04	7.354679e-04	2.937931e-03
946           	2.049303e-03	3.419178e-04	7.320208e-04	2.915891e-03
947           	2.050268e-03	3.412555e-04	7.318142e-04	2.913285e-03
948           	2.051603e-03	3.421741e-04	7.365310e-04	2.940147e-03
949           	2.052197e-03	3.407281e-04	7.313664e-04	2.909119e-03
950           	2.053560e-03	3.402699e-04	7.313289e-04	2.910413e-03
951           	2.055310e-03	3.411690e-04	7.352016e-04	2.938988e-03
952           	2.058092e-03	3.401742e-04	7.320729e-04	2.923933e-03
953           	2.059334e-03	3.395535e-04	7.319701e-04	2.921113e-03
954           	2.060617e-03	3.404780e-04	7.365705e-04	2.945557e-03
955           	2.061420e-03	3.389905e-04	7.313221e-04	2.914219e-03
956           	2.062724e-03	3.385160e-04	7.313235e-04	2.915433e-03
957           	2.064469e-03	3.393862e-04	7.351133e-04	2.943116e-03
958           	2.066698e-03	3.383407e-04	7.317378e-04	2.923897e-03
959           	2.068204e-03	3.377170e-04	7.316462e-04	2.922608e-03
960           	2.070614e-03	3.386769e-04	7.366343e-04	2.953419e-03
961           	2.071542e-03	3.372300e-04	7.315276e-04	2.921331e-03
962           	2.072579e-03	3.367514e-04	7.314410e-04	2.919786e-03
963           	2.074015e-03	3.375718e-04	7.352269e-04	2.946479e-03
964           	2.075747e-03	3.365115e-04	7.318859e-04	2.926829e-03
965           	2.076757e-03	3.358506e-04	7.317307e-04	2.924137e-03
966           	2.078105e-03	3.367455e-04	7.364864e-04	2.950703e-03
967           	2.078720e-03	3.352843e-04	7.313621e-04	2.920184e-03
968           	2.080596e-03	3.348371e-04	7.316540e-04	2.925078e-03
969           	2.082090e-03	3.356954e-04	7.356401e-04	2.951385e-03
970           	2.083487e-03	3.346169e-04	7.321758e-04	2.928791e-03
971           	2.084304e-03	3.339071e-04	7.319934e-04	2.925485e-03
972           	2.085435e-03	3.347839e-04	7.368417e-04	2.952008e-03
973           	2.085821e-03	3.332927e-04	7.316409e-04	2.920299e-03
974           	2.086916e-03	3.327869e-04	7.316635e-04	2.921030e-03
975           	2.088383e-03	3.336376e-04	7.356458e-04	2.948999e-03
976           	2.090864e-03	3.325918e-04	7.325370e-04	2.932898e-03
977           	2.091782e-03	3.319198e-04	7.325136e-04	2.929228e-03
978           	2.092770e-03	3.327971e-04	7.372902e-04	2.953096e-03
979           	2.093224e-03	3.312655e-04	7.320425e-04	2.920712e-03
980           	2.094170e-03	3.307497e-04	7.321205e-04	2.921011e-03
981           	2.095498e-03	3.315763e-04	7.360557e-04	2.947833e-03
982           	2.097278e-03	3.304846e-04	7.326824e-04	2.927580e-03
983           	2.098252e-03	3.298175e-04	7.326555e-04	2.925234e-03
984           	2.100067e-03	3.307378e-04	7.377790e-04	2.954917e-03
985           	2.100447e-03	3.292543e-04	7.326294e-04	2.921419e-03
986           	2.100942e-03	3.287447e-04	7.325794e-04	2.918646e-03
987           	2.101832e-03	3.295372e-04	7.364543e-04	2.944364e-03
988           	2.103084e-03	3.284465e-04	7.330838e-04	2.923547e-03
989           	2.103636e-03	3.277554e-04	7.329271e-04	2.919695e-03
990           	2.104638e-03	3.286250e-04	7.377379e-04	2.945206e-03
991           	2.104967e-03	3.271397e-04	7.324879e-04	2.913166e-03
992           	2.106551e-03	3.266696e-04	7.327319e-04	2.916614e-03
993           	2.107742e-03	3.275062e-04	7.367409e-04	2.941651e-03
994           	2.108881e-03	3.264107e-04	7.331539e-04	2.917752e-03
995           	2.109560e-03	3.256837e-04	7.328977e-04	2.913285e-03
996           	2.110623e-03	3.265449e-04	7.377340e-04	2.938579e-03
997           	2.110981e-03	3.250365e-04	7.323693e-04	2.905395e-03
998           	2.112067e-03	3.245142e-04	7.322851e-04	2.904830e-03
999           	2.113559e-03	3.253511e-04	7.362150e-04	2.931604e-03
1000          	2.116046e-03	3.242907e-04	7.329407e-04	2.914079e-03
1001          	2.116985e-03	3.236061e-04	7.327902e-04	2.909002e-03
1002          	2.117928e-03	3.244704e-04	7.374750e-04	2.931598e-03
1003          	2.118289e-03	3.229201e-04	7.319893e-04	2.897741e-03
1004          	2.119137e-03	3.223866e-04	7.318924e-04	2.896837e-03
1005          	2.120416e-03	3.231963e-04	7.356926e-04	2.922432e-03
1006          	2.122237e-03	3.220864e-04	7.320918e-04	2.900919e-03
1007          	2.123363e-03	3.213993e-04	7.318837e-04	2.897601e-03
1008          	2.125388e-03	3.222997e-04	7.368992e-04	2.926637e-03
1009          	2.125980e-03	3.207918e-04	7.314906e-04	2.892183e-03
1010          	2.126721e-03	3.202563e-04	7.312531e-04	2.888519e-03
1011          	2.127876e-03	3.210230e-04	7.349944e-04	2.913478e-03
1012          	2.129333e-03	3.199127e-04	7.313936e-04	2.891635e-03
1013          	2.130025e-03	3.192023e-04	7.310742e-04	2.886668e-03
1014          	2.131118e-03	3.200536e-04	7.358029e-04	2.911179e-03
1015          	2.131449e-03	3.185461e-04	7.303454e-04	2.877924e-03
1016          	2.133005e-03	3.180532e-04	7.304654e-04	2.880305e-03
1017          	2.134189e-03	3.188661e-04	7.343731e-04	2.904330e-03
1018          	2.135334e-03	3.177453e-04	7.306071e-04	2.879137e-03
1019          	2.135901e-03	3.169920e-04	7.302143e-04	2.873369e-03
1020          	2.136811e-03	3.178284e-04	7.349825e-04	2.897408e-03
1021          	2.136989e-03	3.162901e-04	7.294287e-04	2.862698e-03
1022          	2.137826e-03	3.157402e-04	7.292402e-04	2.860777e-03
1023          	2.139013e-03	3.165507e-04	7.331245e-04	2.886188e-03
1024          	2.141144e-03	3.154637e-04	7.297244e-04	2.867087e-03
1025          	2.141636e-03	3.147519e-04	7.294819e-04	2.860441e-03
1026          	2.142084e-03	3.155936e-04	7.341574e-04	2.881568e-03
1027          	2.141894e-03	3.140179e-04	7.285507e-04	2.846040e-03
1028          	2.142096e-03	3.134583e-04	7.284077e-04	2.843724e-03
1029          	2.142577e-03	3.142415e-04	7.322158e-04	2.868171e-03
1030          	2.143507e-03	3.131030e-04	7.285434e-04	2.845314e-03
1031          	2.143693e-03	3.123849e-04	7.283050e-04	2.840762e-03
1032          	2.144732e-03	3.132557e-04	7.333570e-04	2.868713e-03
1033          	2.144310e-03	3.117178e-04	7.278714e-04	2.832902e-03
1034          	2.144029e-03	3.111534e-04	7.276201e-04	2.828147e-03
1035          	2.144212e-03	3.118905e-04	7.313906e-04	2.852210e-03
1036          	2.144760e-03	3.107460e-04	7.277331e-04	2.829389e-03
1037          	2.144572e-03	3.100009e-04	7.273971e-04	2.823747e-03
1038          	2.144777e-03	3.108198e-04	7.321571e-04	2.847828e-03
1039          	2.144247e-03	3.092796e-04	7.266178e-04	2.813925e-03
1040          	2.144967e-03	3.087552e-04	7.267027e-04	2.815898e-03
1041          	2.145280e-03	3.095367e-04	7.306096e-04	2.839620e-03
1042          	2.145487e-03	3.083844e-04	7.267544e-04	2.814020e-03
1043          	2.145167e-03	3.075998e-04	7.262851e-04	2.807824e-03
1044          	2.145174e-03	3.084030e-04	7.310250e-04	2.831499e-03
1045          	2.144447e-03	3.068322e-04	7.253194e-04	2.796085e-03
1046          	2.144447e-03	3.062498e-04	7.249998e-04	2.793552e-03
1047          	2.144835e-03	3.070254e-04	7.287762e-04	2.818417e-03
1048          	2.146147e-03	3.059028e-04	7.252030e-04	2.798605e-03
1049          	2.145837e-03	3.051559e-04	7.248129e-04	2.791316e-03
1050          	2.145519e-03	3.059594e-04	7.293761e-04	2.811824e-03
1051          	2.144691e-03	3.043470e-04	7.235651e-04	2.775341e-03
1052          	2.144365e-03	3.037542e-04	7.232501e-04	2.772012e-03
1053          	2.144400e-03	3.045030e-04	7.269062e-04	2.795460e-03
1054          	2.144943e-03	3.033316e-04	7.230129e-04	2.771430e-03
1055          	2.144732e-03	3.025795e-04	7.225691e-04	2.765540e-03
1056          	2.145395e-03	3.034135e-04	7.274310e-04	2.792174e-03
1057          	2.144622e-03	3.018358e-04	7.216698e-04	2.754710e-03
1058          	2.143942e-03	3.012321e-04	7.211818e-04	2.748289e-03
1059          	2.143617e-03	3.019311e-04	7.247458e-04	2.770769e-03
1060          	2.143630e-03	3.007481e-04	7.208159e-04	2.746272e-03
1061          	2.142928e-03	2.999646e-04	7.202042e-04	2.738811e-03
1062          	2.142611e-03	3.007453e-04	7.247133e-04	2.760872e-03
1063          	2.141605e-03	2.991661e-04	7.188350e-04	2.724586e-03
1064          	2.141759e-03	2.986027e-04	7.186168e-04	2.724185e-03
1065          	2.141493e-03	2.993456e-04	7.222503e-04	2.745608e-03
1066          	2.141099e-03	2.981519e-04	7.180592e-04	2.717430e-03
1067          	2.140115e-03	2.973256e-04	7.172860e-04	2.708706e-03
1068          	2.139475e-03	2.980900e-04	7.217487e-04	2.730056e-03
1069          	2.138023e-03	2.964806e-04	7.156982e-04	2.692251e-03
1070          	2.137113e-03	2.958588e-04	7.150770e-04	2.687270e-03
1071          	2.136462e-03	2.965968e-04	7.185797e-04	2.709714e-03
1072          	2.136724e-03	2.954377e-04	7.146684e-04	2.687344e-03
1073          	2.135385e-03	2.946516e-04	7.139543e-04	2.677467e-03
1074          	2.133906e-03	2.954139e-04	7.182132e-04	2.695406e-03
1075          	2.131837e-03	2.937595e-04	7.120069e-04	2.656328e-03
1076          	2.130169e-03	2.931234e-04	7.113346e-04	2.650392e-03
1077          	2.128912e-03	2.938294e-04	7.146679e-04	2.671013e-03
1078          	2.128103e-03	2.926194e-04	7.104098e-04	2.643986e-03
1079          	2.126497e-03	2.918299e-04	7.096281e-04	2.635058e-03
1080          	2.125746e-03	2.926281e-04	7.142026e-04	2.658670e-03
1081          	2.123564e-03	2.910171e-04	7.080959e-04	2.618282e-03
1082          	2.121448e-03	2.903789e-04	7.072924e-04	2.608714e-03
1083          	2.119767e-03	2.910401e-04	7.105733e-04	2.627886e-03
1084          	2.118516e-03	2.898203e-04	7.063302e-04	2.599902e-03
1085          	2.116568e-03	2.890026e-04	7.054480e-04	2.588836e-03
1086          	2.114961e-03	2.897448e-04	7.097226e-04	2.607263e-03
1087          	2.112615e-03	2.881277e-04	7.035810e-04	2.567424e-03
1088          	2.111428e-03	2.875285e-04	7.031529e-04	2.563462e-03
1089          	2.109783e-03	2.882331e-04	7.066103e-04	2.581156e-03
1090          	2.108045e-03	2.870012e-04	7.022143e-04	2.549385e-03
1091          	2.105681e-03	2.861395e-04	7.012725e-04	2.537108e-03
1092          	2.103585e-03	2.868705e-04	7.056146e-04	2.554584e-03
1093          	2.100745e-03	2.852277e-04	6.994005e-04	2.513029e-03
1094          	2.098603e-03	2.845750e-04	6.986674e-04	2.504130e-03
1095          	2.096885e-03	2.852818e-04	7.020969e-04	2.522434e-03
1096          	2.096237e-03	2.840896e-04	6.980897e-04	2.496041e-03
1097          	2.094027e-03	2.832723e-04	6.973134e-04	2.482116e-03
1098          	2.091845e-03	2.840084e-04	7.015624e-04	2.495888e-03
1099          	2.089122e-03	2.823297e-04	6.952967e-04	2.452806e-03
1100          	2.086802e-03	2.816705e-04	6.946082e-04	2.442784e-03
1101          	2.084817e-03	2.823504e-04	6.979530e-04	2.459422e-03
1102          	2.083404e-03	2.811142e-04	6.936782e-04	2.428702e-03
1103          	2.081358e-03	2.803006e-04	6.929150e-04	2.416005e-03
1104          	2.080240e-03	2.810748e-04	6.975459e-04	2.435745e-03
1105          	2.077743e-03	2.794446e-04	6.914351e-04	2.391836e-03
1106          	2.075375e-03	2.787908e-04	6.906693e-04	2.378711e-03
1107          	2.073425e-03	2.794352e-04	6.940055e-04	2.394199e-03
1108          	2.071823e-03	2.782021e-04	6.897737e-04	2.363086e-03
1109          	2.069490e-03	2.773675e-04	6.889161e-04	2.348906e-03
1110          	2.067539e-03	2.780944e-04	6.932636e-04	2.364446e-03
1111          	2.064869e-03	2.764618e-04	6.871279e-04	2.322354e-03
1112          	2.063338e-03	2.758517e-04	6.867382e-04	2.315687e-03
1113          	2.061316e-03	2.765478e-04	6.902705e-04	2.330523e-03
1114          	2.059223e-03	2.753131e-04	6.859163e-04	2.296353e-03
1115          	2.056635e-03	2.744499e-04	6.850463e-04	2.281627e-03
1116          	2.054330e-03	2.751803e-04	6.894957e-04	2.296576e-03
1117          	2.051246e-03	2.735461e-04	6.833230e-04	2.253000e-03
1118          	2.048839e-03	2.729021e-04	6.826625e-04	2.242100e-03
1119          	2.046842e-03	2.736135e-04	6.861974e-04	2.258491e-03
1120          	2.045859e-03	2.724289e-04	6.822438e-04	2.230718e-03
1121          	2.043449e-03	2.716211e-04	6.815366e-04	2.215406e-03
1122          	2.041073e-03	2.723633e-04	6.858852e-04	2.227743e-03
1123          	2.038130e-03	2.706925e-04	6.796761e-04	2.183874e-03
1124          	2.035645e-03	2.700399e-04	6.790681e-04	2.172869e-03
1125          	2.033606e-03	2.707315e-04	6.825230e-04	2.188393e-03
1126          	2.032091e-03	2.695069e-04	6.782976e-04	2.156818e-03
1127          	2.029907e-03	2.687027e-04	6.776013e-04	2.143205e-03
1128          	2.028537e-03	2.694884e-04	6.823317e-04	2.161811e-03
1129          	2.025651e-03	2.678718e-04	6.762358e-04	2.117396e-03
1130          	2.022867e-03	2.672383e-04	6.755291e-04	2.103654e-03
1131          	2.020611e-03	2.679056e-04	6.789540e-04	2.118411e-03
1132          	2.018760e-03	2.666875e-04	6.747492e-04	2.086853e-03
1133          	2.016135e-03	2.658635e-04	6.739435e-04	2.072295e-03
1134          	2.013846e-03	2.665975e-04	6.783767e-04	2.087042e-03
1135          	2.010824e-03	2.649711e-04	6.722254e-04	2.044495e-03
1136          	2.009008e-03	2.643660e-04	6.718673e-04	2.037341e-03
1137          	2.006736e-03	2.650668e-04	6.754621e-04	2.051612e-03
1138          	2.004446e-03	2.638379e-04	6.710885e-04	2.017288e-03
1139          	2.001737e-03	2.629785e-04	6.702019e-04	2.002252e-03
1140          	1.999404e-03	2.637101e-04	6.746792e-04	2.016760e-03
1141          	1.996410e-03	2.620692e-04	6.684645e-04	1.973317e-03
1142          	1.994091e-03	2.614157e-04	6.677894e-04	1.962405e-03
1143          	1.992150e-03	2.621197e-04	6.713633e-04	1.978503e-03
1144          	1.991153e-03	2.609267e-04	6.673787e-04	1.950815e-03
1145          	1.988614e-03	2.601054e-04	6.666795e-04	1.935364e-03
1146          	1.985979e-03	2.608316e-04	6.710999e-04	1.947262e-03
1147          	1.982830e-03	2.591455e-04	6.648713e-04	1.903363e-03
1148          	1.980256e-03	2.584831e-04	6.643266e-04	1.892074e-03
1149          	1.978164e-03	2.591630e-04	6.678973e-04	1.906961e-03
1150          	1.976691e-03	2.579276e-04	6.637479e-04	1.875332e-03
1151          	1.974631e-03	2.571165e-04	6.631691e-04	1.861653e-03
1152          	1.973380e-03	2.578908e-04	6.681043e-04	1.879971e-03
1153          	1.970683e-03	2.562563e-04	6.621175e-04	1.835636e-03
1154          	1.968240e-03	2.556019e-04	6.615768e-04	1.821925e-03
1155          	1.966312e-03	2.562452e-04	6.652120e-04	1.836625e-03
1156          	1.964845e-03	2.550125e-04	6.611551e-04	1.805562e-03
1157          	1.962676e-03	2.541809e-04	6.605453e-04	1.791437e-03
1158          	1.961040e-03	2.549195e-04	6.652002e-04	1.806663e-03
1159          	1.958814e-03	2.533036e-04	6.591637e-04	1.765206e-03
1160          	1.957795e-03	2.527044e-04	6.589414e-04	1.758925e-03
1161          	1.956404e-03	2.534203e-04	6.626591e-04	1.774077e-03
1162          	1.955004e-03	2.522090e-04	6.583220e-04	1.741047e-03
1163          	1.953205e-03	2.513727e-04	6.575140e-04	1.727281e-03
1164          	1.951702e-03	2.521297e-04	6.621032e-04	1.743069e-03
1165          	1.949534e-03	2.505187e-04	6.558493e-04	1.701170e-03
1166          	1.947953e-03	2.499098e-04	6.551772e-04	1.691681e-03
1167          	1.946730e-03	2.506632e-04	6.587676e-04	1.709213e-03
1168          	1.946508e-03	2.495296e-04	6.547037e-04	1.683284e-03
1169          	1.944772e-03	2.487820e-04	6.539394e-04	1.669645e-03
1170          	1.943117e-03	2.495914e-04	6.583281e-04	1.683201e-03
1171          	1.941056e-03	2.479901e-04	6.519113e-04	1.641024e-03
1172          	1.939521e-03	2.474142e-04	6.512406e-04	1.631260e-03
1173          	1.938395e-03	2.481852e-04	6.547266e-04	1.647529e-03
1174          	1.937792e-03	2.470522e-04	6.503852e-04	1.617310e-03
1175          	1.936501e-03	2.463477e-04	6.496332e-04	1.604805e-03
1176          	1.936196e-03	2.472400e-04	6.544741e-04	1.624233e-03
1177          	1.934450e-03	2.457331e-04	6.482726e-04	1.581290e-03
1178          	1.932732e-03	2.452117e-04	6.475827e-04	1.568922e-03
1179          	1.931461e-03	2.459967e-04	6.511276e-04	1.584872e-03
1180          	1.930611e-03	2.449134e-04	6.469147e-04	1.555175e-03
1181          	1.929119e-03	2.442369e-04	6.461792e-04	1.542462e-03
1182          	1.927952e-03	2.451276e-04	6.508688e-04	1.559021e-03
1183          	1.926067e-03	2.436694e-04	6.447778e-04	1.519203e-03
1184          	1.925416e-03	2.432413e-04	6.446282e-04	1.514732e-03
1185          	1.924375e-03	2.441181e-04	6.485168e-04	1.531779e-03
1186          	1.923246e-03	2.430743e-04	6.442606e-04	1.501011e-03
1187          	1.921611e-03	2.423998e-04	6.435927e-04	1.489733e-03
1188          	1.920281e-03	2.433211e-04	6.484211e-04	1.508062e-03
1189          	1.918159e-03	2.418721e-04	6.423274e-04	1.469320e-03
1190          	1.916671e-03	2.414126e-04	6.419124e-04	1.463003e-03
1191          	1.915692e-03	2.423058e-04	6.458459e-04	1.483853e-03
1192          	1.915592e-03	2.413043e-04	6.420669e-04	1.461636e-03
1193          	1.913787e-03	2.406747e-04	6.416391e-04	1.451901e-03
1194          	1.911985e-03	2.415975e-04	6.464098e-04	1.469643e-03
1195          	1.909759e-03	2.401049e-04	6.402365e-04	1.432257e-03
1196          	1.908033e-03	2.396244e-04	6.398290e-04	1.427510e-03
1197          	1.906625e-03	2.404837e-04	6.436383e-04	1.448876e-03
1198          	1.905686e-03	2.394346e-04	6.395254e-04	1.424101e-03
1199          	1.903959e-03	2.388151e-04	6.390185e-04	1.417180e-03
1200          	1.903156e-03	2.397805e-04	6.441461e-04	1.442132e-03
1201          	1.900985e-03	2.383338e-04	6.381043e-04	1.405007e-03
1202          	1.898941e-03	2.378653e-04	6.376025e-04	1.398259e-03
1203          	1.897332e-03	2.386959e-04	6.414019e-04	1.419875e-03
1204          	1.896170e-03	2.376534e-04	6.372972e-04	1.396072e-03
1205          	1.894287e-03	2.370170e-04	6.367228e-04	1.389231e-03
1206          	1.892700e-03	2.379478e-04	6.415869e-04	1.411641e-03
1207          	1.890467e-03	2.365234e-04	6.355472e-04	1.377811e-03
1208          	1.889450e-03	2.361225e-04	6.354872e-04	1.379163e-03
1209          	1.887929e-03	2.370295e-04	6.395598e-04	1.401973e-03
1210          	1.886205e-03	2.360130e-04	6.353654e-04	1.377104e-03
1211          	1.883881e-03	2.353717e-04	6.348171e-04	1.371323e-03
1212          	1.881794e-03	2.363275e-04	6.398402e-04	1.394953e-03
1213          	1.878855e-03	2.349107e-04	6.337813e-04	1.361569e-03
1214          	1.876420e-03	2.344826e-04	6.335020e-04	1.360401e-03
1215          	1.874370e-03	2.353988e-04	6.376067e-04	1.386200e-03
1216          	1.873518e-03	2.344264e-04	6.338858e-04	1.368738e-03
1217          	1.871201e-03	2.338226e-04	6.335743e-04	1.363469e-03
1218          	1.868966e-03	2.347728e-04	6.385639e-04	1.385362e-03
1219          	1.866414e-03	2.333073e-04	6.325208e-04	1.352245e-03
1220          	1.864520e-03	2.328555e-04	6.323743e-04	1.351665e-03
1221          	1.863038e-03	2.337417e-04	6.364415e-04	1.377155e-03
1222          	1.862107e-03	2.327125e-04	6.325055e-04	1.356880e-03
1223          	1.860428e-03	2.321074e-04	6.322430e-04	1.354601e-03
1224          	1.859508e-03	2.330916e-04	6.376706e-04	1.384081e-03
1225          	1.857089e-03	2.316685e-04	6.317981e-04	1.351930e-03
1226          	1.854724e-03	2.312170e-04	6.315462e-04	1.350279e-03
1227          	1.852612e-03	2.320595e-04	6.356035e-04	1.376940e-03
1228          	1.850734e-03	2.310398e-04	6.316749e-04	1.358212e-03
1229          	1.848250e-03	2.304072e-04	6.312396e-04	1.356215e-03
1230          	1.846275e-03	2.313397e-04	6.362490e-04	1.383055e-03
1231          	1.843589e-03	2.299122e-04	6.301713e-04	1.353465e-03
1232          	1.842220e-03	2.294922e-04	6.301311e-04	1.358710e-03
1233          	1.840551e-03	2.303597e-04	6.341889e-04	1.384920e-03
1234          	1.838726e-03	2.292967e-04	6.299138e-04	1.363336e-03
1235          	1.836176e-03	2.285998e-04	6.292739e-04	1.360621e-03
1236          	1.833842e-03	2.294866e-04	6.341743e-04	1.386936e-03
1237          	1.830705e-03	2.279984e-04	6.278548e-04	1.356175e-03
1238          	1.828174e-03	2.274984e-04	6.273783e-04	1.357265e-03
1239          	1.825886e-03	2.283494e-04	6.313171e-04	1.384804e-03
1240          	1.824496e-03	2.273194e-04	6.273341e-04	1.369167e-03
1241          	1.821461e-03	2.266590e-04	6.267551e-04	1.365678e-03
1242          	1.818308e-03	2.275400e-04	6.314790e-04	1.389399e-03
1243          	1.814690e-03	2.260098e-04	6.249882e-04	1.358478e-03
1244          	1.811599e-03	2.254988e-04	6.244273e-04	1.359704e-03
1245          	1.808843e-03	2.263261e-04	6.281419e-04	1.386689e-03
1246          	1.806581e-03	2.252469e-04	6.237118e-04	1.367764e-03
1247          	1.803617e-03	2.245825e-04	6.229965e-04	1.366342e-03
1248          	1.801641e-03	2.255053e-04	6.280290e-04	1.396305e-03
1249          	1.798316e-03	2.240204e-04	6.215992e-04	1.364617e-03
1250          	1.794996e-03	2.235034e-04	6.208405e-04	1.362914e-03
1251          	1.792136e-03	2.242805e-04	6.244426e-04	1.389008e-03
1252          	1.789662e-03	2.231794e-04	6.199659e-04	1.369722e-03
1253          	1.786425e-03	2.224695e-04	6.190614e-04	1.366887e-03
1254          	1.783613e-03	2.233168e-04	6.236956e-04	1.392749e-03
1255          	1.780047e-03	2.218056e-04	6.171324e-04	1.362646e-03
1256          	1.777497e-03	2.213108e-04	6.166756e-04	1.366964e-03
1257          	1.774570e-03	2.221129e-04	6.203481e-04	1.392300e-03
1258          	1.771447e-03	2.209912e-04	6.155687e-04	1.370335e-03
1259          	1.767698e-03	2.202399e-04	6.144885e-04	1.367109e-03
1260          	1.764169e-03	2.210719e-04	6.190769e-04	1.392833e-03
1261          	1.759824e-03	2.195345e-04	6.123439e-04	1.361860e-03
1262          	1.756091e-03	2.189821e-04	6.114766e-04	1.362612e-03
1263          	1.752746e-03	2.197806e-04	6.150453e-04	1.389901e-03
1264          	1.750452e-03	2.186980e-04	6.105844e-04	1.374273e-03
1265          	1.746721e-03	2.179803e-04	6.095495e-04	1.370694e-03
1266          	1.743052e-03	2.188006e-04	6.138850e-04	1.393911e-03
1267          	1.738862e-03	2.172075e-04	6.068887e-04	1.362424e-03
1268          	1.735275e-03	2.166275e-04	6.058630e-04	1.363000e-03
1269          	1.732134e-03	2.173805e-04	6.091620e-04	1.389200e-03
1270          	1.729475e-03	2.162246e-04	6.042658e-04	1.369741e-03
1271          	1.726173e-03	2.154829e-04	6.031472e-04	1.367739e-03
1272          	1.723574e-03	2.163172e-04	6.077727e-04	1.397004e-03
1273          	1.719497e-03	2.147456e-04	6.007886e-04	1.364856e-03
1274          	1.715572e-03	2.141532e-04	5.995398e-04	1.362626e-03
1275          	1.712123e-03	2.148559e-04	6.026710e-04	1.388059e-03
1276          	1.709009e-03	2.136819e-04	5.976245e-04	1.368427e-03
1277          	1.705128e-03	2.129037e-04	5.961934e-04	1.365236e-03
1278          	1.701513e-03	2.136842e-04	6.003526e-04	1.390417e-03
1279          	1.697142e-03	2.121004e-04	5.931931e-04	1.359795e-03
1280          	1.693864e-03	2.115291e-04	5.921555e-04	1.363434e-03
1281          	1.690143e-03	2.122568e-04	5.953248e-04	1.387917e-03
1282          	1.686353e-03	2.110629e-04	5.899338e-04	1.364937e-03
1283          	1.681826e-03	2.102262e-04	5.882892e-04	1.360764e-03
1284          	1.677543e-03	2.109701e-04	5.923387e-04	1.385261e-03
1285          	1.672364e-03	2.093395e-04	5.849209e-04	1.353183e-03
1286          	1.667776e-03	2.086944e-04	5.834112e-04	1.352630e-03
1287          	1.663464e-03	2.093973e-04	5.863745e-04	1.378202e-03
1288          	1.659998e-03	2.082075e-04	5.813001e-04	1.361069e-03
1289          	1.654924e-03	2.073872e-04	5.796744e-04	1.355889e-03
1290          	1.649794e-03	2.081209e-04	5.835060e-04	1.377425e-03
1291          	1.644071e-03	2.064440e-04	5.759686e-04	1.344517e-03
1292          	1.638720e-03	2.057832e-04	5.744388e-04	1.343547e-03
1293          	1.633530e-03	2.064626e-04	5.772865e-04	1.368190e-03
1294          	1.628674e-03	2.052257e-04	5.718865e-04	1.347420e-03
1295          	1.622930e-03	2.044092e-04	5.702400e-04	1.344326e-03
1296          	1.618016e-03	2.051818e-04	5.744662e-04	1.372440e-03
1297          	1.611781e-03	2.035444e-04	5.670516e-04	1.339316e-03
1298          	1.605712e-03	2.028803e-04	5.654375e-04	1.335999e-03
1299          	1.600075e-03	2.035112e-04	5.682853e-04	1.360431e-03
1300          	1.594730e-03	2.022646e-04	5.629644e-04	1.340075e-03
1301          	1.588564e-03	2.014138e-04	5.612979e-04	1.336079e-03
1302          	1.582686e-03	2.021228e-04	5.652772e-04	1.360522e-03
1303          	1.576097e-03	2.004766e-04	5.579143e-04	1.329550e-03
1304          	1.570646e-03	1.998481e-04	5.567718e-04	1.332889e-03
1305          	1.564804e-03	2.005181e-04	5.598566e-04	1.356812e-03
1306          	1.558954e-03	1.992667e-04	5.544085e-04	1.333545e-03
1307          	1.552679e-03	1.983870e-04	5.527289e-04	1.328995e-03
1308          	1.546770e-03	1.991018e-04	5.568140e-04	1.353099e-03
1309          	1.540171e-03	1.974501e-04	5.493962e-04	1.320654e-03
1310          	1.534148e-03	1.967890e-04	5.479693e-04	1.319654e-03
1311          	1.528503e-03	1.974749e-04	5.510844e-04	1.344806e-03
1312          	1.523930e-03	1.962744e-04	5.460968e-04	1.327422e-03
1313          	1.517917e-03	1.954504e-04	5.446314e-04	1.321871e-03
1314          	1.511943e-03	1.961667e-04	5.486019e-04	1.342840e-03
1315          	1.505456e-03	1.944684e-04	5.411187e-04	1.309582e-03
1316          	1.499486e-03	1.937927e-04	5.397150e-04	1.308006e-03
1317          	1.493836e-03	1.944554e-04	5.427227e-04	1.332016e-03
1318          	1.488670e-03	1.932075e-04	5.373996e-04	1.310643e-03
1319          	1.482838e-03	1.923746e-04	5.358454e-04	1.306471e-03
1320          	1.477908e-03	1.931233e-04	5.401690e-04	1.333272e-03
1321          	1.471589e-03	1.914674e-04	5.327607e-04	1.299167e-03
1322          	1.465402e-03	1.907934e-04	5.311702e-04	1.294677e-03
1323          	1.459549e-03	1.914142e-04	5.340340e-04	1.317561e-03
1324          	1.454032e-03	1.901631e-04	5.286835e-04	1.295503e-03
1325          	1.447791e-03	1.893064e-04	5.269804e-04	1.289674e-03
1326          	1.441907e-03	1.900112e-04	5.308914e-04	1.312148e-03
1327          	1.435318e-03	1.883631e-04	5.233496e-04	1.279230e-03
1328          	1.429837e-03	1.877346e-04	5.220607e-04	1.280423e-03
1329          	1.423935e-03	1.884055e-04	5.250125e-04	1.302221e-03
1330          	1.417931e-03	1.871575e-04	5.193517e-04	1.276990e-03
1331          	1.411268e-03	1.862726e-04	5.174472e-04	1.270360e-03
1332          	1.404819e-03	1.869791e-04	5.213351e-04	1.292424e-03
1333          	1.397657e-03	1.853154e-04	5.136319e-04	1.258396e-03
1334          	1.391246e-03	1.846416e-04	5.119227e-04	1.255658e-03
1335          	1.385229e-03	1.853171e-04	5.147669e-04	1.279027e-03
1336          	1.380322e-03	1.841117e-04	5.094199e-04	1.260139e-03
1337          	1.373949e-03	1.832807e-04	5.076083e-04	1.253241e-03
1338          	1.367636e-03	1.839966e-04	5.112896e-04	1.272970e-03
1339          	1.360833e-03	1.822978e-04	5.034439e-04	1.238784e-03
1340          	1.354464e-03	1.816215e-04	5.017301e-04	1.236249e-03
1341          	1.348509e-03	1.822805e-04	5.044463e-04	1.259228e-03
1342          	1.343104e-03	1.810342e-04	4.987966e-04	1.237283e-03
1343          	1.337139e-03	1.802096e-04	4.969892e-04	1.232707e-03
1344          	1.332123e-03	1.809741e-04	5.010769e-04	1.259148e-03
1345          	1.325684e-03	1.793387e-04	4.934013e-04	1.225075e-03
1346          	1.319437e-03	1.786819e-04	4.916053e-04	1.220768e-03
1347          	1.313652e-03	1.793180e-04	4.943064e-04	1.243819e-03
1348          	1.308273e-03	1.780853e-04	4.887393e-04	1.222364e-03
1349          	1.302226e-03	1.772497e-04	4.868792e-04	1.217134e-03
1350          	1.296595e-03	1.779767e-04	4.907163e-04	1.240194e-03
1351          	1.290322e-03	1.763531e-04	4.830697e-04	1.208098e-03
1352          	1.285322e-03	1.757482e-04	4.817145e-04	1.210180e-03
1353          	1.279981e-03	1.764450e-04	4.846375e-04	1.232846e-03
1354          	1.274642e-03	1.752247e-04	4.789049e-04	1.208550e-03
1355          	1.268791e-03	1.743771e-04	4.769493e-04	1.202634e-03
1356          	1.263258e-03	1.751256e-04	4.808360e-04	1.225155e-03
1357          	1.256996e-03	1.735085e-04	4.730904e-04	1.191735e-03
1358          	1.251328e-03	1.728832e-04	4.713668e-04	1.189421e-03
1359          	1.246062e-03	1.736081e-04	4.742108e-04	1.213083e-03
1360          	1.241799e-03	1.724524e-04	4.688497e-04	1.194481e-03
1361          	1.236015e-03	1.716659e-04	4.670472e-04	1.187652e-03
1362          	1.230234e-03	1.724288e-04	4.707388e-04	1.207140e-03
1363          	1.223994e-03	1.707882e-04	4.628519e-04	1.172702e-03
1364          	1.218241e-03	1.701759e-04	4.610892e-04	1.169631e-03
1365          	1.212853e-03	1.709017e-04	4.637518e-04	1.191801e-03
1366          	1.207972e-03	1.697242e-04	4.580317e-04	1.168976e-03
1367          	1.202400e-03	1.689693e-04	4.561431e-04	1.163402e-03
1368          	1.197705e-03	1.698006e-04	4.601923e-04	1.188608e-03
1369          	1.191646e-03	1.682282e-04	4.524060e-04	1.153382e-03
1370          	1.185677e-03	1.676379e-04	4.504958e-04	1.147581e-03
1371          	1.180117e-03	1.683437e-04	4.530948e-04	1.169188e-03
1372          	1.174944e-03	1.671870e-04	4.473652e-04	1.146398e-03
1373          	1.169163e-03	1.664287e-04	4.453439e-04	1.139810e-03
1374          	1.163859e-03	1.672324e-04	4.490369e-04	1.161417e-03
1375          	1.157942e-03	1.656899e-04	4.411897e-04	1.128144e-03
1376          	1.153273e-03	1.651692e-04	4.396714e-04	1.128871e-03
1377          	1.148302e-03	1.659487e-04	4.424655e-04	1.150200e-03
1378          	1.143285e-03	1.648094e-04	4.365839e-04	1.124912e-03
1379          	1.137780e-03	1.640374e-04	4.345006e-04	1.118144e-03
1380          	1.132613e-03	1.648596e-04	4.382692e-04	1.139855e-03
1381          	1.126779e-03	1.633142e-04	4.303957e-04	1.105926e-03
1382          	1.121668e-03	1.627588e-04	4.285953e-04	1.103195e-03
1383          	1.117003e-03	1.635553e-04	4.313825e-04	1.126484e-03
1384          	1.113369e-03	1.624721e-04	4.259769e-04	1.107715e-03
1385          	1.108279e-03	1.617591e-04	4.241505e-04	1.100828e-03
1386          	1.103253e-03	1.625960e-04	4.278797e-04	1.120344e-03
1387          	1.097798e-03	1.610240e-04	4.200049e-04	1.086147e-03
1388          	1.092886e-03	1.604758e-04	4.183109e-04	1.083425e-03
1389          	1.088436e-03	1.612638e-04	4.210747e-04	1.105986e-03
1390          	1.084584e-03	1.601517e-04	4.154309e-04	1.083824e-03
1391          	1.080142e-03	1.594584e-04	4.136660e-04	1.078953e-03
1392          	1.076614e-03	1.603509e-04	4.178766e-04	1.104899e-03
1393          	1.071715e-03	1.588390e-04	4.102183e-04	1.070587e-03
1394          	1.067022e-03	1.583060e-04	4.084792e-04	1.065746e-03
1395          	1.062815e-03	1.590689e-04	4.112848e-04	1.088190e-03
1396          	1.059022e-03	1.579643e-04	4.057590e-04	1.066319e-03
1397          	1.054562e-03	1.572547e-04	4.039637e-04	1.060633e-03
1398          	1.050551e-03	1.581042e-04	4.079259e-04	1.083123e-03
1399          	1.045932e-03	1.566026e-04	4.003295e-04	1.050759e-03
1400          	1.042569e-03	1.561208e-04	3.990937e-04	1.052300e-03
1401          	1.038892e-03	1.569338e-04	4.021726e-04	1.074382e-03
1402          	1.035241e-03	1.558303e-04	3.965857e-04	1.049887e-03
1403          	1.031108e-03	1.550917e-04	3.948311e-04	1.043835e-03
1404          	1.027293e-03	1.559415e-04	3.989434e-04	1.066191e-03
1405          	1.022792e-03	1.544257e-04	3.913559e-04	1.032904e-03
1406          	1.019013e-03	1.539003e-04	3.898586e-04	1.030680e-03
1407          	1.015663e-03	1.547221e-04	3.929853e-04	1.054365e-03
1408          	1.013366e-03	1.536638e-04	3.878841e-04	1.035988e-03
1409          	1.009597e-03	1.529768e-04	3.863669e-04	1.029375e-03
1410          	1.005838e-03	1.538390e-04	3.904233e-04	1.049105e-03
1411          	1.001609e-03	1.522940e-04	3.828502e-04	1.015166e-03
1412          	9.978972e-04	1.517691e-04	3.814708e-04	1.012578e-03
1413          	9.945956e-04	1.525766e-04	3.845757e-04	1.035169e-03
1414          	9.918742e-04	1.514822e-04	3.792350e-04	1.012940e-03
1415          	9.885496e-04	1.508068e-04	3.777647e-04	1.007841e-03
1416          	9.861348e-04	1.517140e-04	3.822872e-04	1.033473e-03
1417          	9.823977e-04	1.502199e-04	3.749137e-04	9.988342e-04
