# Region type : patch ent
# Faces  :    144
# Area   :    1.250000e-07
# Time        	areaAverage(p)
0             	0.000000e+00
1             	-7.315695e+00
2             	-2.926278e+00
3             	-1.170511e+00
4             	-4.682045e-01
5             	-1.872818e-01
6             	-7.491272e-02
7             	-2.996509e-02
8             	-1.198603e-02
9             	-4.794414e-03
10            	-1.917766e-03
11            	-7.671062e-04
12            	-3.068425e-04
13            	-1.227370e-04
14            	-4.909480e-05
15            	-1.963792e-05
16            	-7.855168e-06
17            	-3.142067e-06
18            	-1.256827e-06
19            	-5.027307e-07
20            	-2.010923e-07
21            	-8.043692e-08
22            	-3.217477e-08
23            	-1.286991e-08
24            	-5.147963e-09
25            	-2.059185e-09
26            	-8.236740e-10
27            	-3.294696e-10
28            	-1.317878e-10
29            	-5.271514e-11
30            	-2.108606e-11
31            	-8.434422e-12
32            	-3.373769e-12
33            	-1.349508e-12
34            	-5.398030e-13
35            	-2.159212e-13
36            	-8.636848e-14
37            	-3.454739e-14
38            	-1.381896e-14
39            	-5.527583e-15
40            	-2.211033e-15
41            	-8.844133e-16
42            	-3.537653e-16
43            	-1.415061e-16
44            	-5.660245e-17
45            	-2.264098e-17
46            	-9.056392e-18
47            	-3.622557e-18
48            	-1.449023e-18
49            	-5.796091e-19
50            	-2.318436e-19
51            	-9.273745e-20
52            	-3.709498e-20
53            	-1.483799e-20
54            	-5.935197e-21
55            	-2.374079e-21
56            	-9.496315e-22
57            	-3.798526e-22
58            	-1.519410e-22
59            	-6.077642e-23
60            	-2.431057e-23
61            	-9.724227e-24
62            	-3.889691e-24
63            	-1.555876e-24
64            	-6.223505e-25
65            	-2.489402e-25
66            	-9.957608e-26
67            	-3.983043e-26
68            	-1.593217e-26
69            	-6.372869e-27
70            	-2.549148e-27
71            	-1.019659e-27
72            	-4.078636e-28
73            	-1.631455e-28
74            	-6.525818e-29
75            	-2.610327e-29
76            	-1.044131e-29
77            	-4.176524e-30
78            	-1.670609e-30
79            	-6.682438e-31
80            	-2.672975e-31
81            	-1.069190e-31
82            	-4.276760e-32
83            	-1.710704e-32
84            	-6.842816e-33
85            	-2.737126e-33
86            	-1.094851e-33
87            	-4.379402e-34
88            	-1.751761e-34
89            	-7.007044e-35
90            	-2.802818e-35
91            	-1.121127e-35
92            	-4.484508e-36
93            	-1.793803e-36
94            	-7.175213e-37
95            	-2.870085e-37
96            	-1.148034e-37
97            	-4.592136e-38
98            	-1.836854e-38
99            	-7.347418e-39
100           	-2.938967e-39
101           	-1.175587e-39
102           	-4.702347e-40
103           	-1.880939e-40
104           	-7.523756e-41
105           	-3.009502e-41
106           	-1.203801e-41
107           	-4.815204e-42
108           	-1.926082e-42
109           	-7.704326e-43
110           	-3.081730e-43
111           	-1.232692e-43
112           	-4.930769e-44
113           	-1.972307e-44
114           	-7.889230e-45
115           	-3.155692e-45
116           	-1.262277e-45
117           	-5.049107e-46
118           	-2.019643e-46
119           	-8.078571e-47
120           	-3.231429e-47
121           	-1.292571e-47
122           	-5.170286e-48
123           	-2.068114e-48
124           	-8.272457e-49
125           	-3.308983e-49
126           	-1.323593e-49
127           	-5.294373e-50
128           	-2.117749e-50
129           	-8.470996e-51
130           	-3.388398e-51
131           	-1.355359e-51
132           	-5.421438e-52
133           	-2.168575e-52
134           	-8.674300e-53
135           	-3.469720e-53
136           	-1.387888e-53
137           	-5.551552e-54
138           	-2.220621e-54
139           	-8.882483e-55
140           	-3.552993e-55
141           	-1.421197e-55
142           	-5.684789e-56
143           	-2.273916e-56
144           	-9.095663e-57
145           	-3.638265e-57
146           	-1.455306e-57
147           	-5.821224e-58
148           	-2.328490e-58
149           	-9.313959e-59
150           	-3.725584e-59
151           	-1.490233e-59
152           	-5.960934e-60
153           	-2.384373e-60
154           	-9.537494e-61
155           	-3.814998e-61
156           	-1.525999e-61
157           	-6.103996e-62
158           	-2.441598e-62
159           	-9.766394e-63
160           	-3.906557e-63
161           	-1.562623e-63
162           	-6.250492e-64
163           	-2.500197e-64
164           	-1.000079e-64
165           	-4.000315e-65
166           	-1.600126e-65
167           	-6.400504e-66
168           	-2.560201e-66
169           	-1.024081e-66
170           	-4.096322e-67
171           	-1.638529e-67
172           	-6.554116e-68
173           	-2.621646e-68
174           	-1.048659e-68
175           	-4.194634e-69
176           	-1.677854e-69
177           	-6.711415e-70
178           	-2.684566e-70
179           	-1.073826e-70
180           	-4.295305e-71
181           	-1.718122e-71
182           	-6.872489e-72
183           	-2.748995e-72
184           	-1.099598e-72
185           	-4.398393e-73
186           	-1.759357e-73
187           	-7.037428e-74
188           	-2.814971e-74
189           	-1.125989e-74
190           	-4.503954e-75
191           	-1.801582e-75
192           	-7.206327e-76
193           	-2.882531e-76
194           	-1.153012e-76
195           	-4.612049e-77
196           	-1.844820e-77
197           	-7.379278e-78
198           	-2.951711e-78
199           	-1.180685e-78
200           	-4.722738e-79
201           	-1.889095e-79
202           	-7.556381e-80
203           	-3.022552e-80
204           	-1.209021e-80
205           	-4.836084e-81
206           	-1.934434e-81
207           	-7.737734e-82
208           	-3.095094e-82
209           	-1.238037e-82
210           	-4.952150e-83
211           	-1.980860e-83
212           	-7.923440e-84
213           	-3.169376e-84
214           	-1.267750e-84
215           	-5.071002e-85
216           	-2.028401e-85
217           	-8.113602e-86
218           	-3.245441e-86
219           	-1.298176e-86
220           	-5.192706e-87
221           	-2.077082e-87
222           	-8.308329e-88
223           	-3.323332e-88
224           	-1.329333e-88
225           	-5.317330e-89
226           	-2.126932e-89
227           	-8.507729e-90
228           	-3.403092e-90
229           	-1.361237e-90
230           	-5.444946e-91
231           	-2.177979e-91
232           	-8.711914e-92
233           	-3.484766e-92
234           	-1.393906e-92
235           	-5.575625e-93
236           	-2.230250e-93
237           	-8.921000e-94
238           	-3.568400e-94
239           	-1.427360e-94
240           	-5.709440e-95
241           	-2.283776e-95
242           	-9.135104e-96
243           	-3.654042e-96
244           	-1.461617e-96
245           	-5.846467e-97
246           	-2.338587e-97
247           	-9.354347e-98
248           	-3.741739e-98
249           	-1.496695e-98
250           	-5.986782e-99
251           	-2.394713e-99
252           	-9.578851e-100
253           	-3.831540e-100
254           	-1.532616e-100
255           	-6.130465e-101
256           	-2.452186e-101
257           	-9.808743e-102
258           	-3.923497e-102
259           	-1.569399e-102
260           	-6.277596e-103
261           	-2.511038e-103
262           	-1.004415e-103
263           	-4.017661e-104
264           	-1.607065e-104
265           	-6.428258e-105
266           	-2.571303e-105
267           	-1.028521e-105
268           	-4.114085e-106
269           	-1.645634e-106
270           	-6.582536e-107
271           	-2.633015e-107
272           	-1.053206e-107
273           	-4.212823e-108
274           	-1.685129e-108
275           	-6.740517e-109
276           	-2.696207e-109
277           	-1.078483e-109
278           	-4.313931e-110
279           	-1.725572e-110
280           	-6.902290e-111
281           	-2.760916e-111
282           	-1.104366e-111
283           	-4.417465e-112
284           	-1.766986e-112
285           	-7.067945e-113
286           	-2.827178e-113
287           	-1.130871e-113
288           	-4.523484e-114
289           	-1.809394e-114
290           	-7.237575e-115
291           	-2.895030e-115
292           	-1.158012e-115
293           	-4.632048e-116
294           	-1.852819e-116
295           	-7.411277e-117
296           	-2.964511e-117
297           	-1.185804e-117
298           	-4.743217e-118
299           	-1.897287e-118
300           	-7.589148e-119
301           	-3.035659e-119
302           	-1.214264e-119
303           	-4.857054e-120
304           	-1.942822e-120
305           	-7.771287e-121
306           	-3.108515e-121
307           	-1.243406e-121
308           	-4.973624e-122
309           	-1.989450e-122
310           	-7.957798e-123
311           	-3.183119e-123
312           	-1.273248e-123
313           	-5.092991e-124
314           	-2.037196e-124
315           	-8.148785e-125
316           	-3.259514e-125
317           	-1.303806e-125
318           	-5.215223e-126
319           	-2.086089e-126
320           	-8.344356e-127
321           	-3.337742e-127
322           	-1.335097e-127
323           	-5.340388e-128
324           	-2.136155e-128
325           	-8.544621e-129
326           	-3.417848e-129
327           	-1.367139e-129
328           	-5.468557e-130
329           	-2.187423e-130
330           	-8.749692e-131
331           	-3.499877e-131
332           	-1.399951e-131
333           	-5.599803e-132
334           	-2.239921e-132
335           	-8.959684e-133
336           	-3.583874e-133
337           	-1.433549e-133
338           	-5.734198e-134
339           	-2.293679e-134
340           	-9.174717e-135
341           	-3.669887e-135
342           	-1.467955e-135
343           	-5.871819e-136
344           	-2.348727e-136
345           	-9.394910e-137
346           	-3.757964e-137
347           	-1.503186e-137
348           	-6.012742e-138
349           	-2.405097e-138
350           	-9.620388e-139
351           	-3.848155e-139
352           	-1.539262e-139
353           	-6.157048e-140
354           	-2.462819e-140
355           	-9.851277e-141
356           	-3.940511e-141
357           	-1.576204e-141
358           	-6.304817e-142
359           	-2.521927e-142
360           	-1.008771e-142
361           	-4.035083e-143
362           	-1.614033e-143
363           	-6.456133e-144
364           	-2.582453e-144
365           	-1.032981e-144
366           	-4.131925e-145
367           	-1.652770e-145
368           	-6.611080e-146
369           	-2.644432e-146
370           	-1.057773e-146
371           	-4.231091e-147
372           	-1.692436e-147
373           	-6.769746e-148
374           	-2.707898e-148
375           	-1.083159e-148
376           	-4.332637e-149
377           	-1.733055e-149
378           	-6.932220e-150
379           	-2.772888e-150
380           	-1.109155e-150
381           	-4.436621e-151
382           	-1.774648e-151
383           	-7.098593e-152
384           	-2.839437e-152
385           	-1.135775e-152
386           	-4.543100e-153
387           	-1.817240e-153
388           	-7.268959e-154
389           	-2.907584e-154
390           	-1.163033e-154
391           	-4.652134e-155
392           	-1.860854e-155
393           	-7.443414e-156
394           	-2.977366e-156
395           	-1.190946e-156
396           	-4.763785e-157
397           	-1.905514e-157
398           	-7.622056e-158
399           	-3.048823e-158
400           	-1.219529e-158
401           	-4.878116e-159
402           	-1.951246e-159
403           	-7.804986e-160
404           	-3.121994e-160
405           	-1.248798e-160
406           	-4.995191e-161
407           	-1.998076e-161
408           	-7.992305e-162
409           	-3.196922e-162
410           	-1.278769e-162
411           	-5.115075e-163
412           	-2.046030e-163
413           	-8.184121e-164
414           	-3.273648e-164
415           	-1.309459e-164
416           	-5.237837e-165
417           	-2.095135e-165
418           	-8.380540e-166
419           	-3.352216e-166
420           	-1.340886e-166
421           	-5.363545e-167
422           	-2.145418e-167
423           	-8.581672e-168
424           	-3.432669e-168
425           	-1.373068e-168
426           	-5.492270e-169
427           	-2.196908e-169
428           	-8.787633e-170
429           	-3.515053e-170
430           	-1.406021e-170
431           	-5.624085e-171
432           	-2.249634e-171
433           	-8.998536e-172
434           	-3.599414e-172
435           	-1.439766e-172
436           	-5.759063e-173
437           	-2.303625e-173
438           	-9.214501e-174
439           	-3.685800e-174
440           	-1.474320e-174
441           	-5.897280e-175
442           	-2.358912e-175
443           	-9.435649e-176
444           	-3.774259e-176
445           	-1.509704e-176
446           	-6.038815e-177
447           	-2.415526e-177
448           	-9.662104e-178
449           	-3.864842e-178
450           	-1.545937e-178
451           	-6.183747e-179
452           	-2.473499e-179
453           	-9.893995e-180
454           	-3.957598e-180
455           	-1.583039e-180
456           	-6.332157e-181
457           	-2.532863e-181
458           	-1.013145e-181
459           	-4.052580e-182
460           	-1.621032e-182
461           	-6.484128e-183
462           	-2.593651e-183
463           	-1.037461e-183
464           	-4.149842e-184
465           	-1.659937e-184
466           	-6.639747e-185
467           	-2.655899e-185
468           	-1.062360e-185
469           	-4.249438e-186
470           	-1.699775e-186
471           	-6.799101e-187
472           	-2.719641e-187
473           	-1.087856e-187
474           	-4.351425e-188
475           	-1.740570e-188
476           	-6.962280e-189
477           	-2.784912e-189
478           	-1.113965e-189
479           	-4.455859e-190
480           	-1.782344e-190
481           	-7.129375e-191
482           	-2.851750e-191
483           	-1.140700e-191
484           	-4.562800e-192
485           	-1.825120e-192
486           	-7.300480e-193
487           	-2.920192e-193
488           	-1.168077e-193
489           	-4.672307e-194
490           	-1.868923e-194
491           	-7.475691e-195
492           	-2.990276e-195
493           	-1.196111e-195
494           	-4.784442e-196
495           	-1.913777e-196
496           	-7.655108e-197
497           	-3.062043e-197
498           	-1.224817e-197
499           	-4.899269e-198
500           	-1.959708e-198
501           	-7.838830e-199
502           	-3.135532e-199
503           	-1.254213e-199
504           	-5.016851e-200
505           	-2.006741e-200
506           	-8.026962e-201
507           	-3.210785e-201
508           	-1.284314e-201
509           	-5.137256e-202
510           	-2.054902e-202
511           	-8.219609e-203
512           	-3.287844e-203
513           	-1.315137e-203
514           	-5.260550e-204
515           	-2.104220e-204
516           	-8.416880e-205
517           	-3.366752e-205
518           	-1.346701e-205
519           	-5.386803e-206
520           	-2.154721e-206
521           	-8.618885e-207
522           	-3.447554e-207
523           	-1.379022e-207
524           	-5.516086e-208
525           	-2.206435e-208
526           	-8.825738e-209
527           	-3.530295e-209
528           	-1.412118e-209
529           	-5.648472e-210
530           	-2.259389e-210
531           	-9.037556e-211
532           	-3.615022e-211
533           	-1.446009e-211
534           	-5.784036e-212
535           	-2.313614e-212
536           	-9.254457e-213
537           	-3.701783e-213
538           	-1.480713e-213
539           	-5.922853e-214
540           	-2.369141e-214
541           	-9.476564e-215
542           	-3.790626e-215
543           	-1.516250e-215
544           	-6.065001e-216
545           	-2.426000e-216
546           	-9.704002e-217
547           	-3.881601e-217
548           	-1.552640e-217
549           	-6.210561e-218
550           	-2.484224e-218
551           	-9.936898e-219
552           	-3.974759e-219
553           	-1.589904e-219
554           	-6.359615e-220
555           	-2.543846e-220
556           	-1.017538e-220
557           	-4.070153e-221
558           	-1.628061e-221
559           	-6.512245e-222
560           	-2.604898e-222
561           	-1.041959e-222
562           	-4.167837e-223
563           	-1.667135e-223
564           	-6.668539e-224
565           	-2.667416e-224
566           	-1.066966e-224
567           	-4.267865e-225
568           	-1.707146e-225
569           	-6.828584e-226
570           	-2.731434e-226
571           	-1.092573e-226
572           	-4.370294e-227
573           	-1.748118e-227
574           	-6.992470e-228
575           	-2.796988e-228
576           	-1.118795e-228
577           	-4.475181e-229
578           	-1.790072e-229
579           	-7.160290e-230
580           	-2.864116e-230
581           	-1.145646e-230
582           	-4.582585e-231
583           	-1.833034e-231
584           	-7.332136e-232
585           	-2.932855e-232
586           	-1.173142e-232
587           	-4.692567e-233
588           	-1.877027e-233
589           	-7.508108e-234
590           	-3.003243e-234
591           	-1.201297e-234
592           	-4.805189e-235
593           	-1.922076e-235
594           	-7.688302e-236
595           	-3.075321e-236
596           	-1.230128e-236
597           	-4.920513e-237
598           	-1.968205e-237
599           	-7.872822e-238
600           	-3.149129e-238
601           	-1.259651e-238
602           	-5.038606e-239
603           	-2.015442e-239
604           	-8.061769e-240
605           	-3.224708e-240
606           	-1.289883e-240
607           	-5.159532e-241
608           	-2.063813e-241
609           	-8.255252e-242
610           	-3.302101e-242
611           	-1.320840e-242
612           	-5.283361e-243
613           	-2.113344e-243
614           	-8.453378e-244
615           	-3.381351e-244
616           	-1.352540e-244
617           	-5.410162e-245
618           	-2.164065e-245
619           	-8.656259e-246
620           	-3.462504e-246
621           	-1.385001e-246
622           	-5.540006e-247
623           	-2.216002e-247
624           	-8.864009e-248
625           	-3.545604e-248
626           	-1.418241e-248
627           	-5.672966e-249
628           	-2.269186e-249
629           	-9.076745e-250
630           	-3.630698e-250
631           	-1.452279e-250
632           	-5.809117e-251
633           	-2.323647e-251
634           	-9.294587e-252
635           	-3.717835e-252
636           	-1.487134e-252
637           	-5.948536e-253
638           	-2.379414e-253
639           	-9.517657e-254
640           	-3.807063e-254
641           	-1.522825e-254
642           	-6.091301e-255
643           	-2.436520e-255
644           	-9.746081e-256
645           	-3.898432e-256
646           	-1.559373e-256
647           	-6.237492e-257
648           	-2.494997e-257
649           	-9.979987e-258
650           	-3.991995e-258
651           	-1.596798e-258
652           	-6.387192e-259
653           	-2.554877e-259
654           	-1.021951e-259
655           	-4.087803e-260
656           	-1.635121e-260
657           	-6.540484e-261
658           	-2.616194e-261
659           	-1.046477e-261
660           	-4.185910e-262
661           	-1.674364e-262
662           	-6.697456e-263
663           	-2.678982e-263
664           	-1.071593e-263
665           	-4.286372e-264
666           	-1.714549e-264
667           	-6.858195e-265
668           	-2.743278e-265
669           	-1.097311e-265
670           	-4.389245e-266
671           	-1.755698e-266
672           	-7.022792e-267
673           	-2.809117e-267
674           	-1.123647e-267
675           	-4.494587e-268
676           	-1.797835e-268
677           	-7.191339e-269
678           	-2.876535e-269
679           	-1.150614e-269
680           	-4.602457e-270
681           	-1.840983e-270
682           	-7.363931e-271
683           	-2.945572e-271
684           	-1.178229e-271
685           	-4.712916e-272
686           	-1.885166e-272
687           	-7.540665e-273
688           	-3.016266e-273
689           	-1.206506e-273
690           	-4.826026e-274
691           	-1.930410e-274
692           	-7.721641e-275
693           	-3.088656e-275
694           	-1.235463e-275
695           	-4.941850e-276
696           	-1.976740e-276
697           	-7.906960e-277
698           	-3.162784e-277
699           	-1.265114e-277
700           	-5.060455e-278
701           	-2.024182e-278
702           	-8.096727e-279
703           	-3.238691e-279
704           	-1.295476e-279
705           	-5.181906e-280
706           	-2.072762e-280
707           	-8.291049e-281
708           	-3.316420e-281
709           	-1.326568e-281
710           	-5.306271e-282
711           	-2.122508e-282
712           	-8.490034e-283
713           	-3.396014e-283
714           	-1.358405e-283
715           	-5.433622e-284
716           	-2.173449e-284
717           	-8.693795e-285
718           	-3.477518e-285
719           	-1.391007e-285
720           	-5.564029e-286
721           	-2.225611e-286
722           	-8.902446e-287
723           	-3.560978e-287
724           	-1.424391e-287
725           	-5.697565e-288
726           	-2.279026e-288
727           	-9.116105e-289
728           	-3.646442e-289
729           	-1.458577e-289
730           	-5.834307e-290
731           	-2.333723e-290
732           	-9.334891e-291
733           	-3.733956e-291
734           	-1.493583e-291
735           	-5.974330e-292
736           	-2.389732e-292
737           	-9.558928e-293
738           	-3.823571e-293
739           	-1.529429e-293
740           	-6.117714e-294
741           	-2.447086e-294
742           	-9.788343e-295
743           	-3.915337e-295
744           	-1.566135e-295
745           	-6.264539e-296
746           	-2.505816e-296
747           	-1.002326e-296
748           	-4.009305e-297
749           	-1.603722e-297
750           	-6.414888e-298
751           	-2.565955e-298
752           	-1.026382e-298
753           	-4.105529e-299
754           	-1.642211e-299
755           	-6.568846e-300
756           	-2.627538e-300
757           	-1.051015e-300
758           	-4.204061e-301
759           	-1.681624e-301
760           	-6.726498e-302
761           	-2.690599e-302
762           	-1.076240e-302
763           	-4.304959e-303
764           	-1.721983e-303
765           	-6.887934e-304
766           	-2.755174e-304
767           	-1.102069e-304
768           	-4.408278e-305
769           	-1.763311e-305
770           	-7.053244e-306
771           	-2.821298e-306
772           	-1.128519e-306
773           	-4.514076e-307
774           	-1.805631e-307
775           	-7.222522e-308
776           	-2.889009e-308
777           	-1.155604e-308
778           	-4.622414e-309
779           	-1.848966e-309
780           	-7.395862e-310
781           	-2.958347e-310
782           	-1.183339e-310
783           	-4.733354e-311
784           	-1.893370e-311
785           	-7.573394e-312
786           	-3.029215e-312
787           	-1.211568e-312
788           	-4.848958e-313
789           	-1.941876e-313
790           	-7.762759e-314
791           	-3.110637e-314
792           	-1.217378e-314
793           	-5.533535e-315
794           	-1.976263e-315
795           	0.000000e+00
796           	0.000000e+00
797           	0.000000e+00
798           	0.000000e+00
799           	0.000000e+00
800           	0.000000e+00
801           	0.000000e+00
802           	0.000000e+00
803           	0.000000e+00
804           	0.000000e+00
805           	0.000000e+00
806           	0.000000e+00
807           	0.000000e+00
808           	0.000000e+00
809           	0.000000e+00
810           	0.000000e+00
811           	0.000000e+00
812           	0.000000e+00
813           	0.000000e+00
814           	0.000000e+00
815           	0.000000e+00
816           	0.000000e+00
817           	0.000000e+00
818           	0.000000e+00
819           	0.000000e+00
820           	0.000000e+00
821           	0.000000e+00
822           	0.000000e+00
823           	0.000000e+00
824           	0.000000e+00
825           	0.000000e+00
826           	0.000000e+00
827           	0.000000e+00
828           	0.000000e+00
829           	0.000000e+00
830           	0.000000e+00
831           	0.000000e+00
832           	0.000000e+00
833           	0.000000e+00
834           	0.000000e+00
835           	0.000000e+00
836           	0.000000e+00
837           	0.000000e+00
838           	0.000000e+00
839           	0.000000e+00
840           	0.000000e+00
841           	0.000000e+00
842           	0.000000e+00
843           	0.000000e+00
844           	0.000000e+00
845           	0.000000e+00
846           	0.000000e+00
847           	0.000000e+00
848           	0.000000e+00
849           	0.000000e+00
850           	0.000000e+00
851           	0.000000e+00
852           	0.000000e+00
853           	0.000000e+00
854           	0.000000e+00
855           	0.000000e+00
856           	0.000000e+00
857           	0.000000e+00
858           	0.000000e+00
859           	0.000000e+00
860           	0.000000e+00
861           	0.000000e+00
862           	0.000000e+00
863           	0.000000e+00
864           	0.000000e+00
865           	0.000000e+00
866           	0.000000e+00
867           	0.000000e+00
868           	0.000000e+00
869           	0.000000e+00
870           	0.000000e+00
871           	0.000000e+00
872           	0.000000e+00
873           	0.000000e+00
874           	0.000000e+00
875           	0.000000e+00
876           	0.000000e+00
877           	0.000000e+00
878           	0.000000e+00
879           	0.000000e+00
880           	0.000000e+00
881           	0.000000e+00
882           	0.000000e+00
883           	0.000000e+00
884           	0.000000e+00
885           	0.000000e+00
886           	0.000000e+00
887           	0.000000e+00
888           	0.000000e+00
889           	0.000000e+00
890           	0.000000e+00
891           	0.000000e+00
892           	0.000000e+00
893           	0.000000e+00
894           	0.000000e+00
895           	0.000000e+00
896           	0.000000e+00
897           	0.000000e+00
898           	0.000000e+00
899           	0.000000e+00
900           	0.000000e+00
901           	0.000000e+00
902           	0.000000e+00
903           	0.000000e+00
904           	0.000000e+00
905           	0.000000e+00
906           	0.000000e+00
907           	0.000000e+00
908           	0.000000e+00
909           	0.000000e+00
910           	0.000000e+00
911           	0.000000e+00
912           	0.000000e+00
913           	0.000000e+00
914           	0.000000e+00
915           	0.000000e+00
916           	0.000000e+00
917           	0.000000e+00
918           	0.000000e+00
919           	0.000000e+00
920           	0.000000e+00
921           	0.000000e+00
922           	0.000000e+00
923           	0.000000e+00
924           	0.000000e+00
925           	0.000000e+00
926           	0.000000e+00
927           	0.000000e+00
928           	0.000000e+00
929           	0.000000e+00
930           	0.000000e+00
931           	0.000000e+00
932           	0.000000e+00
933           	0.000000e+00
934           	0.000000e+00
935           	0.000000e+00
936           	0.000000e+00
937           	0.000000e+00
938           	0.000000e+00
939           	0.000000e+00
940           	0.000000e+00
941           	0.000000e+00
942           	0.000000e+00
943           	0.000000e+00
944           	0.000000e+00
945           	0.000000e+00
946           	0.000000e+00
947           	0.000000e+00
948           	0.000000e+00
949           	0.000000e+00
950           	0.000000e+00
951           	0.000000e+00
952           	0.000000e+00
953           	0.000000e+00
954           	0.000000e+00
955           	0.000000e+00
956           	0.000000e+00
957           	0.000000e+00
958           	0.000000e+00
959           	0.000000e+00
960           	0.000000e+00
961           	0.000000e+00
962           	0.000000e+00
963           	0.000000e+00
964           	0.000000e+00
965           	0.000000e+00
966           	0.000000e+00
967           	0.000000e+00
968           	0.000000e+00
969           	0.000000e+00
970           	0.000000e+00
971           	0.000000e+00
972           	0.000000e+00
973           	0.000000e+00
974           	0.000000e+00
975           	0.000000e+00
976           	0.000000e+00
977           	0.000000e+00
978           	0.000000e+00
979           	0.000000e+00
980           	0.000000e+00
981           	0.000000e+00
982           	0.000000e+00
983           	0.000000e+00
984           	0.000000e+00
985           	0.000000e+00
986           	0.000000e+00
987           	0.000000e+00
988           	0.000000e+00
989           	0.000000e+00
990           	0.000000e+00
991           	0.000000e+00
992           	0.000000e+00
993           	0.000000e+00
994           	0.000000e+00
995           	0.000000e+00
996           	0.000000e+00
997           	0.000000e+00
998           	0.000000e+00
999           	0.000000e+00
1000          	0.000000e+00
1001          	0.000000e+00
1002          	0.000000e+00
1003          	0.000000e+00
1004          	0.000000e+00
1005          	0.000000e+00
1006          	0.000000e+00
1007          	0.000000e+00
1008          	0.000000e+00
1009          	0.000000e+00
1010          	0.000000e+00
1011          	0.000000e+00
1012          	0.000000e+00
1013          	0.000000e+00
1014          	0.000000e+00
1015          	0.000000e+00
1016          	0.000000e+00
1017          	0.000000e+00
1018          	0.000000e+00
1019          	0.000000e+00
1020          	0.000000e+00
1021          	0.000000e+00
1022          	0.000000e+00
1023          	0.000000e+00
1024          	0.000000e+00
1025          	0.000000e+00
1026          	0.000000e+00
1027          	0.000000e+00
1028          	0.000000e+00
1029          	0.000000e+00
1030          	0.000000e+00
1031          	0.000000e+00
1032          	0.000000e+00
1033          	0.000000e+00
1034          	0.000000e+00
1035          	0.000000e+00
1036          	0.000000e+00
1037          	0.000000e+00
1038          	0.000000e+00
1039          	0.000000e+00
1040          	0.000000e+00
1041          	0.000000e+00
1042          	0.000000e+00
1043          	0.000000e+00
1044          	0.000000e+00
1045          	0.000000e+00
1046          	0.000000e+00
1047          	0.000000e+00
1048          	0.000000e+00
1049          	0.000000e+00
1050          	0.000000e+00
1051          	0.000000e+00
1052          	0.000000e+00
1053          	0.000000e+00
1054          	0.000000e+00
1055          	0.000000e+00
1056          	0.000000e+00
1057          	0.000000e+00
1058          	0.000000e+00
1059          	0.000000e+00
1060          	0.000000e+00
1061          	0.000000e+00
1062          	0.000000e+00
1063          	0.000000e+00
1064          	0.000000e+00
1065          	0.000000e+00
1066          	0.000000e+00
1067          	0.000000e+00
1068          	0.000000e+00
1069          	0.000000e+00
1070          	0.000000e+00
1071          	0.000000e+00
1072          	0.000000e+00
1073          	0.000000e+00
1074          	0.000000e+00
1075          	0.000000e+00
1076          	0.000000e+00
1077          	0.000000e+00
1078          	0.000000e+00
1079          	0.000000e+00
1080          	0.000000e+00
1081          	0.000000e+00
1082          	0.000000e+00
1083          	0.000000e+00
1084          	0.000000e+00
1085          	0.000000e+00
1086          	0.000000e+00
1087          	0.000000e+00
1088          	0.000000e+00
1089          	0.000000e+00
1090          	0.000000e+00
1091          	0.000000e+00
1092          	0.000000e+00
1093          	0.000000e+00
1094          	0.000000e+00
1095          	0.000000e+00
1096          	0.000000e+00
1097          	0.000000e+00
1098          	0.000000e+00
1099          	0.000000e+00
1100          	0.000000e+00
1101          	0.000000e+00
1102          	0.000000e+00
1103          	0.000000e+00
1104          	0.000000e+00
1105          	0.000000e+00
1106          	0.000000e+00
1107          	0.000000e+00
1108          	0.000000e+00
1109          	0.000000e+00
1110          	0.000000e+00
1111          	0.000000e+00
1112          	0.000000e+00
1113          	0.000000e+00
1114          	0.000000e+00
1115          	0.000000e+00
1116          	0.000000e+00
1117          	0.000000e+00
1118          	0.000000e+00
1119          	0.000000e+00
1120          	0.000000e+00
1121          	0.000000e+00
1122          	0.000000e+00
1123          	0.000000e+00
1124          	0.000000e+00
1125          	0.000000e+00
1126          	0.000000e+00
1127          	0.000000e+00
1128          	0.000000e+00
1129          	0.000000e+00
1130          	0.000000e+00
1131          	0.000000e+00
1132          	0.000000e+00
1133          	0.000000e+00
1134          	0.000000e+00
1135          	0.000000e+00
1136          	0.000000e+00
1137          	0.000000e+00
1138          	0.000000e+00
1139          	0.000000e+00
1140          	0.000000e+00
1141          	0.000000e+00
1142          	0.000000e+00
1143          	0.000000e+00
1144          	0.000000e+00
1145          	0.000000e+00
1146          	0.000000e+00
1147          	0.000000e+00
1148          	0.000000e+00
1149          	0.000000e+00
1150          	0.000000e+00
1151          	0.000000e+00
1152          	0.000000e+00
1153          	0.000000e+00
1154          	0.000000e+00
1155          	0.000000e+00
1156          	0.000000e+00
1157          	0.000000e+00
1158          	0.000000e+00
1159          	0.000000e+00
1160          	0.000000e+00
1161          	0.000000e+00
1162          	0.000000e+00
1163          	0.000000e+00
1164          	0.000000e+00
1165          	0.000000e+00
1166          	0.000000e+00
1167          	0.000000e+00
1168          	0.000000e+00
1169          	0.000000e+00
1170          	0.000000e+00
1171          	0.000000e+00
1172          	0.000000e+00
1173          	0.000000e+00
1174          	0.000000e+00
1175          	0.000000e+00
1176          	0.000000e+00
1177          	0.000000e+00
1178          	0.000000e+00
1179          	0.000000e+00
1180          	0.000000e+00
1181          	0.000000e+00
1182          	0.000000e+00
1183          	0.000000e+00
1184          	0.000000e+00
1185          	0.000000e+00
1186          	0.000000e+00
1187          	0.000000e+00
1188          	0.000000e+00
1189          	0.000000e+00
1190          	0.000000e+00
1191          	0.000000e+00
1192          	0.000000e+00
1193          	0.000000e+00
1194          	0.000000e+00
1195          	0.000000e+00
1196          	0.000000e+00
1197          	0.000000e+00
1198          	0.000000e+00
1199          	0.000000e+00
1200          	0.000000e+00
1201          	0.000000e+00
1202          	0.000000e+00
1203          	0.000000e+00
1204          	0.000000e+00
1205          	0.000000e+00
1206          	0.000000e+00
1207          	0.000000e+00
1208          	0.000000e+00
1209          	0.000000e+00
1210          	0.000000e+00
1211          	0.000000e+00
1212          	0.000000e+00
1213          	0.000000e+00
1214          	0.000000e+00
1215          	0.000000e+00
1216          	0.000000e+00
1217          	0.000000e+00
1218          	0.000000e+00
1219          	0.000000e+00
1220          	0.000000e+00
1221          	0.000000e+00
1222          	0.000000e+00
1223          	0.000000e+00
1224          	0.000000e+00
1225          	0.000000e+00
1226          	0.000000e+00
1227          	0.000000e+00
1228          	0.000000e+00
1229          	0.000000e+00
1230          	0.000000e+00
1231          	0.000000e+00
1232          	0.000000e+00
1233          	0.000000e+00
1234          	0.000000e+00
1235          	0.000000e+00
1236          	0.000000e+00
1237          	0.000000e+00
1238          	0.000000e+00
1239          	0.000000e+00
1240          	0.000000e+00
1241          	0.000000e+00
1242          	0.000000e+00
1243          	0.000000e+00
1244          	0.000000e+00
1245          	0.000000e+00
1246          	0.000000e+00
1247          	0.000000e+00
1248          	0.000000e+00
1249          	0.000000e+00
1250          	0.000000e+00
1251          	0.000000e+00
1252          	0.000000e+00
1253          	0.000000e+00
1254          	0.000000e+00
1255          	0.000000e+00
1256          	0.000000e+00
1257          	0.000000e+00
1258          	0.000000e+00
1259          	0.000000e+00
1260          	0.000000e+00
1261          	0.000000e+00
1262          	0.000000e+00
1263          	0.000000e+00
1264          	0.000000e+00
1265          	0.000000e+00
1266          	0.000000e+00
1267          	0.000000e+00
1268          	0.000000e+00
1269          	0.000000e+00
1270          	0.000000e+00
1271          	0.000000e+00
1272          	0.000000e+00
1273          	0.000000e+00
1274          	0.000000e+00
1275          	0.000000e+00
1276          	0.000000e+00
1277          	0.000000e+00
1278          	0.000000e+00
1279          	0.000000e+00
1280          	0.000000e+00
1281          	0.000000e+00
1282          	0.000000e+00
1283          	0.000000e+00
1284          	0.000000e+00
1285          	0.000000e+00
1286          	0.000000e+00
1287          	0.000000e+00
1288          	0.000000e+00
1289          	0.000000e+00
1290          	0.000000e+00
1291          	0.000000e+00
1292          	0.000000e+00
1293          	0.000000e+00
1294          	0.000000e+00
1295          	0.000000e+00
1296          	0.000000e+00
1297          	0.000000e+00
1298          	0.000000e+00
1299          	0.000000e+00
1300          	0.000000e+00
1301          	0.000000e+00
1302          	0.000000e+00
1303          	0.000000e+00
1304          	0.000000e+00
1305          	0.000000e+00
1306          	0.000000e+00
1307          	0.000000e+00
1308          	0.000000e+00
1309          	0.000000e+00
1310          	0.000000e+00
1311          	0.000000e+00
1312          	0.000000e+00
1313          	0.000000e+00
1314          	0.000000e+00
1315          	0.000000e+00
1316          	0.000000e+00
1317          	0.000000e+00
1318          	0.000000e+00
1319          	0.000000e+00
1320          	0.000000e+00
1321          	0.000000e+00
1322          	0.000000e+00
1323          	0.000000e+00
1324          	0.000000e+00
1325          	0.000000e+00
1326          	0.000000e+00
1327          	0.000000e+00
1328          	0.000000e+00
1329          	0.000000e+00
1330          	0.000000e+00
1331          	0.000000e+00
1332          	0.000000e+00
1333          	0.000000e+00
1334          	0.000000e+00
1335          	0.000000e+00
1336          	0.000000e+00
1337          	0.000000e+00
1338          	0.000000e+00
1339          	0.000000e+00
1340          	0.000000e+00
1341          	0.000000e+00
1342          	0.000000e+00
1343          	0.000000e+00
1344          	0.000000e+00
1345          	0.000000e+00
1346          	0.000000e+00
1347          	0.000000e+00
1348          	0.000000e+00
1349          	0.000000e+00
1350          	0.000000e+00
1351          	0.000000e+00
1352          	0.000000e+00
1353          	0.000000e+00
1354          	0.000000e+00
1355          	0.000000e+00
1356          	0.000000e+00
1357          	0.000000e+00
1358          	0.000000e+00
1359          	0.000000e+00
1360          	0.000000e+00
1361          	0.000000e+00
1362          	0.000000e+00
1363          	0.000000e+00
1364          	0.000000e+00
1365          	0.000000e+00
1366          	0.000000e+00
1367          	0.000000e+00
1368          	0.000000e+00
1369          	0.000000e+00
1370          	0.000000e+00
1371          	0.000000e+00
1372          	0.000000e+00
1373          	0.000000e+00
1374          	0.000000e+00
1375          	0.000000e+00
1376          	0.000000e+00
1377          	0.000000e+00
1378          	0.000000e+00
1379          	0.000000e+00
1380          	0.000000e+00
1381          	0.000000e+00
1382          	0.000000e+00
1383          	0.000000e+00
1384          	0.000000e+00
1385          	0.000000e+00
1386          	0.000000e+00
1387          	0.000000e+00
1388          	0.000000e+00
1389          	0.000000e+00
1390          	0.000000e+00
1391          	0.000000e+00
1392          	0.000000e+00
1393          	0.000000e+00
1394          	0.000000e+00
1395          	0.000000e+00
1396          	0.000000e+00
1397          	0.000000e+00
1398          	0.000000e+00
1399          	0.000000e+00
1400          	0.000000e+00
1401          	0.000000e+00
1402          	0.000000e+00
1403          	0.000000e+00
1404          	0.000000e+00
1405          	0.000000e+00
1406          	0.000000e+00
1407          	0.000000e+00
1408          	0.000000e+00
1409          	0.000000e+00
1410          	0.000000e+00
1411          	0.000000e+00
1412          	0.000000e+00
1413          	0.000000e+00
1414          	0.000000e+00
1415          	0.000000e+00
1416          	0.000000e+00
1417          	0.000000e+00
1418          	0.000000e+00
1419          	0.000000e+00
1420          	0.000000e+00
1421          	0.000000e+00
1422          	0.000000e+00
1423          	0.000000e+00
1424          	0.000000e+00
1425          	0.000000e+00
1426          	0.000000e+00
1427          	0.000000e+00
1428          	0.000000e+00
1429          	0.000000e+00
1430          	0.000000e+00
1431          	0.000000e+00
1432          	0.000000e+00
1433          	0.000000e+00
1434          	0.000000e+00
1435          	0.000000e+00
1436          	0.000000e+00
1437          	0.000000e+00
1438          	0.000000e+00
1439          	0.000000e+00
1440          	0.000000e+00
1441          	0.000000e+00
1442          	0.000000e+00
1443          	0.000000e+00
1444          	0.000000e+00
1445          	0.000000e+00
1446          	0.000000e+00
1447          	0.000000e+00
1448          	0.000000e+00
1449          	0.000000e+00
1450          	0.000000e+00
1451          	0.000000e+00
1452          	0.000000e+00
1453          	0.000000e+00
1454          	0.000000e+00
1455          	0.000000e+00
1456          	0.000000e+00
1457          	0.000000e+00
1458          	0.000000e+00
1459          	0.000000e+00
1460          	0.000000e+00
1461          	0.000000e+00
1462          	0.000000e+00
1463          	0.000000e+00
1464          	0.000000e+00
1465          	0.000000e+00
1466          	0.000000e+00
1467          	0.000000e+00
1468          	0.000000e+00
1469          	0.000000e+00
1470          	0.000000e+00
1471          	0.000000e+00
1472          	0.000000e+00
1473          	0.000000e+00
1474          	0.000000e+00
1475          	0.000000e+00
1476          	0.000000e+00
1477          	0.000000e+00
1478          	0.000000e+00
1479          	0.000000e+00
1480          	0.000000e+00
1481          	0.000000e+00
1482          	0.000000e+00
1483          	0.000000e+00
1484          	0.000000e+00
1485          	0.000000e+00
1486          	0.000000e+00
1487          	0.000000e+00
1488          	0.000000e+00
1489          	0.000000e+00
1490          	0.000000e+00
1491          	0.000000e+00
1492          	0.000000e+00
1493          	0.000000e+00
1494          	0.000000e+00
1495          	0.000000e+00
1496          	0.000000e+00
1497          	0.000000e+00
1498          	0.000000e+00
1499          	0.000000e+00
1500          	0.000000e+00
1501          	0.000000e+00
1502          	0.000000e+00
1503          	0.000000e+00
1504          	0.000000e+00
1505          	0.000000e+00
1506          	0.000000e+00
1507          	0.000000e+00
1508          	0.000000e+00
1509          	0.000000e+00
1510          	0.000000e+00
1511          	0.000000e+00
1512          	0.000000e+00
1513          	0.000000e+00
1514          	0.000000e+00
1515          	0.000000e+00
1516          	0.000000e+00
1517          	0.000000e+00
1518          	0.000000e+00
1519          	0.000000e+00
1520          	0.000000e+00
1521          	0.000000e+00
1522          	0.000000e+00
1523          	0.000000e+00
1524          	0.000000e+00
1525          	0.000000e+00
1526          	0.000000e+00
1527          	0.000000e+00
1528          	0.000000e+00
1529          	0.000000e+00
1530          	0.000000e+00
1531          	0.000000e+00
1532          	0.000000e+00
1533          	0.000000e+00
1534          	0.000000e+00
1535          	0.000000e+00
1536          	0.000000e+00
1537          	0.000000e+00
1538          	0.000000e+00
1539          	0.000000e+00
1540          	0.000000e+00
1541          	0.000000e+00
1542          	0.000000e+00
1543          	0.000000e+00
1544          	0.000000e+00
1545          	0.000000e+00
1546          	0.000000e+00
1547          	0.000000e+00
1548          	0.000000e+00
1549          	0.000000e+00
1550          	0.000000e+00
1551          	0.000000e+00
1552          	0.000000e+00
1553          	0.000000e+00
1554          	0.000000e+00
1555          	0.000000e+00
1556          	0.000000e+00
1557          	0.000000e+00
1558          	0.000000e+00
1559          	0.000000e+00
1560          	0.000000e+00
1561          	0.000000e+00
1562          	0.000000e+00
1563          	0.000000e+00
1564          	0.000000e+00
1565          	0.000000e+00
1566          	0.000000e+00
1567          	0.000000e+00
1568          	0.000000e+00
1569          	0.000000e+00
1570          	0.000000e+00
1571          	0.000000e+00
1572          	0.000000e+00
1573          	0.000000e+00
1574          	0.000000e+00
1575          	0.000000e+00
1576          	0.000000e+00
1577          	0.000000e+00
1578          	0.000000e+00
1579          	0.000000e+00
1580          	0.000000e+00
1581          	0.000000e+00
1582          	0.000000e+00
1583          	0.000000e+00
1584          	0.000000e+00
1585          	0.000000e+00
1586          	0.000000e+00
1587          	0.000000e+00
1588          	0.000000e+00
1589          	0.000000e+00
1590          	0.000000e+00
1591          	0.000000e+00
1592          	0.000000e+00
1593          	0.000000e+00
1594          	0.000000e+00
1595          	0.000000e+00
1596          	0.000000e+00
1597          	0.000000e+00
1598          	0.000000e+00
1599          	0.000000e+00
1600          	0.000000e+00
1601          	0.000000e+00
1602          	0.000000e+00
1603          	0.000000e+00
1604          	0.000000e+00
1605          	0.000000e+00
1606          	0.000000e+00
1607          	0.000000e+00
1608          	0.000000e+00
1609          	0.000000e+00
1610          	0.000000e+00
1611          	0.000000e+00
1612          	0.000000e+00
1613          	0.000000e+00
1614          	0.000000e+00
1615          	0.000000e+00
1616          	0.000000e+00
1617          	0.000000e+00
1618          	0.000000e+00
1619          	0.000000e+00
1620          	0.000000e+00
1621          	0.000000e+00
1622          	0.000000e+00
1623          	0.000000e+00
1624          	0.000000e+00
1625          	0.000000e+00
1626          	0.000000e+00
1627          	0.000000e+00
1628          	0.000000e+00
1629          	0.000000e+00
1630          	0.000000e+00
1631          	0.000000e+00
1632          	0.000000e+00
1633          	0.000000e+00
1634          	0.000000e+00
1635          	0.000000e+00
1636          	0.000000e+00
1637          	0.000000e+00
1638          	0.000000e+00
1639          	0.000000e+00
1640          	0.000000e+00
1641          	0.000000e+00
1642          	0.000000e+00
1643          	0.000000e+00
1644          	0.000000e+00
1645          	0.000000e+00
1646          	0.000000e+00
1647          	0.000000e+00
1648          	0.000000e+00
1649          	0.000000e+00
1650          	0.000000e+00
1651          	0.000000e+00
1652          	0.000000e+00
1653          	0.000000e+00
1654          	0.000000e+00
1655          	0.000000e+00
1656          	0.000000e+00
1657          	0.000000e+00
1658          	0.000000e+00
1659          	0.000000e+00
1660          	0.000000e+00
1661          	0.000000e+00
1662          	0.000000e+00
1663          	0.000000e+00
1664          	0.000000e+00
1665          	0.000000e+00
1666          	0.000000e+00
1667          	0.000000e+00
1668          	0.000000e+00
1669          	0.000000e+00
1670          	0.000000e+00
1671          	0.000000e+00
1672          	0.000000e+00
1673          	0.000000e+00
1674          	0.000000e+00
1675          	0.000000e+00
1676          	0.000000e+00
1677          	0.000000e+00
1678          	0.000000e+00
1679          	0.000000e+00
1680          	0.000000e+00
1681          	0.000000e+00
1682          	0.000000e+00
1683          	0.000000e+00
1684          	0.000000e+00
1685          	0.000000e+00
1686          	0.000000e+00
1687          	0.000000e+00
1688          	0.000000e+00
1689          	0.000000e+00
1690          	0.000000e+00
1691          	0.000000e+00
1692          	0.000000e+00
1693          	0.000000e+00
1694          	0.000000e+00
1695          	0.000000e+00
1696          	0.000000e+00
1697          	0.000000e+00
1698          	0.000000e+00
1699          	0.000000e+00
1700          	0.000000e+00
1701          	0.000000e+00
1702          	0.000000e+00
1703          	0.000000e+00
1704          	0.000000e+00
1705          	0.000000e+00
1706          	0.000000e+00
1707          	0.000000e+00
1708          	0.000000e+00
1709          	0.000000e+00
1710          	0.000000e+00
1711          	0.000000e+00
1712          	0.000000e+00
1713          	0.000000e+00
1714          	0.000000e+00
1715          	0.000000e+00
1716          	0.000000e+00
1717          	0.000000e+00
1718          	0.000000e+00
1719          	0.000000e+00
1720          	0.000000e+00
1721          	0.000000e+00
1722          	0.000000e+00
1723          	0.000000e+00
1724          	0.000000e+00
1725          	0.000000e+00
1726          	0.000000e+00
1727          	0.000000e+00
1728          	0.000000e+00
1729          	0.000000e+00
1730          	0.000000e+00
1731          	0.000000e+00
1732          	0.000000e+00
1733          	0.000000e+00
1734          	0.000000e+00
1735          	0.000000e+00
1736          	0.000000e+00
1737          	0.000000e+00
1738          	0.000000e+00
1739          	0.000000e+00
1740          	0.000000e+00
1741          	0.000000e+00
1742          	0.000000e+00
1743          	0.000000e+00
1744          	0.000000e+00
1745          	0.000000e+00
1746          	0.000000e+00
1747          	0.000000e+00
1748          	0.000000e+00
1749          	0.000000e+00
1750          	0.000000e+00
1751          	0.000000e+00
1752          	0.000000e+00
1753          	0.000000e+00
1754          	0.000000e+00
1755          	0.000000e+00
1756          	0.000000e+00
1757          	0.000000e+00
1758          	0.000000e+00
1759          	0.000000e+00
1760          	0.000000e+00
1761          	0.000000e+00
1762          	0.000000e+00
1763          	0.000000e+00
1764          	0.000000e+00
1765          	0.000000e+00
1766          	0.000000e+00
1767          	0.000000e+00
1768          	0.000000e+00
1769          	0.000000e+00
1770          	0.000000e+00
1771          	0.000000e+00
1772          	0.000000e+00
1773          	0.000000e+00
1774          	0.000000e+00
1775          	0.000000e+00
1776          	0.000000e+00
1777          	0.000000e+00
1778          	0.000000e+00
1779          	0.000000e+00
1780          	0.000000e+00
1781          	0.000000e+00
1782          	0.000000e+00
1783          	0.000000e+00
1784          	0.000000e+00
1785          	0.000000e+00
1786          	0.000000e+00
1787          	0.000000e+00
1788          	0.000000e+00
1789          	0.000000e+00
1790          	0.000000e+00
1791          	0.000000e+00
1792          	0.000000e+00
1793          	0.000000e+00
1794          	0.000000e+00
1795          	0.000000e+00
1796          	0.000000e+00
1797          	0.000000e+00
1798          	0.000000e+00
1799          	0.000000e+00
1800          	0.000000e+00
1801          	0.000000e+00
1802          	0.000000e+00
1803          	0.000000e+00
1804          	0.000000e+00
1805          	0.000000e+00
1806          	0.000000e+00
1807          	0.000000e+00
1808          	0.000000e+00
1809          	0.000000e+00
1810          	0.000000e+00
1811          	0.000000e+00
1812          	0.000000e+00
1813          	0.000000e+00
1814          	0.000000e+00
1815          	0.000000e+00
1816          	0.000000e+00
1817          	0.000000e+00
1818          	0.000000e+00
1819          	0.000000e+00
1820          	0.000000e+00
1821          	0.000000e+00
1822          	0.000000e+00
1823          	0.000000e+00
1824          	0.000000e+00
1825          	0.000000e+00
1826          	0.000000e+00
1827          	0.000000e+00
1828          	0.000000e+00
1829          	0.000000e+00
1830          	0.000000e+00
1831          	0.000000e+00
1832          	0.000000e+00
1833          	0.000000e+00
1834          	0.000000e+00
1835          	0.000000e+00
1836          	0.000000e+00
1837          	0.000000e+00
1838          	0.000000e+00
1839          	0.000000e+00
1840          	0.000000e+00
1841          	0.000000e+00
1842          	0.000000e+00
1843          	0.000000e+00
1844          	0.000000e+00
1845          	0.000000e+00
1846          	0.000000e+00
1847          	0.000000e+00
1848          	0.000000e+00
1849          	0.000000e+00
1850          	0.000000e+00
1851          	0.000000e+00
1852          	0.000000e+00
1853          	0.000000e+00
1854          	0.000000e+00
1855          	0.000000e+00
1856          	0.000000e+00
1857          	0.000000e+00
1858          	0.000000e+00
1859          	0.000000e+00
1860          	0.000000e+00
1861          	0.000000e+00
1862          	0.000000e+00
1863          	0.000000e+00
1864          	0.000000e+00
1865          	0.000000e+00
1866          	0.000000e+00
1867          	0.000000e+00
1868          	0.000000e+00
1869          	0.000000e+00
1870          	0.000000e+00
1871          	0.000000e+00
1872          	0.000000e+00
1873          	0.000000e+00
1874          	0.000000e+00
1875          	0.000000e+00
1876          	0.000000e+00
1877          	0.000000e+00
1878          	0.000000e+00
1879          	0.000000e+00
1880          	0.000000e+00
1881          	0.000000e+00
1882          	0.000000e+00
1883          	0.000000e+00
1884          	0.000000e+00
1885          	0.000000e+00
1886          	0.000000e+00
1887          	0.000000e+00
1888          	0.000000e+00
1889          	0.000000e+00
1890          	0.000000e+00
1891          	0.000000e+00
1892          	0.000000e+00
1893          	0.000000e+00
1894          	0.000000e+00
1895          	0.000000e+00
1896          	0.000000e+00
1897          	0.000000e+00
1898          	0.000000e+00
1899          	0.000000e+00
1900          	0.000000e+00
1901          	0.000000e+00
1902          	0.000000e+00
1903          	0.000000e+00
1904          	0.000000e+00
1905          	0.000000e+00
1906          	0.000000e+00
1907          	0.000000e+00
1908          	0.000000e+00
1909          	0.000000e+00
1910          	0.000000e+00
1911          	0.000000e+00
1912          	0.000000e+00
1913          	0.000000e+00
1914          	0.000000e+00
1915          	0.000000e+00
1916          	0.000000e+00
1917          	0.000000e+00
1918          	0.000000e+00
1919          	0.000000e+00
1920          	0.000000e+00
1921          	0.000000e+00
1922          	0.000000e+00
1923          	0.000000e+00
1924          	0.000000e+00
1925          	0.000000e+00
1926          	0.000000e+00
1927          	0.000000e+00
1928          	0.000000e+00
1929          	0.000000e+00
1930          	0.000000e+00
1931          	0.000000e+00
1932          	0.000000e+00
1933          	0.000000e+00
1934          	0.000000e+00
1935          	0.000000e+00
1936          	0.000000e+00
1937          	0.000000e+00
1938          	0.000000e+00
1939          	0.000000e+00
1940          	0.000000e+00
1941          	0.000000e+00
1942          	0.000000e+00
1943          	0.000000e+00
1944          	0.000000e+00
1945          	0.000000e+00
1946          	0.000000e+00
1947          	0.000000e+00
1948          	0.000000e+00
1949          	0.000000e+00
1950          	0.000000e+00
1951          	0.000000e+00
1952          	0.000000e+00
1953          	0.000000e+00
1954          	0.000000e+00
1955          	0.000000e+00
1956          	0.000000e+00
1957          	0.000000e+00
1958          	0.000000e+00
1959          	0.000000e+00
1960          	0.000000e+00
1961          	0.000000e+00
1962          	0.000000e+00
1963          	0.000000e+00
1964          	0.000000e+00
1965          	0.000000e+00
1966          	0.000000e+00
1967          	0.000000e+00
1968          	0.000000e+00
1969          	0.000000e+00
1970          	0.000000e+00
1971          	0.000000e+00
1972          	0.000000e+00
1973          	0.000000e+00
1974          	0.000000e+00
1975          	0.000000e+00
1976          	0.000000e+00
1977          	0.000000e+00
1978          	0.000000e+00
1979          	0.000000e+00
1980          	0.000000e+00
1981          	0.000000e+00
1982          	0.000000e+00
1983          	0.000000e+00
1984          	0.000000e+00
1985          	0.000000e+00
1986          	0.000000e+00
1987          	0.000000e+00
1988          	0.000000e+00
1989          	0.000000e+00
1990          	0.000000e+00
1991          	0.000000e+00
1992          	0.000000e+00
1993          	0.000000e+00
1994          	0.000000e+00
1995          	0.000000e+00
1996          	0.000000e+00
1997          	0.000000e+00
1998          	0.000000e+00
1999          	0.000000e+00
2000          	0.000000e+00
2001          	0.000000e+00
2002          	0.000000e+00
2003          	0.000000e+00
2004          	0.000000e+00
2005          	0.000000e+00
2006          	0.000000e+00
2007          	0.000000e+00
2008          	0.000000e+00
2009          	0.000000e+00
2010          	0.000000e+00
2011          	0.000000e+00
2012          	0.000000e+00
2013          	0.000000e+00
2014          	0.000000e+00
2015          	0.000000e+00
2016          	0.000000e+00
2017          	0.000000e+00
2018          	0.000000e+00
2019          	0.000000e+00
2020          	0.000000e+00
2021          	0.000000e+00
2022          	0.000000e+00
2023          	0.000000e+00
2024          	0.000000e+00
2025          	0.000000e+00
2026          	0.000000e+00
2027          	0.000000e+00
2028          	0.000000e+00
2029          	0.000000e+00
2030          	0.000000e+00
2031          	0.000000e+00
2032          	0.000000e+00
2033          	0.000000e+00
2034          	0.000000e+00
2035          	0.000000e+00
2036          	0.000000e+00
2037          	0.000000e+00
2038          	0.000000e+00
2039          	0.000000e+00
2040          	0.000000e+00
2041          	0.000000e+00
2042          	0.000000e+00
2043          	0.000000e+00
2044          	0.000000e+00
2045          	0.000000e+00
2046          	0.000000e+00
2047          	0.000000e+00
2048          	0.000000e+00
2049          	0.000000e+00
2050          	0.000000e+00
2051          	0.000000e+00
2052          	0.000000e+00
2053          	0.000000e+00
2054          	0.000000e+00
2055          	0.000000e+00
2056          	0.000000e+00
2057          	0.000000e+00
2058          	0.000000e+00
2059          	0.000000e+00
2060          	0.000000e+00
2061          	0.000000e+00
2062          	0.000000e+00
2063          	0.000000e+00
2064          	0.000000e+00
2065          	0.000000e+00
2066          	0.000000e+00
2067          	0.000000e+00
2068          	0.000000e+00
2069          	0.000000e+00
2070          	0.000000e+00
2071          	0.000000e+00
2072          	0.000000e+00
2073          	0.000000e+00
2074          	0.000000e+00
2075          	0.000000e+00
2076          	0.000000e+00
2077          	0.000000e+00
2078          	0.000000e+00
2079          	0.000000e+00
2080          	0.000000e+00
2081          	0.000000e+00
2082          	0.000000e+00
2083          	0.000000e+00
2084          	0.000000e+00
2085          	0.000000e+00
2086          	0.000000e+00
2087          	0.000000e+00
2088          	0.000000e+00
2089          	0.000000e+00
2090          	0.000000e+00
2091          	0.000000e+00
2092          	0.000000e+00
2093          	0.000000e+00
2094          	0.000000e+00
2095          	0.000000e+00
2096          	0.000000e+00
2097          	0.000000e+00
2098          	0.000000e+00
2099          	0.000000e+00
2100          	0.000000e+00
2101          	0.000000e+00
2102          	0.000000e+00
2103          	0.000000e+00
2104          	0.000000e+00
2105          	0.000000e+00
2106          	0.000000e+00
2107          	0.000000e+00
2108          	0.000000e+00
2109          	0.000000e+00
2110          	0.000000e+00
2111          	0.000000e+00
2112          	0.000000e+00
2113          	0.000000e+00
2114          	0.000000e+00
