# Region type : patch ent
# Faces  :    280
# Area   :    1.250000e-07
# Time        	areaAverage(p)
0             	0.000000e+00
1             	0.000000e+00
2             	0.000000e+00
3             	0.000000e+00
4             	-1.107887e-01
5             	-8.787476e-02
6             	-8.190094e-02
7             	-6.068331e-02
8             	-5.436577e-02
9             	-4.075764e-02
10            	-2.877148e-02
11            	-2.015314e-02
12            	-1.410720e-02
13            	-9.875039e-03
14            	-6.912527e-03
15            	-4.838769e-03
16            	-3.387138e-03
17            	-2.370997e-03
18            	-1.659698e-03
19            	-1.161788e-03
20            	-8.132519e-04
21            	-5.692763e-04
22            	-3.984934e-04
23            	-2.789454e-04
24            	-1.952618e-04
25            	-1.366832e-04
26            	-9.567827e-05
27            	-6.697479e-05
28            	-4.688235e-05
29            	-3.281765e-05
30            	-2.297235e-05
31            	-1.608065e-05
32            	-1.125645e-05
33            	-7.879517e-06
34            	-5.515662e-06
35            	-3.860963e-06
36            	-2.702674e-06
37            	-1.891872e-06
38            	-1.324310e-06
39            	-9.270173e-07
40            	-6.489121e-07
41            	-4.542385e-07
42            	-3.179669e-07
43            	-2.225769e-07
44            	-1.558038e-07
45            	-1.090627e-07
46            	-7.634386e-08
47            	-5.344070e-08
48            	-3.740849e-08
49            	-2.618595e-08
50            	-1.833016e-08
51            	-1.283111e-08
52            	-8.981779e-09
53            	-6.287245e-09
54            	-4.401072e-09
55            	-3.080750e-09
56            	-2.156525e-09
57            	-1.509568e-09
58            	-1.056697e-09
59            	-7.396881e-10
60            	-5.177817e-10
61            	-3.624472e-10
62            	-2.537130e-10
63            	-1.775991e-10
64            	-1.243194e-10
65            	-8.702357e-11
66            	-6.091650e-11
67            	-4.264155e-11
68            	-2.984908e-11
69            	-2.089436e-11
70            	-1.462605e-11
71            	-1.023824e-11
72            	-7.166765e-12
73            	-5.016736e-12
74            	-3.511715e-12
75            	-2.458200e-12
76            	-1.720740e-12
77            	-1.204518e-12
78            	-8.431628e-13
79            	-5.902139e-13
80            	-4.131497e-13
81            	-2.892048e-13
82            	-2.024434e-13
83            	-1.417104e-13
84            	-9.919725e-14
85            	-6.943808e-14
86            	-4.860665e-14
87            	-3.402466e-14
88            	-2.381726e-14
89            	-1.667208e-14
90            	-1.167046e-14
91            	-8.169320e-15
92            	-5.718524e-15
93            	-4.002967e-15
94            	-2.802077e-15
95            	-1.961454e-15
96            	-1.373018e-15
97            	-9.611124e-16
98            	-6.727787e-16
99            	-4.709451e-16
100           	-3.296615e-16
101           	-2.307631e-16
102           	-1.615342e-16
103           	-1.130739e-16
104           	-7.915174e-17
105           	-5.540622e-17
106           	-3.878435e-17
107           	-2.714905e-17
108           	-1.900433e-17
109           	-1.330303e-17
110           	-9.312123e-18
111           	-6.518486e-18
112           	-4.562940e-18
113           	-3.194058e-18
114           	-2.235841e-18
115           	-1.565088e-18
116           	-1.095562e-18
117           	-7.668934e-19
118           	-5.368253e-19
119           	-3.757777e-19
120           	-2.630444e-19
121           	-1.841311e-19
122           	-1.288918e-19
123           	-9.022424e-20
124           	-6.315697e-20
125           	-4.420988e-20
126           	-3.094691e-20
127           	-2.166284e-20
128           	-1.516399e-20
129           	-1.061479e-20
130           	-7.430354e-21
131           	-5.201248e-21
132           	-3.640873e-21
133           	-2.548611e-21
134           	-1.784028e-21
135           	-1.248820e-21
136           	-8.741737e-22
137           	-6.119216e-22
138           	-4.283451e-22
139           	-2.998416e-22
140           	-2.098891e-22
141           	-1.469224e-22
142           	-1.028457e-22
143           	-7.199196e-23
144           	-5.039437e-23
145           	-3.527606e-23
146           	-2.469324e-23
147           	-1.728527e-23
148           	-1.209969e-23
149           	-8.469782e-24
150           	-5.928848e-24
151           	-4.150193e-24
152           	-2.905135e-24
153           	-2.033595e-24
154           	-1.423516e-24
155           	-9.964614e-25
156           	-6.975230e-25
157           	-4.882661e-25
158           	-3.417863e-25
159           	-2.392504e-25
160           	-1.674753e-25
161           	-1.172327e-25
162           	-8.206288e-26
163           	-5.744402e-26
164           	-4.021081e-26
165           	-2.814757e-26
166           	-1.970330e-26
167           	-1.379231e-26
168           	-9.654616e-27
169           	-6.758231e-27
170           	-4.730762e-27
171           	-3.311533e-27
172           	-2.318073e-27
173           	-1.622651e-27
174           	-1.135856e-27
175           	-7.950992e-28
176           	-5.565694e-28
177           	-3.895986e-28
178           	-2.727190e-28
179           	-1.909033e-28
180           	-1.336323e-28
181           	-9.354262e-29
182           	-6.547983e-29
183           	-4.583588e-29
184           	-3.208512e-29
185           	-2.245958e-29
186           	-1.572171e-29
187           	-1.100520e-29
188           	-7.703637e-30
189           	-5.392546e-30
190           	-3.774782e-30
191           	-2.642348e-30
192           	-1.849643e-30
193           	-1.294750e-30
194           	-9.063252e-31
195           	-6.344276e-31
196           	-4.440993e-31
197           	-3.108695e-31
198           	-2.176087e-31
199           	-1.523261e-31
200           	-1.066283e-31
201           	-7.463978e-32
202           	-5.224784e-32
203           	-3.657349e-32
204           	-2.560144e-32
205           	-1.792101e-32
206           	-1.254471e-32
207           	-8.781295e-33
208           	-6.146907e-33
209           	-4.302835e-33
210           	-3.011984e-33
211           	-2.108389e-33
212           	-1.475872e-33
213           	-1.033111e-33
214           	-7.231774e-34
215           	-5.062242e-34
216           	-3.543569e-34
217           	-2.480499e-34
218           	-1.736349e-34
219           	-1.215444e-34
220           	-8.508110e-35
221           	-5.955677e-35
222           	-4.168974e-35
223           	-2.918282e-35
224           	-2.042797e-35
225           	-1.429958e-35
226           	-1.000971e-35
227           	-7.006794e-36
228           	-4.904756e-36
229           	-3.433329e-36
230           	-2.403330e-36
231           	-1.682331e-36
232           	-1.177632e-36
233           	-8.243424e-37
234           	-5.770396e-37
235           	-4.039278e-37
236           	-2.827494e-37
237           	-1.979246e-37
238           	-1.385472e-37
239           	-9.698305e-38
240           	-6.788814e-38
241           	-4.752170e-38
242           	-3.326519e-38
243           	-2.328563e-38
244           	-1.629994e-38
245           	-1.140996e-38
246           	-7.986971e-39
247           	-5.590880e-39
248           	-3.913616e-39
249           	-2.739531e-39
250           	-1.917672e-39
251           	-1.342370e-39
252           	-9.396592e-40
253           	-6.577614e-40
254           	-4.604330e-40
255           	-3.223031e-40
256           	-2.256122e-40
257           	-1.579285e-40
258           	-1.105500e-40
259           	-7.738498e-41
260           	-5.416948e-41
261           	-3.791864e-41
262           	-2.654305e-41
263           	-1.858013e-41
264           	-1.300609e-41
265           	-9.104265e-42
266           	-6.372986e-42
267           	-4.461090e-42
268           	-3.122763e-42
269           	-2.185934e-42
270           	-1.530154e-42
271           	-1.071108e-42
272           	-7.497754e-43
273           	-5.248428e-43
274           	-3.673899e-43
275           	-2.571730e-43
276           	-1.800211e-43
277           	-1.260147e-43
278           	-8.821032e-44
279           	-6.174723e-44
280           	-4.322306e-44
281           	-3.025614e-44
282           	-2.117930e-44
283           	-1.482551e-44
284           	-1.037786e-44
285           	-7.264499e-45
286           	-5.085150e-45
287           	-3.559605e-45
288           	-2.491723e-45
289           	-1.744206e-45
290           	-1.220944e-45
291           	-8.546611e-46
292           	-5.982628e-46
293           	-4.187839e-46
294           	-2.931488e-46
295           	-2.052041e-46
296           	-1.436429e-46
297           	-1.005500e-46
298           	-7.038502e-47
299           	-4.926951e-47
300           	-3.448866e-47
301           	-2.414206e-47
302           	-1.689944e-47
303           	-1.182961e-47
304           	-8.280727e-48
305           	-5.796509e-48
306           	-4.057556e-48
307           	-2.840289e-48
308           	-1.988202e-48
309           	-1.391742e-48
310           	-9.742192e-49
311           	-6.819535e-49
312           	-4.773674e-49
313           	-3.341572e-49
314           	-2.339100e-49
315           	-1.637370e-49
316           	-1.146159e-49
317           	-8.023114e-50
318           	-5.616180e-50
319           	-3.931326e-50
320           	-2.751928e-50
321           	-1.926350e-50
322           	-1.348445e-50
323           	-9.439114e-51
324           	-6.607380e-51
325           	-4.625166e-51
326           	-3.237616e-51
327           	-2.266331e-51
328           	-1.586432e-51
329           	-1.110502e-51
330           	-7.773516e-52
331           	-5.441461e-52
332           	-3.809023e-52
333           	-2.666316e-52
334           	-1.866421e-52
335           	-1.306495e-52
336           	-9.145464e-53
337           	-6.401825e-53
338           	-4.481277e-53
339           	-3.136894e-53
340           	-2.195826e-53
341           	-1.537078e-53
342           	-1.075955e-53
343           	-7.531683e-54
344           	-5.272178e-54
345           	-3.690525e-54
346           	-2.583367e-54
347           	-1.808357e-54
348           	-1.265850e-54
349           	-8.860949e-55
350           	-6.202665e-55
351           	-4.341865e-55
352           	-3.039306e-55
353           	-2.127514e-55
354           	-1.489260e-55
355           	-1.042482e-55
356           	-7.297373e-56
357           	-5.108161e-56
358           	-3.575713e-56
359           	-2.502999e-56
360           	-1.752099e-56
361           	-1.226469e-56
362           	-8.585286e-57
363           	-6.009700e-57
364           	-4.206790e-57
365           	-2.944753e-57
366           	-2.061327e-57
367           	-1.442929e-57
368           	-1.010050e-57
369           	-7.070352e-58
370           	-4.949247e-58
371           	-3.464473e-58
372           	-2.425131e-58
373           	-1.697592e-58
374           	-1.188314e-58
375           	-8.318199e-59
376           	-5.822739e-59
377           	-4.075917e-59
378           	-2.853142e-59
379           	-1.997200e-59
380           	-1.398040e-59
381           	-9.786278e-60
382           	-6.850394e-60
383           	-4.795276e-60
384           	-3.356693e-60
385           	-2.349685e-60
386           	-1.644780e-60
387           	-1.151346e-60
388           	-8.059421e-61
389           	-5.641594e-61
390           	-3.949116e-61
391           	-2.764381e-61
392           	-1.935067e-61
393           	-1.354547e-61
394           	-9.481828e-62
395           	-6.637279e-62
396           	-4.646096e-62
397           	-3.252267e-62
398           	-2.276587e-62
399           	-1.593611e-62
400           	-1.115528e-62
401           	-7.808693e-63
402           	-5.466085e-63
403           	-3.826259e-63
404           	-2.678382e-63
405           	-1.874867e-63
406           	-1.312407e-63
407           	-9.186849e-64
408           	-6.430794e-64
409           	-4.501556e-64
410           	-3.151089e-64
411           	-2.205762e-64
412           	-1.544034e-64
413           	-1.080824e-64
414           	-7.565765e-65
415           	-5.296036e-65
416           	-3.707225e-65
417           	-2.595057e-65
418           	-1.816540e-65
419           	-1.271578e-65
420           	-8.901047e-66
421           	-6.230733e-66
422           	-4.361513e-66
423           	-3.053059e-66
424           	-2.137141e-66
425           	-1.495999e-66
426           	-1.047199e-66
427           	-7.330395e-67
428           	-5.131276e-67
429           	-3.591894e-67
430           	-2.514325e-67
431           	-1.760028e-67
432           	-1.232019e-67
433           	-8.624136e-68
434           	-6.036895e-68
435           	-4.225827e-68
436           	-2.958079e-68
437           	-2.070655e-68
438           	-1.449459e-68
439           	-1.014621e-68
440           	-7.102347e-69
441           	-4.971643e-69
442           	-3.480150e-69
443           	-2.436105e-69
444           	-1.705274e-69
445           	-1.193691e-69
446           	-8.355840e-70
447           	-5.849088e-70
448           	-4.094362e-70
449           	-2.866053e-70
450           	-2.006237e-70
451           	-1.404366e-70
452           	-9.830563e-71
453           	-6.881394e-71
454           	-4.816976e-71
455           	-3.371883e-71
456           	-2.360318e-71
457           	-1.652223e-71
458           	-1.156556e-71
459           	-8.095891e-72
460           	-5.667124e-72
461           	-3.966987e-72
462           	-2.776891e-72
463           	-1.943823e-72
464           	-1.360676e-72
465           	-9.524735e-73
466           	-6.667314e-73
467           	-4.667120e-73
468           	-3.266984e-73
469           	-2.286889e-73
470           	-1.600822e-73
471           	-1.120576e-73
472           	-7.844029e-74
473           	-5.490820e-74
474           	-3.843574e-74
475           	-2.690502e-74
476           	-1.883351e-74
477           	-1.318346e-74
478           	-9.228421e-75
479           	-6.459895e-75
480           	-4.521926e-75
481           	-3.165349e-75
482           	-2.215744e-75
483           	-1.551021e-75
484           	-1.085715e-75
485           	-7.600002e-76
486           	-5.320001e-76
487           	-3.724001e-76
488           	-2.606801e-76
489           	-1.824760e-76
490           	-1.277332e-76
491           	-8.941326e-77
492           	-6.258928e-77
493           	-4.381250e-77
494           	-3.066875e-77
495           	-2.146812e-77
496           	-1.502769e-77
497           	-1.051938e-77
498           	-7.363567e-78
499           	-5.154497e-78
500           	-3.608148e-78
501           	-2.525703e-78
502           	-1.767992e-78
503           	-1.237595e-78
504           	-8.663162e-79
505           	-6.064214e-79
506           	-4.244950e-79
507           	-2.971465e-79
508           	-2.080025e-79
509           	-1.456018e-79
510           	-1.019212e-79
511           	-7.134487e-80
512           	-4.994141e-80
513           	-3.495899e-80
514           	-2.447129e-80
515           	-1.712990e-80
516           	-1.199093e-80
517           	-8.393652e-81
518           	-5.875557e-81
519           	-4.112890e-81
520           	-2.879023e-81
521           	-2.015316e-81
522           	-1.410721e-81
523           	-9.875048e-82
524           	-6.912534e-82
525           	-4.838774e-82
526           	-3.387141e-82
527           	-2.370999e-82
528           	-1.659699e-82
529           	-1.161790e-82
530           	-8.132527e-83
531           	-5.692769e-83
532           	-3.984938e-83
533           	-2.789457e-83
534           	-1.952620e-83
535           	-1.366834e-83
536           	-9.567836e-84
537           	-6.697485e-84
538           	-4.688240e-84
539           	-3.281768e-84
540           	-2.297238e-84
541           	-1.608066e-84
542           	-1.125646e-84
543           	-7.879525e-85
544           	-5.515667e-85
545           	-3.860967e-85
546           	-2.702677e-85
547           	-1.891874e-85
548           	-1.324312e-85
549           	-9.270182e-86
550           	-6.489127e-86
551           	-4.542389e-86
552           	-3.179672e-86
553           	-2.225771e-86
554           	-1.558039e-86
555           	-1.090628e-86
556           	-7.634393e-87
557           	-5.344075e-87
558           	-3.740853e-87
559           	-2.618597e-87
560           	-1.833018e-87
561           	-1.283113e-87
562           	-8.981788e-88
563           	-6.287251e-88
564           	-4.401076e-88
565           	-3.080753e-88
566           	-2.156527e-88
567           	-1.509569e-88
568           	-1.056698e-88
569           	-7.396888e-89
570           	-5.177822e-89
571           	-3.624475e-89
572           	-2.537133e-89
573           	-1.775993e-89
574           	-1.243195e-89
575           	-8.702365e-90
576           	-6.091656e-90
577           	-4.264159e-90
578           	-2.984911e-90
579           	-2.089438e-90
580           	-1.462606e-90
581           	-1.023825e-90
582           	-7.166772e-91
583           	-5.016740e-91
584           	-3.511718e-91
585           	-2.458203e-91
586           	-1.720742e-91
587           	-1.204519e-91
588           	-8.431635e-92
589           	-5.902145e-92
590           	-4.131501e-92
591           	-2.892051e-92
592           	-2.024436e-92
593           	-1.417105e-92
594           	-9.919735e-93
595           	-6.943814e-93
596           	-4.860670e-93
597           	-3.402469e-93
598           	-2.381728e-93
599           	-1.667210e-93
600           	-1.167047e-93
601           	-8.169328e-94
602           	-5.718530e-94
603           	-4.002971e-94
604           	-2.802080e-94
605           	-1.961456e-94
606           	-1.373019e-94
607           	-9.611133e-95
608           	-6.727793e-95
609           	-4.709455e-95
610           	-3.296619e-95
611           	-2.307633e-95
612           	-1.615343e-95
613           	-1.130740e-95
614           	-7.915181e-96
615           	-5.540627e-96
616           	-3.878439e-96
617           	-2.714907e-96
618           	-1.900435e-96
619           	-1.330304e-96
620           	-9.312131e-97
621           	-6.518492e-97
622           	-4.562944e-97
623           	-3.194061e-97
624           	-2.235843e-97
625           	-1.565090e-97
626           	-1.095563e-97
627           	-7.668941e-98
628           	-5.368258e-98
629           	-3.757781e-98
630           	-2.630447e-98
631           	-1.841313e-98
632           	-1.288919e-98
633           	-9.022432e-99
634           	-6.315702e-99
635           	-4.420992e-99
636           	-3.094694e-99
637           	-2.166286e-99
638           	-1.516400e-99
639           	-1.061480e-99
640           	-7.430361e-100
641           	-5.201253e-100
642           	-3.640877e-100
643           	-2.548614e-100
644           	-1.784030e-100
645           	-1.248821e-100
646           	-8.741745e-101
647           	-6.119222e-101
648           	-4.283455e-101
649           	-2.998419e-101
650           	-2.098893e-101
651           	-1.469225e-101
652           	-1.028458e-101
653           	-7.199203e-102
654           	-5.039442e-102
655           	-3.527609e-102
656           	-2.469327e-102
657           	-1.728529e-102
658           	-1.209970e-102
659           	-8.469790e-103
660           	-5.928853e-103
661           	-4.150197e-103
662           	-2.905138e-103
663           	-2.033597e-103
664           	-1.423518e-103
665           	-9.964624e-104
666           	-6.975237e-104
667           	-4.882666e-104
668           	-3.417866e-104
669           	-2.392506e-104
670           	-1.674754e-104
671           	-1.172328e-104
672           	-8.206296e-105
673           	-5.744407e-105
674           	-4.021085e-105
675           	-2.814760e-105
676           	-1.970332e-105
677           	-1.379232e-105
678           	-9.654625e-106
679           	-6.758238e-106
680           	-4.730766e-106
681           	-3.311536e-106
682           	-2.318076e-106
683           	-1.622653e-106
684           	-1.135857e-106
685           	-7.950999e-107
686           	-5.565699e-107
687           	-3.895990e-107
688           	-2.727193e-107
689           	-1.909035e-107
690           	-1.336324e-107
691           	-9.354271e-108
692           	-6.547990e-108
693           	-4.583593e-108
694           	-3.208515e-108
695           	-2.245960e-108
696           	-1.572172e-108
697           	-1.100521e-108
698           	-7.703644e-109
699           	-5.392551e-109
700           	-3.774786e-109
701           	-2.642350e-109
702           	-1.849645e-109
703           	-1.294751e-109
704           	-9.063260e-110
705           	-6.344282e-110
706           	-4.440998e-110
707           	-3.108698e-110
708           	-2.176089e-110
709           	-1.523262e-110
710           	-1.066284e-110
711           	-7.463985e-111
712           	-5.224789e-111
713           	-3.657353e-111
714           	-2.560147e-111
715           	-1.792103e-111
716           	-1.254472e-111
717           	-8.781303e-112
718           	-6.146912e-112
719           	-4.302839e-112
720           	-3.011987e-112
721           	-2.108391e-112
722           	-1.475874e-112
723           	-1.033112e-112
724           	-7.231781e-113
725           	-5.062247e-113
726           	-3.543573e-113
727           	-2.480501e-113
728           	-1.736351e-113
729           	-1.215445e-113
730           	-8.508118e-114
731           	-5.955683e-114
732           	-4.168978e-114
733           	-2.918284e-114
734           	-2.042799e-114
735           	-1.429959e-114
736           	-1.000972e-114
737           	-7.006801e-115
738           	-4.904761e-115
739           	-3.433332e-115
740           	-2.403333e-115
741           	-1.682333e-115
742           	-1.177633e-115
743           	-8.243431e-116
744           	-5.770402e-116
745           	-4.039281e-116
746           	-2.827497e-116
747           	-1.979248e-116
748           	-1.385473e-116
749           	-9.698314e-117
750           	-6.788820e-117
751           	-4.752174e-117
752           	-3.326522e-117
753           	-2.328565e-117
754           	-1.629996e-117
755           	-1.140997e-117
756           	-7.986979e-118
757           	-5.590885e-118
758           	-3.913620e-118
759           	-2.739534e-118
760           	-1.917674e-118
761           	-1.342372e-118
762           	-9.396601e-119
763           	-6.577621e-119
764           	-4.604334e-119
765           	-3.223034e-119
766           	-2.256124e-119
767           	-1.579287e-119
768           	-1.105501e-119
769           	-7.738505e-120
770           	-5.416953e-120
771           	-3.791867e-120
772           	-2.654307e-120
773           	-1.858015e-120
774           	-1.300611e-120
775           	-9.104274e-121
776           	-6.372992e-121
777           	-4.461094e-121
778           	-3.122766e-121
779           	-2.185936e-121
780           	-1.530155e-121
781           	-1.071109e-121
782           	-7.497761e-122
783           	-5.248433e-122
784           	-3.673903e-122
785           	-2.571732e-122
786           	-1.800212e-122
787           	-1.260149e-122
788           	-8.821041e-123
789           	-6.174728e-123
790           	-4.322310e-123
791           	-3.025617e-123
792           	-2.117932e-123
793           	-1.482552e-123
794           	-1.037787e-123
795           	-7.264506e-124
796           	-5.085154e-124
797           	-3.559608e-124
798           	-2.491726e-124
799           	-1.744208e-124
800           	-1.220946e-124
801           	-8.546619e-125
802           	-5.982633e-125
803           	-4.187843e-125
804           	-2.931490e-125
805           	-2.052043e-125
806           	-1.436430e-125
807           	-1.005501e-125
808           	-7.038508e-126
809           	-4.926956e-126
810           	-3.448869e-126
811           	-2.414208e-126
812           	-1.689946e-126
813           	-1.182962e-126
814           	-8.280735e-127
815           	-5.796514e-127
816           	-4.057560e-127
817           	-2.840292e-127
818           	-1.988204e-127
819           	-1.391743e-127
820           	-9.742201e-128
821           	-6.819541e-128
822           	-4.773679e-128
823           	-3.341575e-128
824           	-2.339103e-128
825           	-1.637372e-128
826           	-1.146160e-128
827           	-8.023122e-129
828           	-5.616185e-129
829           	-3.931330e-129
830           	-2.751931e-129
831           	-1.926352e-129
832           	-1.348446e-129
833           	-9.439123e-130
834           	-6.607386e-130
835           	-4.625170e-130
836           	-3.237619e-130
837           	-2.266333e-130
838           	-1.586433e-130
839           	-1.110503e-130
840           	-7.773523e-131
841           	-5.441466e-131
842           	-3.809026e-131
843           	-2.666318e-131
844           	-1.866423e-131
845           	-1.306496e-131
846           	-9.145472e-132
847           	-6.401831e-132
848           	-4.481281e-132
849           	-3.136897e-132
850           	-2.195828e-132
851           	-1.537080e-132
852           	-1.075956e-132
853           	-7.531690e-133
854           	-5.272183e-133
855           	-3.690528e-133
856           	-2.583370e-133
857           	-1.808359e-133
858           	-1.265851e-133
859           	-8.860958e-134
860           	-6.202670e-134
861           	-4.341869e-134
862           	-3.039308e-134
863           	-2.127516e-134
864           	-1.489261e-134
865           	-1.042483e-134
866           	-7.297380e-135
867           	-5.108166e-135
868           	-3.575716e-135
869           	-2.503001e-135
870           	-1.752101e-135
871           	-1.226471e-135
872           	-8.585294e-136
873           	-6.009706e-136
874           	-4.206794e-136
875           	-2.944756e-136
876           	-2.061329e-136
877           	-1.442930e-136
878           	-1.010051e-136
879           	-7.070359e-137
880           	-4.949251e-137
881           	-3.464476e-137
882           	-2.425133e-137
883           	-1.697593e-137
884           	-1.188315e-137
885           	-8.318207e-138
886           	-5.822745e-138
887           	-4.075921e-138
888           	-2.853145e-138
889           	-1.997201e-138
890           	-1.398041e-138
891           	-9.786287e-139
892           	-6.850401e-139
893           	-4.795281e-139
894           	-3.356696e-139
895           	-2.349687e-139
896           	-1.644781e-139
897           	-1.151347e-139
898           	-8.059428e-140
899           	-5.641600e-140
900           	-3.949120e-140
901           	-2.764384e-140
902           	-1.935069e-140
903           	-1.354548e-140
904           	-9.481837e-141
905           	-6.637286e-141
906           	-4.646100e-141
907           	-3.252270e-141
908           	-2.276589e-141
909           	-1.593612e-141
910           	-1.115529e-141
911           	-7.808700e-142
912           	-5.466090e-142
913           	-3.826263e-142
914           	-2.678384e-142
915           	-1.874869e-142
916           	-1.312408e-142
917           	-9.186858e-143
918           	-6.430800e-143
919           	-4.501560e-143
920           	-3.151092e-143
921           	-2.205765e-143
922           	-1.544035e-143
923           	-1.080825e-143
924           	-7.565772e-144
925           	-5.296041e-144
926           	-3.707228e-144
927           	-2.595060e-144
928           	-1.816542e-144
929           	-1.271579e-144
930           	-8.901055e-145
931           	-6.230739e-145
932           	-4.361517e-145
933           	-3.053062e-145
934           	-2.137143e-145
935           	-1.496000e-145
936           	-1.047200e-145
937           	-7.330402e-146
938           	-5.131281e-146
939           	-3.591897e-146
940           	-2.514328e-146
941           	-1.760029e-146
942           	-1.232021e-146
943           	-8.624144e-147
944           	-6.036901e-147
945           	-4.225831e-147
946           	-2.958082e-147
947           	-2.070657e-147
948           	-1.449460e-147
949           	-1.014622e-147
950           	-7.102354e-148
951           	-4.971648e-148
952           	-3.480153e-148
953           	-2.436107e-148
954           	-1.705275e-148
955           	-1.193693e-148
956           	-8.355848e-149
957           	-5.849094e-149
958           	-4.094366e-149
959           	-2.866056e-149
960           	-2.006239e-149
961           	-1.404367e-149
962           	-9.830572e-150
963           	-6.881400e-150
964           	-4.816980e-150
965           	-3.371886e-150
966           	-2.360320e-150
967           	-1.652224e-150
968           	-1.156557e-150
969           	-8.095899e-151
970           	-5.667129e-151
971           	-3.966990e-151
972           	-2.776893e-151
973           	-1.943825e-151
974           	-1.360678e-151
975           	-9.524744e-152
976           	-6.667321e-152
977           	-4.667124e-152
978           	-3.266987e-152
979           	-2.286891e-152
980           	-1.600824e-152
981           	-1.120577e-152
982           	-7.844036e-153
983           	-5.490825e-153
984           	-3.843578e-153
985           	-2.690504e-153
986           	-1.883353e-153
987           	-1.318347e-153
988           	-9.228430e-154
989           	-6.459901e-154
990           	-4.521931e-154
991           	-3.165352e-154
992           	-2.215746e-154
993           	-1.551022e-154
994           	-1.085716e-154
995           	-7.600009e-155
996           	-5.320006e-155
997           	-3.724004e-155
998           	-2.606803e-155
999           	-1.824762e-155
1000          	-1.277334e-155
1001          	-8.941335e-156
1002          	-6.258934e-156
1003          	-4.381254e-156
1004          	-3.066878e-156
1005          	-2.146814e-156
1006          	-1.502770e-156
1007          	-1.051939e-156
1008          	-7.363573e-157
1009          	-5.154501e-157
1010          	-3.608151e-157
1011          	-2.525706e-157
1012          	-1.767994e-157
1013          	-1.237596e-157
1014          	-8.663171e-158
1015          	-6.064219e-158
1016          	-4.244954e-158
1017          	-2.971468e-158
1018          	-2.080027e-158
1019          	-1.456019e-158
1020          	-1.019213e-158
1021          	-7.134493e-159
1022          	-4.994145e-159
1023          	-3.495902e-159
1024          	-2.447131e-159
1025          	-1.712992e-159
1026          	-1.199094e-159
1027          	-8.393660e-160
1028          	-5.875562e-160
1029          	-4.112894e-160
1030          	-2.879025e-160
1031          	-2.015318e-160
1032          	-1.410722e-160
1033          	-9.875057e-161
1034          	-6.912540e-161
1035          	-4.838778e-161
1036          	-3.387145e-161
1037          	-2.371001e-161
1038          	-1.659701e-161
1039          	-1.161791e-161
1040          	-8.132534e-162
1041          	-5.692774e-162
1042          	-3.984942e-162
1043          	-2.789459e-162
1044          	-1.952621e-162
1045          	-1.366835e-162
1046          	-9.567845e-163
1047          	-6.697492e-163
1048          	-4.688244e-163
1049          	-3.281771e-163
1050          	-2.297240e-163
1051          	-1.608068e-163
1052          	-1.125647e-163
1053          	-7.879532e-164
1054          	-5.515672e-164
1055          	-3.860971e-164
1056          	-2.702679e-164
1057          	-1.891876e-164
1058          	-1.324313e-164
1059          	-9.270191e-165
1060          	-6.489133e-165
1061          	-4.542393e-165
1062          	-3.179675e-165
1063          	-2.225773e-165
1064          	-1.558041e-165
1065          	-1.090629e-165
1066          	-7.634401e-166
1067          	-5.344080e-166
1068          	-3.740856e-166
1069          	-2.618599e-166
1070          	-1.833020e-166
1071          	-1.283114e-166
1072          	-8.981796e-167
1073          	-6.287257e-167
1074          	-4.401080e-167
1075          	-3.080756e-167
1076          	-2.156529e-167
1077          	-1.509570e-167
1078          	-1.056699e-167
1079          	-7.396895e-168
1080          	-5.177827e-168
1081          	-3.624479e-168
1082          	-2.537135e-168
1083          	-1.775995e-168
1084          	-1.243196e-168
1085          	-8.702373e-169
1086          	-6.091661e-169
1087          	-4.264163e-169
1088          	-2.984914e-169
1089          	-2.089440e-169
1090          	-1.462608e-169
1091          	-1.023826e-169
1092          	-7.166779e-170
1093          	-5.016745e-170
1094          	-3.511721e-170
1095          	-2.458205e-170
1096          	-1.720744e-170
1097          	-1.204520e-170
1098          	-8.431643e-171
1099          	-5.902150e-171
1100          	-4.131505e-171
1101          	-2.892054e-171
1102          	-2.024438e-171
1103          	-1.417106e-171
1104          	-9.919744e-172
1105          	-6.943821e-172
1106          	-4.860675e-172
1107          	-3.402472e-172
1108          	-2.381731e-172
1109          	-1.667211e-172
1110          	-1.167048e-172
1111          	-8.169336e-173
1112          	-5.718535e-173
1113          	-4.002975e-173
1114          	-2.802082e-173
1115          	-1.961458e-173
1116          	-1.373020e-173
1117          	-9.611142e-174
1118          	-6.727799e-174
1119          	-4.709460e-174
1120          	-3.296622e-174
1121          	-2.307635e-174
1122          	-1.615345e-174
1123          	-1.130741e-174
1124          	-7.915189e-175
1125          	-5.540632e-175
1126          	-3.878442e-175
1127          	-2.714910e-175
1128          	-1.900437e-175
1129          	-1.330306e-175
1130          	-9.312140e-176
1131          	-6.518498e-176
1132          	-4.562949e-176
1133          	-3.194064e-176
1134          	-2.235845e-176
1135          	-1.565091e-176
1136          	-1.095564e-176
1137          	-7.668948e-177
1138          	-5.368264e-177
1139          	-3.757784e-177
1140          	-2.630449e-177
1141          	-1.841314e-177
1142          	-1.288920e-177
1143          	-9.022441e-178
1144          	-6.315708e-178
1145          	-4.420996e-178
1146          	-3.094697e-178
1147          	-2.166288e-178
1148          	-1.516402e-178
1149          	-1.061481e-178
1150          	-7.430368e-179
1151          	-5.201257e-179
1152          	-3.640880e-179
1153          	-2.548616e-179
1154          	-1.784031e-179
1155          	-1.248822e-179
1156          	-8.741753e-180
1157          	-6.119227e-180
1158          	-4.283459e-180
1159          	-2.998421e-180
1160          	-2.098895e-180
1161          	-1.469226e-180
1162          	-1.028459e-180
1163          	-7.199210e-181
1164          	-5.039447e-181
1165          	-3.527613e-181
1166          	-2.469329e-181
1167          	-1.728530e-181
1168          	-1.209971e-181
1169          	-8.469798e-182
1170          	-5.928859e-182
1171          	-4.150201e-182
1172          	-2.905141e-182
1173          	-2.033599e-182
1174          	-1.423519e-182
1175          	-9.964633e-183
1176          	-6.975243e-183
1177          	-4.882670e-183
1178          	-3.417869e-183
1179          	-2.392508e-183
1180          	-1.674756e-183
1181          	-1.172329e-183
1182          	-8.206304e-184
1183          	-5.744413e-184
1184          	-4.021089e-184
1185          	-2.814762e-184
1186          	-1.970334e-184
1187          	-1.379233e-184
1188          	-9.654634e-185
1189          	-6.758244e-185
1190          	-4.730771e-185
1191          	-3.311540e-185
1192          	-2.318078e-185
1193          	-1.622654e-185
1194          	-1.135858e-185
1195          	-7.951006e-186
1196          	-5.565705e-186
1197          	-3.895993e-186
1198          	-2.727195e-186
1199          	-1.909037e-186
1200          	-1.336326e-186
1201          	-9.354280e-187
1202          	-6.547996e-187
1203          	-4.583597e-187
1204          	-3.208518e-187
1205          	-2.245963e-187
1206          	-1.572174e-187
1207          	-1.100522e-187
1208          	-7.703652e-188
1209          	-5.392556e-188
1210          	-3.774789e-188
1211          	-2.642352e-188
1212          	-1.849647e-188
1213          	-1.294753e-188
1214          	-9.063269e-189
1215          	-6.344288e-189
1216          	-4.441002e-189
1217          	-3.108701e-189
1218          	-2.176091e-189
1219          	-1.523264e-189
1220          	-1.066285e-189
1221          	-7.463992e-190
1222          	-5.224794e-190
1223          	-3.657356e-190
1224          	-2.560149e-190
1225          	-1.792104e-190
1226          	-1.254473e-190
1227          	-8.781312e-191
1228          	-6.146918e-191
1229          	-4.302843e-191
1230          	-3.011990e-191
1231          	-2.108393e-191
1232          	-1.475875e-191
1233          	-1.033113e-191
1234          	-7.231788e-192
1235          	-5.062251e-192
1236          	-3.543576e-192
1237          	-2.480503e-192
1238          	-1.736352e-192
1239          	-1.215447e-192
1240          	-8.508126e-193
1241          	-5.955688e-193
1242          	-4.168982e-193
1243          	-2.918287e-193
1244          	-2.042801e-193
1245          	-1.429961e-193
1246          	-1.000973e-193
1247          	-7.006808e-194
1248          	-4.904765e-194
1249          	-3.433336e-194
1250          	-2.403335e-194
1251          	-1.682334e-194
1252          	-1.177634e-194
1253          	-8.243439e-195
1254          	-5.770407e-195
1255          	-4.039285e-195
1256          	-2.827500e-195
1257          	-1.979250e-195
1258          	-1.385475e-195
1259          	-9.698324e-196
1260          	-6.788826e-196
1261          	-4.752179e-196
1262          	-3.326525e-196
1263          	-2.328567e-196
1264          	-1.629997e-196
1265          	-1.140998e-196
1266          	-7.986986e-197
1267          	-5.590891e-197
1268          	-3.913623e-197
1269          	-2.739536e-197
1270          	-1.917675e-197
1271          	-1.342373e-197
1272          	-9.396610e-198
1273          	-6.577627e-198
1274          	-4.604339e-198
1275          	-3.223037e-198
1276          	-2.256126e-198
1277          	-1.579288e-198
1278          	-1.105502e-198
1279          	-7.738512e-199
1280          	-5.416959e-199
1281          	-3.791871e-199
1282          	-2.654310e-199
1283          	-1.858017e-199
1284          	-1.300612e-199
1285          	-9.104282e-200
1286          	-6.372998e-200
1287          	-4.461098e-200
1288          	-3.122769e-200
1289          	-2.185938e-200
1290          	-1.530157e-200
1291          	-1.071110e-200
1292          	-7.497768e-201
1293          	-5.248437e-201
1294          	-3.673906e-201
1295          	-2.571734e-201
1296          	-1.800214e-201
1297          	-1.260150e-201
1298          	-8.821049e-202
1299          	-6.174734e-202
1300          	-4.322314e-202
1301          	-3.025620e-202
1302          	-2.117934e-202
1303          	-1.482554e-202
1304          	-1.037788e-202
1305          	-7.264513e-203
1306          	-5.085159e-203
1307          	-3.559611e-203
1308          	-2.491728e-203
1309          	-1.744210e-203
1310          	-1.220947e-203
1311          	-8.546627e-204
1312          	-5.982639e-204
1313          	-4.187847e-204
1314          	-2.931493e-204
1315          	-2.052045e-204
1316          	-1.436432e-204
1317          	-1.005502e-204
1318          	-7.038515e-205
1319          	-4.926960e-205
1320          	-3.448872e-205
1321          	-2.414211e-205
1322          	-1.689947e-205
1323          	-1.182963e-205
1324          	-8.280742e-206
1325          	-5.796520e-206
1326          	-4.057564e-206
1327          	-2.840295e-206
1328          	-1.988206e-206
1329          	-1.391744e-206
1330          	-9.742211e-207
1331          	-6.819547e-207
1332          	-4.773683e-207
1333          	-3.341578e-207
1334          	-2.339105e-207
1335          	-1.637373e-207
1336          	-1.146161e-207
1337          	-8.023129e-208
1338          	-5.616190e-208
1339          	-3.931333e-208
1340          	-2.751933e-208
1341          	-1.926353e-208
1342          	-1.348447e-208
1343          	-9.439131e-209
1344          	-6.607392e-209
1345          	-4.625174e-209
1346          	-3.237622e-209
1347          	-2.266335e-209
1348          	-1.586435e-209
1349          	-1.110504e-209
1350          	-7.773531e-210
1351          	-5.441471e-210
1352          	-3.809030e-210
1353          	-2.666321e-210
1354          	-1.866425e-210
1355          	-1.306497e-210
1356          	-9.145481e-211
1357          	-6.401837e-211
1358          	-4.481286e-211
1359          	-3.136900e-211
1360          	-2.195830e-211
1361          	-1.537081e-211
1362          	-1.075957e-211
1363          	-7.531697e-212
1364          	-5.272188e-212
1365          	-3.690531e-212
1366          	-2.583372e-212
1367          	-1.808360e-212
1368          	-1.265852e-212
1369          	-8.860966e-213
1370          	-6.202676e-213
1371          	-4.341873e-213
1372          	-3.039311e-213
1373          	-2.127518e-213
1374          	-1.489263e-213
1375          	-1.042484e-213
1376          	-7.297387e-214
1377          	-5.108171e-214
1378          	-3.575719e-214
1379          	-2.503004e-214
1380          	-1.752103e-214
1381          	-1.226472e-214
1382          	-8.585302e-215
1383          	-6.009712e-215
1384          	-4.206798e-215
1385          	-2.944759e-215
1386          	-2.061331e-215
1387          	-1.442932e-215
1388          	-1.010052e-215
1389          	-7.070366e-216
1390          	-4.949256e-216
1391          	-3.464479e-216
1392          	-2.425135e-216
1393          	-1.697595e-216
1394          	-1.188316e-216
1395          	-8.318214e-217
1396          	-5.822750e-217
1397          	-4.075925e-217
1398          	-2.853148e-217
1399          	-1.997203e-217
1400          	-1.398042e-217
1401          	-9.786296e-218
1402          	-6.850407e-218
1403          	-4.795285e-218
1404          	-3.356700e-218
1405          	-2.349690e-218
1406          	-1.644783e-218
1407          	-1.151348e-218
1408          	-8.059436e-219
1409          	-5.641605e-219
1410          	-3.949123e-219
1411          	-2.764386e-219
1412          	-1.935070e-219
1413          	-1.354549e-219
1414          	-9.481845e-220
1415          	-6.637292e-220
1416          	-4.646104e-220
1417          	-3.252273e-220
1418          	-2.276591e-220
1419          	-1.593614e-220
1420          	-1.115530e-220
1421          	-7.808707e-221
1422          	-5.466095e-221
1423          	-3.826267e-221
1424          	-2.678387e-221
1425          	-1.874871e-221
1426          	-1.312409e-221
1427          	-9.186866e-222
1428          	-6.430806e-222
1429          	-4.501564e-222
1430          	-3.151095e-222
1431          	-2.205767e-222
1432          	-1.544037e-222
1433          	-1.080826e-222
1434          	-7.565779e-223
1435          	-5.296046e-223
1436          	-3.707232e-223
1437          	-2.595062e-223
1438          	-1.816544e-223
1439          	-1.271581e-223
1440          	-8.901064e-224
1441          	-6.230745e-224
1442          	-4.361521e-224
1443          	-3.053065e-224
1444          	-2.137145e-224
1445          	-1.496002e-224
1446          	-1.047201e-224
1447          	-7.330409e-225
1448          	-5.131286e-225
1449          	-3.591900e-225
1450          	-2.514330e-225
1451          	-1.760031e-225
1452          	-1.232022e-225
1453          	-8.624153e-226
1454          	-6.036907e-226
1455          	-4.225835e-226
1456          	-2.958084e-226
1457          	-2.070659e-226
1458          	-1.449461e-226
1459          	-1.014623e-226
1460          	-7.102360e-227
1461          	-4.971652e-227
1462          	-3.480157e-227
1463          	-2.436110e-227
1464          	-1.705277e-227
1465          	-1.193694e-227
1466          	-8.355856e-228
1467          	-5.849099e-228
1468          	-4.094369e-228
1469          	-2.866059e-228
1470          	-2.006241e-228
1471          	-1.404369e-228
1472          	-9.830581e-229
1473          	-6.881407e-229
1474          	-4.816985e-229
1475          	-3.371889e-229
1476          	-2.360323e-229
1477          	-1.652226e-229
1478          	-1.156558e-229
1479          	-8.095906e-230
1480          	-5.667134e-230
1481          	-3.966994e-230
1482          	-2.776896e-230
1483          	-1.943827e-230
1484          	-1.360679e-230
1485          	-9.524753e-231
1486          	-6.667327e-231
1487          	-4.667129e-231
1488          	-3.266990e-231
1489          	-2.286893e-231
1490          	-1.600825e-231
1491          	-1.120578e-231
1492          	-7.844043e-232
1493          	-5.490830e-232
1494          	-3.843581e-232
1495          	-2.690507e-232
1496          	-1.883355e-232
1497          	-1.318348e-232
1498          	-9.228439e-233
1499          	-6.459907e-233
1500          	-4.521935e-233
1501          	-3.165354e-233
1502          	-2.215748e-233
1503          	-1.551024e-233
1504          	-1.085717e-233
1505          	-7.600016e-234
1506          	-5.320011e-234
1507          	-3.724008e-234
1508          	-2.606806e-234
1509          	-1.824764e-234
1510          	-1.277335e-234
1511          	-8.941343e-235
1512          	-6.258940e-235
1513          	-4.381258e-235
1514          	-3.066881e-235
1515          	-2.146816e-235
1516          	-1.502772e-235
1517          	-1.051940e-235
1518          	-7.363580e-236
1519          	-5.154506e-236
1520          	-3.608154e-236
1521          	-2.525708e-236
1522          	-1.767996e-236
1523          	-1.237597e-236
1524          	-8.663179e-237
1525          	-6.064225e-237
1526          	-4.244958e-237
1527          	-2.971470e-237
1528          	-2.080029e-237
1529          	-1.456020e-237
1530          	-1.019214e-237
1531          	-7.134500e-238
1532          	-4.994150e-238
1533          	-3.495905e-238
1534          	-2.447134e-238
1535          	-1.712993e-238
1536          	-1.199095e-238
1537          	-8.393668e-239
1538          	-5.875568e-239
1539          	-4.112897e-239
1540          	-2.879028e-239
1541          	-2.015320e-239
1542          	-1.410724e-239
1543          	-9.875067e-240
1544          	-6.912547e-240
1545          	-4.838783e-240
1546          	-3.387148e-240
1547          	-2.371003e-240
1548          	-1.659702e-240
1549          	-1.161792e-240
1550          	-8.132542e-241
1551          	-5.692779e-241
1552          	-3.984946e-241
1553          	-2.789462e-241
1554          	-1.952623e-241
1555          	-1.366836e-241
1556          	-9.567854e-242
1557          	-6.697498e-242
1558          	-4.688249e-242
1559          	-3.281774e-242
1560          	-2.297242e-242
1561          	-1.608069e-242
1562          	-1.125648e-242
1563          	-7.879539e-243
1564          	-5.515678e-243
1565          	-3.860974e-243
1566          	-2.702682e-243
1567          	-1.891877e-243
1568          	-1.324314e-243
1569          	-9.270199e-244
1570          	-6.489140e-244
1571          	-4.542398e-244
1572          	-3.179678e-244
1573          	-2.225775e-244
1574          	-1.558042e-244
1575          	-1.090630e-244
1576          	-7.634408e-245
1577          	-5.344085e-245
1578          	-3.740860e-245
1579          	-2.618602e-245
1580          	-1.833021e-245
1581          	-1.283115e-245
1582          	-8.981804e-246
1583          	-6.287263e-246
1584          	-4.401084e-246
1585          	-3.080759e-246
1586          	-2.156531e-246
1587          	-1.509572e-246
1588          	-1.056700e-246
1589          	-7.396902e-247
1590          	-5.177832e-247
1591          	-3.624482e-247
1592          	-2.537137e-247
1593          	-1.775996e-247
1594          	-1.243197e-247
1595          	-8.702381e-248
1596          	-6.091667e-248
1597          	-4.264167e-248
1598          	-2.984917e-248
1599          	-2.089442e-248
1600          	-1.462609e-248
1601          	-1.023826e-248
1602          	-7.166785e-249
1603          	-5.016750e-249
1604          	-3.511725e-249
1605          	-2.458207e-249
1606          	-1.720745e-249
1607          	-1.204522e-249
1608          	-8.431651e-250
1609          	-5.902156e-250
1610          	-4.131509e-250
1611          	-2.892056e-250
1612          	-2.024439e-250
1613          	-1.417108e-250
1614          	-9.919753e-251
1615          	-6.943827e-251
1616          	-4.860679e-251
1617          	-3.402475e-251
1618          	-2.381733e-251
1619          	-1.667213e-251
1620          	-1.167049e-251
1621          	-8.169343e-252
1622          	-5.718540e-252
1623          	-4.002978e-252
1624          	-2.802085e-252
1625          	-1.961459e-252
1626          	-1.373022e-252
1627          	-9.611151e-253
1628          	-6.727806e-253
1629          	-4.709464e-253
1630          	-3.296625e-253
1631          	-2.307637e-253
1632          	-1.615346e-253
1633          	-1.130742e-253
1634          	-7.915196e-254
1635          	-5.540637e-254
1636          	-3.878446e-254
1637          	-2.714912e-254
1638          	-1.900439e-254
1639          	-1.330307e-254
1640          	-9.312149e-255
1641          	-6.518504e-255
1642          	-4.562953e-255
1643          	-3.194067e-255
1644          	-2.235847e-255
1645          	-1.565093e-255
1646          	-1.095565e-255
1647          	-7.668955e-256
1648          	-5.368269e-256
1649          	-3.757788e-256
1650          	-2.630452e-256
1651          	-1.841316e-256
1652          	-1.288921e-256
1653          	-9.022449e-257
1654          	-6.315714e-257
1655          	-4.421000e-257
1656          	-3.094700e-257
1657          	-2.166290e-257
1658          	-1.516403e-257
1659          	-1.061482e-257
1660          	-7.430375e-258
1661          	-5.201262e-258
1662          	-3.640884e-258
1663          	-2.548619e-258
1664          	-1.784033e-258
1665          	-1.248823e-258
1666          	-8.741762e-259
1667          	-6.119233e-259
1668          	-4.283463e-259
1669          	-2.998424e-259
1670          	-2.098897e-259
1671          	-1.469228e-259
1672          	-1.028460e-259
1673          	-7.199217e-260
1674          	-5.039452e-260
1675          	-3.527616e-260
1676          	-2.469331e-260
1677          	-1.728532e-260
1678          	-1.209972e-260
1679          	-8.469806e-261
1680          	-5.928864e-261
1681          	-4.150205e-261
1682          	-2.905144e-261
1683          	-2.033600e-261
1684          	-1.423520e-261
1685          	-9.964642e-262
1686          	-6.975250e-262
1687          	-4.882675e-262
1688          	-3.417872e-262
1689          	-2.392511e-262
1690          	-1.674757e-262
1691          	-1.172330e-262
1692          	-8.206311e-263
1693          	-5.744418e-263
1694          	-4.021093e-263
1695          	-2.814765e-263
1696          	-1.970335e-263
1697          	-1.379235e-263
1698          	-9.654643e-264
1699          	-6.758250e-264
1700          	-4.730775e-264
1701          	-3.311543e-264
1702          	-2.318080e-264
1703          	-1.622656e-264
1704          	-1.135859e-264
1705          	-7.951014e-265
1706          	-5.565710e-265
1707          	-3.895997e-265
1708          	-2.727198e-265
1709          	-1.909038e-265
1710          	-1.336327e-265
1711          	-9.354288e-266
1712          	-6.548002e-266
1713          	-4.583601e-266
1714          	-3.208521e-266
1715          	-2.245965e-266
1716          	-1.572175e-266
1717          	-1.100523e-266
1718          	-7.703659e-267
1719          	-5.392561e-267
1720          	-3.774793e-267
1721          	-2.642355e-267
1722          	-1.849648e-267
1723          	-1.294754e-267
1724          	-9.063277e-268
1725          	-6.344294e-268
1726          	-4.441006e-268
1727          	-3.108704e-268
1728          	-2.176093e-268
1729          	-1.523265e-268
1730          	-1.066286e-268
1731          	-7.463999e-269
1732          	-5.224799e-269
1733          	-3.657359e-269
1734          	-2.560152e-269
1735          	-1.792106e-269
1736          	-1.254474e-269
1737          	-8.781320e-270
1738          	-6.146924e-270
1739          	-4.302847e-270
1740          	-3.011993e-270
1741          	-2.108395e-270
1742          	-1.475876e-270
1743          	-1.033113e-270
1744          	-7.231794e-271
1745          	-5.062256e-271
1746          	-3.543579e-271
1747          	-2.480506e-271
1748          	-1.736354e-271
1749          	-1.215448e-271
1750          	-8.508134e-272
1751          	-5.955694e-272
1752          	-4.168986e-272
1753          	-2.918290e-272
1754          	-2.042803e-272
1755          	-1.429962e-272
1756          	-1.000973e-272
1757          	-7.006814e-273
1758          	-4.904770e-273
1759          	-3.433339e-273
1760          	-2.403337e-273
1761          	-1.682336e-273
1762          	-1.177635e-273
1763          	-8.243447e-274
1764          	-5.770413e-274
1765          	-4.039289e-274
1766          	-2.827502e-274
1767          	-1.979252e-274
1768          	-1.385476e-274
1769          	-9.698333e-275
1770          	-6.788833e-275
1771          	-4.752183e-275
1772          	-3.326528e-275
1773          	-2.328570e-275
1774          	-1.629999e-275
1775          	-1.140999e-275
1776          	-7.986994e-276
1777          	-5.590896e-276
1778          	-3.913627e-276
1779          	-2.739539e-276
1780          	-1.917677e-276
1781          	-1.342374e-276
1782          	-9.396619e-277
1783          	-6.577633e-277
1784          	-4.604343e-277
1785          	-3.223040e-277
1786          	-2.256128e-277
1787          	-1.579290e-277
1788          	-1.105503e-277
1789          	-7.738519e-278
1790          	-5.416964e-278
1791          	-3.791875e-278
1792          	-2.654312e-278
1793          	-1.858019e-278
1794          	-1.300613e-278
1795          	-9.104291e-279
1796          	-6.373003e-279
1797          	-4.461102e-279
1798          	-3.122772e-279
1799          	-2.185940e-279
1800          	-1.530158e-279
1801          	-1.071111e-279
1802          	-7.497775e-280
1803          	-5.248442e-280
1804          	-3.673910e-280
1805          	-2.571737e-280
1806          	-1.800216e-280
1807          	-1.260151e-280
1808          	-8.821057e-281
1809          	-6.174740e-281
1810          	-4.322318e-281
1811          	-3.025623e-281
1812          	-2.117936e-281
1813          	-1.482555e-281
1814          	-1.037789e-281
1815          	-7.264520e-282
1816          	-5.085164e-282
1817          	-3.559615e-282
1818          	-2.491730e-282
1819          	-1.744211e-282
1820          	-1.220948e-282
1821          	-8.546635e-283
1822          	-5.982644e-283
1823          	-4.187851e-283
1824          	-2.931496e-283
1825          	-2.052047e-283
1826          	-1.436433e-283
1827          	-1.005503e-283
1828          	-7.038521e-284
1829          	-4.926965e-284
1830          	-3.448875e-284
1831          	-2.414213e-284
1832          	-1.689949e-284
1833          	-1.182964e-284
1834          	-8.280750e-285
1835          	-5.796525e-285
1836          	-4.057568e-285
1837          	-2.840297e-285
1838          	-1.988208e-285
1839          	-1.391746e-285
1840          	-9.742220e-286
1841          	-6.819554e-286
1842          	-4.773688e-286
1843          	-3.341581e-286
1844          	-2.339107e-286
1845          	-1.637375e-286
1846          	-1.146162e-286
1847          	-8.023137e-287
1848          	-5.616196e-287
1849          	-3.931337e-287
1850          	-2.751936e-287
1851          	-1.926355e-287
1852          	-1.348449e-287
1853          	-9.439140e-288
1854          	-6.607398e-288
1855          	-4.625179e-288
1856          	-3.237625e-288
1857          	-2.266338e-288
1858          	-1.586436e-288
1859          	-1.110505e-288
1860          	-7.773538e-289
1861          	-5.441476e-289
1862          	-3.809034e-289
1863          	-2.666323e-289
1864          	-1.866426e-289
1865          	-1.306499e-289
1866          	-9.145490e-290
1867          	-6.401843e-290
1868          	-4.481290e-290
1869          	-3.136903e-290
1870          	-2.195832e-290
1871          	-1.537082e-290
1872          	-1.075958e-290
1873          	-7.531704e-291
1874          	-5.272193e-291
1875          	-3.690535e-291
1876          	-2.583374e-291
1877          	-1.808362e-291
1878          	-1.265853e-291
1879          	-8.860974e-292
1880          	-6.202682e-292
1881          	-4.341877e-292
1882          	-3.039314e-292
1883          	-2.127520e-292
1884          	-1.489264e-292
1885          	-1.042485e-292
1886          	-7.297393e-293
1887          	-5.108175e-293
1888          	-3.575723e-293
1889          	-2.503006e-293
1890          	-1.752104e-293
1891          	-1.226473e-293
1892          	-8.585310e-294
1893          	-6.009717e-294
1894          	-4.206802e-294
1895          	-2.944761e-294
1896          	-2.061333e-294
1897          	-1.442933e-294
1898          	-1.010053e-294
1899          	-7.070372e-295
1900          	-4.949261e-295
1901          	-3.464482e-295
1902          	-2.425138e-295
1903          	-1.697596e-295
1904          	-1.188317e-295
1905          	-8.318222e-296
1906          	-5.822756e-296
1907          	-4.075929e-296
1908          	-2.853150e-296
1909          	-1.997205e-296
1910          	-1.398044e-296
1911          	-9.786305e-297
1912          	-6.850414e-297
1913          	-4.795290e-297
1914          	-3.356703e-297
1915          	-2.349692e-297
1916          	-1.644784e-297
1917          	-1.151349e-297
1918          	-8.059443e-298
1919          	-5.641610e-298
1920          	-3.949127e-298
1921          	-2.764389e-298
1922          	-1.935072e-298
1923          	-1.354551e-298
1924          	-9.481854e-299
1925          	-6.637298e-299
1926          	-4.646109e-299
1927          	-3.252276e-299
1928          	-2.276593e-299
1929          	-1.593615e-299
1930          	-1.115531e-299
1931          	-7.808715e-300
1932          	-5.466100e-300
1933          	-3.826270e-300
1934          	-2.678389e-300
1935          	-1.874872e-300
1936          	-1.312411e-300
1937          	-9.186875e-301
1938          	-6.430812e-301
1939          	-4.501569e-301
1940          	-3.151098e-301
1941          	-2.205769e-301
1942          	-1.544038e-301
1943          	-1.080827e-301
1944          	-7.565786e-302
1945          	-5.296051e-302
1946          	-3.707235e-302
1947          	-2.595065e-302
1948          	-1.816545e-302
1949          	-1.271582e-302
1950          	-8.901072e-303
1951          	-6.230750e-303
1952          	-4.361525e-303
1953          	-3.053068e-303
1954          	-2.137147e-303
1955          	-1.496003e-303
1956          	-1.047202e-303
1957          	-7.330416e-304
1958          	-5.131291e-304
1959          	-3.591904e-304
1960          	-2.514333e-304
1961          	-1.760033e-304
1962          	-1.232023e-304
1963          	-8.624161e-305
1964          	-6.036912e-305
1965          	-4.225839e-305
1966          	-2.958087e-305
1967          	-2.070661e-305
1968          	-1.449463e-305
1969          	-1.014624e-305
1970          	-7.102367e-306
1971          	-4.971657e-306
1972          	-3.480160e-306
1973          	-2.436112e-306
1974          	-1.705278e-306
1975          	-1.193695e-306
1976          	-8.355864e-307
1977          	-5.849105e-307
1978          	-4.094373e-307
1979          	-2.866061e-307
1980          	-2.006243e-307
1981          	-1.404370e-307
1982          	-9.830590e-308
1983          	-6.881413e-308
1984          	-4.816989e-308
1985          	-3.371892e-308
1986          	-2.360325e-308
1987          	-1.652227e-308
1988          	-1.156559e-308
1989          	-8.095914e-309
1990          	-5.667140e-309
1991          	-3.966998e-309
1992          	-2.776898e-309
1993          	-1.943829e-309
1994          	-1.360680e-309
1995          	-9.524762e-310
1996          	-6.667334e-310
1997          	-4.667133e-310
1998          	-3.266994e-310
1999          	-2.286895e-310
2000          	-1.600826e-310
2001          	-1.120578e-310
2002          	-7.844039e-311
2003          	-5.490816e-311
2004          	-3.843594e-311
2005          	-2.690504e-311
2006          	-1.883351e-311
2007          	-1.318349e-311
2008          	-9.228553e-312
2009          	-6.460086e-312
2010          	-4.521926e-312
2011          	-3.165261e-312
2012          	-2.215983e-312
2013          	-1.551010e-312
2014          	-1.085680e-312
2015          	-7.599915e-313
2016          	-5.320099e-313
2017          	-3.723674e-313
2018          	-2.606690e-313
2019          	-1.825276e-313
2020          	-1.278247e-313
2021          	-8.924802e-314
2022          	-6.248942e-314
2023          	-4.383350e-314
2024          	-3.063207e-314
2025          	-2.142269e-314
2026          	-1.501960e-314
2027          	-1.059277e-314
2028          	-7.509798e-315
2029          	-4.980182e-315
2030          	-3.359646e-315
2031          	-2.331990e-315
2032          	-1.541485e-315
2033          	-1.264808e-315
2034          	-8.695555e-316
2035          	-3.162020e-316
2036          	0.000000e+00
2037          	0.000000e+00
