# Region type : patch out
# Faces  :    144
# Area   :    1.250000e-07
# Time        	areaAverage(p)
0             	0.000000e+00
1             	2.646007e+05
2             	2.357297e+05
3             	8.933463e+04
4             	-1.210763e+04
5             	-3.816196e+04
6             	-2.363069e+04
7             	-3.449416e+03
8             	6.777550e+03
9             	7.167661e+03
10            	3.586772e+03
11            	5.946545e+02
12            	-4.300495e+02
13            	-1.259229e+02
14            	4.796152e+02
15            	8.187171e+02
16            	8.353726e+02
17            	7.023924e+02
18            	5.772318e+02
19            	5.174471e+02
20            	5.077225e+02
21            	5.136234e+02
22            	5.136328e+02
23            	5.037823e+02
24            	4.890632e+02
25            	4.748837e+02
26            	4.635800e+02
27            	4.548756e+02
28            	4.475659e+02
29            	4.407136e+02
30            	4.339959e+02
31            	4.275044e+02
32            	4.214213e+02
33            	4.158181e+02
34            	4.106389e+02
35            	4.057858e+02
36            	4.011917e+02
37            	3.968377e+02
38            	3.927183e+02
39            	3.888161e+02
40            	3.851039e+02
41            	3.815599e+02
42            	3.781732e+02
43            	3.749376e+02
44            	3.718431e+02
45            	3.688751e+02
46            	3.660229e+02
47            	3.632817e+02
48            	3.606475e+02
49            	3.581151e+02
50            	3.556767e+02
51            	3.533244e+02
52            	3.510533e+02
53            	3.488609e+02
54            	3.467435e+02
55            	3.446950e+02
56            	3.427103e+02
57            	3.407865e+02
58            	3.389224e+02
59            	3.371160e+02
60            	3.353639e+02
61            	3.336627e+02
62            	3.320104e+02
63            	3.304052e+02
64            	3.288449e+02
65            	3.273271e+02
66            	3.258497e+02
67            	3.244113e+02
68            	3.230104e+02
69            	3.216458e+02
70            	3.203158e+02
71            	3.190191e+02
72            	3.177547e+02
73            	3.165218e+02
74            	3.153193e+02
75            	3.141458e+02
76            	3.130000e+02
77            	3.118805e+02
78            	3.107863e+02
79            	3.097171e+02
80            	3.086726e+02
81            	3.076522e+02
82            	3.066553e+02
83            	3.056812e+02
84            	3.047295e+02
85            	3.037997e+02
86            	3.028915e+02
87            	3.020045e+02
88            	3.011384e+02
89            	3.002931e+02
90            	2.994683e+02
91            	2.986637e+02
92            	2.978790e+02
93            	2.971139e+02
94            	2.963684e+02
95            	2.956420e+02
96            	2.949348e+02
97            	2.942463e+02
98            	2.935764e+02
99            	2.929244e+02
100           	2.922900e+02
101           	2.916730e+02
102           	2.910731e+02
103           	2.904900e+02
104           	2.899234e+02
105           	2.893727e+02
106           	2.888375e+02
107           	2.883172e+02
108           	2.878113e+02
109           	2.873196e+02
110           	2.868415e+02
111           	2.863764e+02
112           	2.859239e+02
113           	2.854835e+02
114           	2.850550e+02
115           	2.846379e+02
116           	2.842318e+02
117           	2.838361e+02
118           	2.834503e+02
119           	2.830740e+02
120           	2.827066e+02
121           	2.823476e+02
122           	2.819965e+02
123           	2.816531e+02
124           	2.813166e+02
125           	2.809866e+02
126           	2.806628e+02
127           	2.803449e+02
128           	2.800323e+02
129           	2.797248e+02
130           	2.794219e+02
131           	2.791232e+02
132           	2.788286e+02
133           	2.785380e+02
134           	2.782511e+02
135           	2.779681e+02
136           	2.776888e+02
137           	2.774130e+02
138           	2.771408e+02
139           	2.768720e+02
140           	2.766069e+02
141           	2.763456e+02
142           	2.760882e+02
143           	2.758348e+02
144           	2.755854e+02
145           	2.753398e+02
146           	2.750983e+02
147           	2.748610e+02
148           	2.746279e+02
149           	2.743990e+02
150           	2.741743e+02
151           	2.739540e+02
152           	2.737382e+02
153           	2.735269e+02
154           	2.733201e+02
155           	2.731176e+02
156           	2.729195e+02
157           	2.727259e+02
158           	2.725364e+02
159           	2.723510e+02
160           	2.721694e+02
161           	2.719914e+02
162           	2.718167e+02
163           	2.716450e+02
164           	2.714762e+02
165           	2.713100e+02
166           	2.711465e+02
167           	2.709855e+02
168           	2.708268e+02
169           	2.706704e+02
170           	2.705162e+02
171           	2.703646e+02
172           	2.702157e+02
173           	2.700694e+02
174           	2.699259e+02
175           	2.697852e+02
176           	2.696477e+02
177           	2.695135e+02
178           	2.693829e+02
179           	2.692560e+02
180           	2.691329e+02
181           	2.690140e+02
182           	2.688994e+02
183           	2.687892e+02
184           	2.686833e+02
185           	2.685820e+02
186           	2.684854e+02
187           	2.683936e+02
188           	2.683068e+02
189           	2.682250e+02
190           	2.681482e+02
191           	2.680765e+02
192           	2.680100e+02
193           	2.679484e+02
194           	2.678918e+02
195           	2.678399e+02
196           	2.677928e+02
197           	2.677503e+02
198           	2.677119e+02
199           	2.676776e+02
200           	2.676471e+02
201           	2.676200e+02
202           	2.675960e+02
203           	2.675749e+02
204           	2.675564e+02
205           	2.675402e+02
206           	2.675261e+02
207           	2.675138e+02
208           	2.675029e+02
209           	2.674932e+02
210           	2.674845e+02
211           	2.674767e+02
212           	2.674697e+02
213           	2.674633e+02
214           	2.674575e+02
215           	2.674521e+02
216           	2.674472e+02
217           	2.674428e+02
218           	2.674391e+02
219           	2.674361e+02
220           	2.674337e+02
221           	2.674320e+02
222           	2.674309e+02
223           	2.674305e+02
224           	2.674309e+02
225           	2.674321e+02
226           	2.674342e+02
227           	2.674369e+02
228           	2.674402e+02
229           	2.674440e+02
230           	2.674482e+02
231           	2.674527e+02
232           	2.674574e+02
233           	2.674621e+02
234           	2.674667e+02
235           	2.674712e+02
236           	2.674753e+02
237           	2.674792e+02
238           	2.674825e+02
239           	2.674851e+02
240           	2.674869e+02
241           	2.674879e+02
242           	2.674880e+02
243           	2.674872e+02
244           	2.674853e+02
245           	2.674822e+02
246           	2.674780e+02
247           	2.674726e+02
248           	2.674660e+02
249           	2.674582e+02
250           	2.674492e+02
251           	2.674390e+02
252           	2.674277e+02
253           	2.674154e+02
254           	2.674020e+02
255           	2.673876e+02
256           	2.673724e+02
257           	2.673561e+02
258           	2.673390e+02
259           	2.673210e+02
260           	2.673023e+02
261           	2.672829e+02
262           	2.672628e+02
263           	2.672422e+02
264           	2.672209e+02
265           	2.671990e+02
266           	2.671765e+02
267           	2.671533e+02
268           	2.671296e+02
269           	2.671053e+02
270           	2.670804e+02
271           	2.670550e+02
272           	2.670290e+02
273           	2.670024e+02
274           	2.669752e+02
275           	2.669473e+02
276           	2.669187e+02
277           	2.668893e+02
278           	2.668591e+02
279           	2.668281e+02
280           	2.667961e+02
281           	2.667632e+02
282           	2.667293e+02
283           	2.666944e+02
284           	2.666584e+02
285           	2.666214e+02
286           	2.665835e+02
287           	2.665445e+02
288           	2.665047e+02
289           	2.664638e+02
290           	2.664220e+02
291           	2.663793e+02
292           	2.663358e+02
293           	2.662916e+02
294           	2.662467e+02
295           	2.662010e+02
296           	2.661546e+02
297           	2.661076e+02
298           	2.660600e+02
299           	2.660120e+02
300           	2.659634e+02
301           	2.659144e+02
302           	2.658649e+02
303           	2.658149e+02
304           	2.657646e+02
305           	2.657139e+02
306           	2.656628e+02
307           	2.656115e+02
308           	2.655598e+02
309           	2.655078e+02
310           	2.654557e+02
311           	2.654033e+02
312           	2.653506e+02
313           	2.652977e+02
314           	2.652446e+02
315           	2.651914e+02
316           	2.651380e+02
317           	2.650845e+02
318           	2.650309e+02
319           	2.649773e+02
320           	2.649235e+02
321           	2.648697e+02
322           	2.648158e+02
323           	2.647618e+02
324           	2.647078e+02
325           	2.646538e+02
326           	2.645998e+02
327           	2.645458e+02
328           	2.644917e+02
329           	2.644374e+02
330           	2.643829e+02
331           	2.643280e+02
332           	2.642730e+02
333           	2.642175e+02
334           	2.641618e+02
335           	2.641057e+02
336           	2.640492e+02
337           	2.639923e+02
338           	2.639351e+02
339           	2.638775e+02
340           	2.638196e+02
341           	2.637613e+02
342           	2.637028e+02
343           	2.636439e+02
344           	2.635848e+02
345           	2.635255e+02
346           	2.634660e+02
347           	2.634064e+02
348           	2.633467e+02
349           	2.632869e+02
350           	2.632269e+02
351           	2.631669e+02
352           	2.631068e+02
353           	2.630466e+02
354           	2.629863e+02
355           	2.629261e+02
356           	2.628658e+02
357           	2.628055e+02
358           	2.627451e+02
359           	2.626848e+02
360           	2.626245e+02
361           	2.625642e+02
362           	2.625038e+02
363           	2.624434e+02
364           	2.623828e+02
365           	2.623222e+02
366           	2.622616e+02
367           	2.622008e+02
368           	2.621399e+02
369           	2.620790e+02
370           	2.620179e+02
371           	2.619566e+02
372           	2.618951e+02
373           	2.618334e+02
374           	2.617715e+02
375           	2.617095e+02
376           	2.616475e+02
377           	2.615853e+02
378           	2.615230e+02
379           	2.614606e+02
380           	2.613982e+02
381           	2.613355e+02
382           	2.612727e+02
383           	2.612098e+02
384           	2.611466e+02
385           	2.610832e+02
386           	2.610195e+02
387           	2.609555e+02
388           	2.608914e+02
389           	2.608269e+02
390           	2.607620e+02
391           	2.606969e+02
392           	2.606316e+02
393           	2.605661e+02
394           	2.605005e+02
395           	2.604347e+02
396           	2.603689e+02
397           	2.603029e+02
398           	2.602369e+02
399           	2.601708e+02
400           	2.601048e+02
401           	2.600387e+02
402           	2.599725e+02
403           	2.599064e+02
404           	2.598402e+02
405           	2.597740e+02
406           	2.597078e+02
407           	2.596418e+02
408           	2.595758e+02
409           	2.595099e+02
410           	2.594442e+02
411           	2.593787e+02
412           	2.593134e+02
413           	2.592485e+02
414           	2.591838e+02
415           	2.591193e+02
416           	2.590551e+02
417           	2.589912e+02
418           	2.589277e+02
419           	2.588645e+02
420           	2.588016e+02
421           	2.587391e+02
422           	2.586770e+02
423           	2.586152e+02
424           	2.585537e+02
425           	2.584926e+02
426           	2.584319e+02
427           	2.583714e+02
428           	2.583113e+02
429           	2.582514e+02
430           	2.581918e+02
431           	2.581324e+02
432           	2.580732e+02
433           	2.580142e+02
434           	2.579553e+02
435           	2.578965e+02
436           	2.578379e+02
437           	2.577795e+02
438           	2.577214e+02
439           	2.576634e+02
440           	2.576056e+02
441           	2.575480e+02
442           	2.574907e+02
443           	2.574337e+02
444           	2.573771e+02
445           	2.573206e+02
446           	2.572644e+02
447           	2.572085e+02
448           	2.571529e+02
449           	2.570975e+02
450           	2.570423e+02
451           	2.569872e+02
452           	2.569321e+02
453           	2.568772e+02
454           	2.568222e+02
455           	2.567672e+02
456           	2.567120e+02
457           	2.566566e+02
458           	2.566010e+02
459           	2.565451e+02
460           	2.564889e+02
461           	2.564323e+02
462           	2.563754e+02
463           	2.563180e+02
464           	2.562603e+02
465           	2.562023e+02
466           	2.561439e+02
467           	2.560852e+02
468           	2.560264e+02
469           	2.559673e+02
470           	2.559081e+02
471           	2.558488e+02
472           	2.557895e+02
473           	2.557301e+02
474           	2.556708e+02
475           	2.556117e+02
476           	2.555526e+02
477           	2.554938e+02
478           	2.554352e+02
479           	2.553769e+02
480           	2.553188e+02
481           	2.552611e+02
482           	2.552038e+02
483           	2.551468e+02
484           	2.550902e+02
485           	2.550340e+02
486           	2.549782e+02
487           	2.549228e+02
488           	2.548678e+02
489           	2.548131e+02
490           	2.547587e+02
491           	2.547047e+02
492           	2.546509e+02
493           	2.545975e+02
494           	2.545443e+02
495           	2.544913e+02
496           	2.544385e+02
497           	2.543859e+02
498           	2.543333e+02
499           	2.542809e+02
500           	2.542286e+02
501           	2.541764e+02
502           	2.541242e+02
503           	2.540720e+02
504           	2.540198e+02
505           	2.539677e+02
506           	2.539155e+02
507           	2.538632e+02
508           	2.538110e+02
509           	2.537587e+02
510           	2.537063e+02
511           	2.536539e+02
512           	2.536015e+02
513           	2.535490e+02
514           	2.534965e+02
515           	2.534440e+02
516           	2.533915e+02
517           	2.533390e+02
518           	2.532865e+02
519           	2.532340e+02
520           	2.531816e+02
521           	2.531293e+02
522           	2.530771e+02
523           	2.530251e+02
524           	2.529732e+02
525           	2.529214e+02
526           	2.528698e+02
527           	2.528184e+02
528           	2.527673e+02
529           	2.527165e+02
530           	2.526659e+02
531           	2.526157e+02
532           	2.525658e+02
533           	2.525163e+02
534           	2.524672e+02
535           	2.524185e+02
536           	2.523703e+02
537           	2.523225e+02
538           	2.522752e+02
539           	2.522284e+02
540           	2.521820e+02
541           	2.521362e+02
542           	2.520909e+02
543           	2.520461e+02
544           	2.520018e+02
545           	2.519580e+02
546           	2.519148e+02
547           	2.518720e+02
548           	2.518298e+02
549           	2.517881e+02
550           	2.517468e+02
551           	2.517060e+02
552           	2.516656e+02
553           	2.516257e+02
554           	2.515862e+02
555           	2.515471e+02
556           	2.515083e+02
557           	2.514699e+02
558           	2.514318e+02
559           	2.513940e+02
560           	2.513565e+02
561           	2.513193e+02
562           	2.512824e+02
563           	2.512458e+02
564           	2.512094e+02
565           	2.511732e+02
566           	2.511373e+02
567           	2.511017e+02
568           	2.510662e+02
569           	2.510310e+02
570           	2.509960e+02
571           	2.509612e+02
572           	2.509266e+02
573           	2.508923e+02
574           	2.508581e+02
575           	2.508241e+02
576           	2.507904e+02
577           	2.507568e+02
578           	2.507235e+02
579           	2.506903e+02
580           	2.506574e+02
581           	2.506246e+02
582           	2.505920e+02
583           	2.505596e+02
584           	2.505274e+02
585           	2.504953e+02
586           	2.504634e+02
587           	2.504317e+02
588           	2.504001e+02
589           	2.503687e+02
590           	2.503374e+02
591           	2.503062e+02
592           	2.502752e+02
593           	2.502442e+02
594           	2.502134e+02
595           	2.501826e+02
596           	2.501519e+02
597           	2.501213e+02
598           	2.500907e+02
599           	2.500601e+02
600           	2.500296e+02
601           	2.499991e+02
602           	2.499685e+02
603           	2.499380e+02
604           	2.499073e+02
605           	2.498767e+02
606           	2.498459e+02
607           	2.498151e+02
608           	2.497842e+02
609           	2.497531e+02
610           	2.497219e+02
611           	2.496905e+02
612           	2.496589e+02
613           	2.496271e+02
614           	2.495951e+02
615           	2.495629e+02
616           	2.495303e+02
617           	2.494975e+02
618           	2.494644e+02
619           	2.494310e+02
620           	2.493972e+02
621           	2.493631e+02
622           	2.493285e+02
623           	2.492936e+02
624           	2.492583e+02
625           	2.492226e+02
626           	2.491864e+02
627           	2.491498e+02
628           	2.491128e+02
629           	2.490753e+02
630           	2.490373e+02
631           	2.489989e+02
632           	2.489600e+02
633           	2.489206e+02
634           	2.488807e+02
635           	2.488404e+02
636           	2.487995e+02
637           	2.487583e+02
638           	2.487165e+02
639           	2.486743e+02
640           	2.486317e+02
641           	2.485887e+02
642           	2.485452e+02
643           	2.485014e+02
644           	2.484572e+02
645           	2.484127e+02
646           	2.483678e+02
647           	2.483226e+02
648           	2.482772e+02
649           	2.482316e+02
650           	2.481857e+02
651           	2.481396e+02
652           	2.480933e+02
653           	2.480470e+02
654           	2.480005e+02
655           	2.479539e+02
656           	2.479073e+02
657           	2.478606e+02
658           	2.478140e+02
659           	2.477674e+02
660           	2.477209e+02
661           	2.476745e+02
662           	2.476283e+02
663           	2.475822e+02
664           	2.475362e+02
665           	2.474905e+02
666           	2.474450e+02
667           	2.473998e+02
668           	2.473548e+02
669           	2.473102e+02
670           	2.472658e+02
671           	2.472218e+02
672           	2.471782e+02
673           	2.471350e+02
674           	2.470921e+02
675           	2.470496e+02
676           	2.470076e+02
677           	2.469660e+02
678           	2.469248e+02
679           	2.468840e+02
680           	2.468438e+02
681           	2.468039e+02
682           	2.467646e+02
683           	2.467257e+02
684           	2.466873e+02
685           	2.466493e+02
686           	2.466118e+02
687           	2.465748e+02
688           	2.465383e+02
689           	2.465023e+02
690           	2.464667e+02
691           	2.464316e+02
692           	2.463969e+02
693           	2.463628e+02
694           	2.463290e+02
695           	2.462958e+02
696           	2.462630e+02
697           	2.462306e+02
698           	2.461986e+02
699           	2.461671e+02
700           	2.461361e+02
701           	2.461054e+02
702           	2.460752e+02
703           	2.460454e+02
704           	2.460160e+02
705           	2.459870e+02
706           	2.459585e+02
707           	2.459303e+02
708           	2.459025e+02
709           	2.458751e+02
710           	2.458481e+02
711           	2.458215e+02
712           	2.457952e+02
713           	2.457694e+02
714           	2.457438e+02
715           	2.457187e+02
716           	2.456939e+02
717           	2.456695e+02
718           	2.456454e+02
719           	2.456216e+02
720           	2.455981e+02
721           	2.455750e+02
722           	2.455522e+02
723           	2.455296e+02
724           	2.455074e+02
725           	2.454854e+02
726           	2.454636e+02
727           	2.454421e+02
728           	2.454208e+02
729           	2.453998e+02
730           	2.453789e+02
731           	2.453583e+02
732           	2.453378e+02
733           	2.453175e+02
734           	2.452974e+02
735           	2.452774e+02
736           	2.452575e+02
737           	2.452378e+02
738           	2.452181e+02
739           	2.451986e+02
740           	2.451791e+02
741           	2.451598e+02
742           	2.451405e+02
743           	2.451212e+02
744           	2.451020e+02
745           	2.450829e+02
746           	2.450638e+02
747           	2.450447e+02
748           	2.450256e+02
749           	2.450064e+02
750           	2.449873e+02
751           	2.449682e+02
752           	2.449490e+02
753           	2.449298e+02
754           	2.449106e+02
755           	2.448913e+02
756           	2.448719e+02
757           	2.448525e+02
758           	2.448330e+02
759           	2.448135e+02
760           	2.447939e+02
761           	2.447742e+02
762           	2.447544e+02
763           	2.447345e+02
764           	2.447145e+02
765           	2.446945e+02
766           	2.446743e+02
767           	2.446541e+02
768           	2.446338e+02
769           	2.446134e+02
770           	2.445929e+02
771           	2.445724e+02
772           	2.445517e+02
773           	2.445310e+02
774           	2.445102e+02
775           	2.444894e+02
776           	2.444685e+02
777           	2.444475e+02
778           	2.444265e+02
779           	2.444054e+02
780           	2.443843e+02
781           	2.443632e+02
782           	2.443421e+02
783           	2.443210e+02
784           	2.442998e+02
785           	2.442787e+02
786           	2.442575e+02
787           	2.442364e+02
788           	2.442154e+02
789           	2.441944e+02
790           	2.441734e+02
791           	2.441525e+02
792           	2.441317e+02
793           	2.441110e+02
794           	2.440904e+02
795           	2.440699e+02
796           	2.440494e+02
797           	2.440291e+02
798           	2.440090e+02
799           	2.439889e+02
800           	2.439690e+02
801           	2.439493e+02
802           	2.439297e+02
803           	2.439102e+02
804           	2.438909e+02
805           	2.438717e+02
806           	2.438527e+02
807           	2.438339e+02
808           	2.438153e+02
809           	2.437968e+02
810           	2.437785e+02
811           	2.437603e+02
812           	2.437424e+02
813           	2.437246e+02
814           	2.437069e+02
815           	2.436895e+02
816           	2.436722e+02
817           	2.436551e+02
818           	2.436382e+02
819           	2.436214e+02
820           	2.436048e+02
821           	2.435884e+02
822           	2.435721e+02
823           	2.435560e+02
824           	2.435401e+02
825           	2.435242e+02
826           	2.435086e+02
827           	2.434931e+02
828           	2.434777e+02
829           	2.434624e+02
830           	2.434473e+02
831           	2.434324e+02
832           	2.434175e+02
833           	2.434028e+02
834           	2.433881e+02
835           	2.433736e+02
836           	2.433592e+02
837           	2.433448e+02
838           	2.433306e+02
839           	2.433164e+02
840           	2.433023e+02
841           	2.432883e+02
842           	2.432744e+02
843           	2.432606e+02
844           	2.432468e+02
845           	2.432331e+02
846           	2.432195e+02
847           	2.432059e+02
848           	2.431924e+02
849           	2.431789e+02
850           	2.431655e+02
851           	2.431521e+02
852           	2.431388e+02
853           	2.431255e+02
854           	2.431122e+02
855           	2.430990e+02
856           	2.430858e+02
857           	2.430727e+02
858           	2.430595e+02
859           	2.430464e+02
860           	2.430333e+02
861           	2.430203e+02
862           	2.430072e+02
863           	2.429941e+02
864           	2.429811e+02
865           	2.429680e+02
866           	2.429550e+02
867           	2.429420e+02
868           	2.429290e+02
869           	2.429159e+02
870           	2.429029e+02
871           	2.428899e+02
872           	2.428769e+02
873           	2.428639e+02
874           	2.428510e+02
875           	2.428380e+02
876           	2.428250e+02
877           	2.428121e+02
878           	2.427991e+02
879           	2.427862e+02
880           	2.427733e+02
881           	2.427605e+02
882           	2.427476e+02
883           	2.427348e+02
884           	2.427220e+02
885           	2.427092e+02
886           	2.426965e+02
887           	2.426839e+02
888           	2.426712e+02
889           	2.426586e+02
890           	2.426460e+02
891           	2.426335e+02
892           	2.426211e+02
893           	2.426087e+02
894           	2.425963e+02
895           	2.425840e+02
896           	2.425718e+02
897           	2.425596e+02
898           	2.425475e+02
899           	2.425354e+02
900           	2.425234e+02
901           	2.425114e+02
902           	2.424996e+02
903           	2.424877e+02
904           	2.424760e+02
905           	2.424642e+02
906           	2.424526e+02
907           	2.424410e+02
908           	2.424295e+02
909           	2.424180e+02
910           	2.424066e+02
911           	2.423952e+02
912           	2.423839e+02
913           	2.423726e+02
914           	2.423614e+02
915           	2.423502e+02
916           	2.423391e+02
917           	2.423280e+02
918           	2.423170e+02
919           	2.423060e+02
920           	2.422950e+02
921           	2.422841e+02
922           	2.422732e+02
923           	2.422624e+02
924           	2.422516e+02
925           	2.422408e+02
926           	2.422301e+02
927           	2.422193e+02
928           	2.422087e+02
929           	2.421980e+02
930           	2.421874e+02
931           	2.421768e+02
932           	2.421662e+02
933           	2.421557e+02
934           	2.421452e+02
935           	2.421347e+02
936           	2.421242e+02
937           	2.421137e+02
938           	2.421033e+02
939           	2.420928e+02
940           	2.420824e+02
941           	2.420720e+02
942           	2.420617e+02
943           	2.420513e+02
944           	2.420409e+02
945           	2.420305e+02
946           	2.420202e+02
947           	2.420099e+02
948           	2.419996e+02
949           	2.419892e+02
950           	2.419789e+02
951           	2.419686e+02
952           	2.419583e+02
953           	2.419480e+02
954           	2.419377e+02
955           	2.419274e+02
956           	2.419171e+02
957           	2.419068e+02
958           	2.418964e+02
959           	2.418861e+02
960           	2.418758e+02
961           	2.418655e+02
962           	2.418551e+02
963           	2.418448e+02
964           	2.418344e+02
965           	2.418240e+02
966           	2.418136e+02
967           	2.418032e+02
968           	2.417928e+02
969           	2.417824e+02
970           	2.417720e+02
971           	2.417615e+02
972           	2.417511e+02
973           	2.417406e+02
974           	2.417301e+02
975           	2.417196e+02
976           	2.417091e+02
977           	2.416985e+02
978           	2.416880e+02
979           	2.416774e+02
980           	2.416668e+02
981           	2.416562e+02
982           	2.416456e+02
983           	2.416350e+02
984           	2.416244e+02
985           	2.416138e+02
986           	2.416032e+02
987           	2.415925e+02
988           	2.415819e+02
989           	2.415713e+02
990           	2.415606e+02
991           	2.415500e+02
992           	2.415393e+02
993           	2.415287e+02
994           	2.415181e+02
995           	2.415075e+02
996           	2.414969e+02
997           	2.414863e+02
998           	2.414757e+02
999           	2.414651e+02
1000          	2.414546e+02
1001          	2.414441e+02
1002          	2.414336e+02
1003          	2.414231e+02
1004          	2.414126e+02
1005          	2.414022e+02
1006          	2.413917e+02
1007          	2.413814e+02
1008          	2.413710e+02
1009          	2.413607e+02
1010          	2.413504e+02
1011          	2.413402e+02
1012          	2.413299e+02
1013          	2.413197e+02
1014          	2.413096e+02
1015          	2.412995e+02
1016          	2.412894e+02
1017          	2.412793e+02
1018          	2.412693e+02
1019          	2.412594e+02
1020          	2.412494e+02
1021          	2.412395e+02
1022          	2.412297e+02
1023          	2.412198e+02
1024          	2.412100e+02
1025          	2.412003e+02
1026          	2.411905e+02
1027          	2.411808e+02
1028          	2.411711e+02
1029          	2.411615e+02
1030          	2.411519e+02
1031          	2.411422e+02
1032          	2.411327e+02
1033          	2.411231e+02
1034          	2.411135e+02
1035          	2.411040e+02
1036          	2.410944e+02
1037          	2.410849e+02
1038          	2.410754e+02
1039          	2.410659e+02
1040          	2.410563e+02
1041          	2.410468e+02
1042          	2.410373e+02
1043          	2.410277e+02
1044          	2.410182e+02
1045          	2.410086e+02
1046          	2.409990e+02
1047          	2.409894e+02
1048          	2.409798e+02
1049          	2.409701e+02
1050          	2.409604e+02
1051          	2.409507e+02
1052          	2.409410e+02
1053          	2.409312e+02
1054          	2.409214e+02
1055          	2.409116e+02
1056          	2.409017e+02
1057          	2.408918e+02
1058          	2.408818e+02
1059          	2.408719e+02
1060          	2.408618e+02
1061          	2.408518e+02
1062          	2.408417e+02
1063          	2.408315e+02
1064          	2.408214e+02
1065          	2.408111e+02
1066          	2.408009e+02
1067          	2.407906e+02
1068          	2.407803e+02
1069          	2.407699e+02
1070          	2.407596e+02
1071          	2.407492e+02
1072          	2.407387e+02
1073          	2.407283e+02
1074          	2.407178e+02
1075          	2.407073e+02
1076          	2.406967e+02
1077          	2.406862e+02
1078          	2.406756e+02
1079          	2.406651e+02
1080          	2.406545e+02
1081          	2.406439e+02
1082          	2.406333e+02
1083          	2.406227e+02
1084          	2.406122e+02
1085          	2.406016e+02
1086          	2.405910e+02
1087          	2.405805e+02
1088          	2.405699e+02
1089          	2.405594e+02
1090          	2.405490e+02
1091          	2.405385e+02
1092          	2.405281e+02
1093          	2.405177e+02
1094          	2.405074e+02
1095          	2.404971e+02
1096          	2.404869e+02
1097          	2.404767e+02
1098          	2.404666e+02
1099          	2.404566e+02
1100          	2.404466e+02
1101          	2.404367e+02
1102          	2.404269e+02
1103          	2.404172e+02
1104          	2.404075e+02
1105          	2.403980e+02
1106          	2.403886e+02
1107          	2.403792e+02
1108          	2.403699e+02
1109          	2.403608e+02
1110          	2.403518e+02
1111          	2.403428e+02
1112          	2.403340e+02
1113          	2.403254e+02
1114          	2.403168e+02
1115          	2.403084e+02
1116          	2.403001e+02
1117          	2.402919e+02
1118          	2.402838e+02
1119          	2.402759e+02
1120          	2.402681e+02
1121          	2.402605e+02
1122          	2.402530e+02
1123          	2.402456e+02
1124          	2.402384e+02
1125          	2.402313e+02
1126          	2.402243e+02
1127          	2.402174e+02
1128          	2.402107e+02
1129          	2.402042e+02
1130          	2.401977e+02
1131          	2.401914e+02
1132          	2.401852e+02
1133          	2.401792e+02
1134          	2.401732e+02
1135          	2.401674e+02
1136          	2.401617e+02
1137          	2.401562e+02
1138          	2.401507e+02
1139          	2.401453e+02
1140          	2.401401e+02
1141          	2.401350e+02
1142          	2.401299e+02
1143          	2.401250e+02
1144          	2.401201e+02
1145          	2.401154e+02
1146          	2.401107e+02
1147          	2.401061e+02
1148          	2.401016e+02
1149          	2.400971e+02
1150          	2.400928e+02
1151          	2.400884e+02
1152          	2.400842e+02
1153          	2.400800e+02
1154          	2.400759e+02
1155          	2.400718e+02
1156          	2.400678e+02
1157          	2.400638e+02
1158          	2.400599e+02
1159          	2.400560e+02
1160          	2.400521e+02
1161          	2.400483e+02
1162          	2.400445e+02
1163          	2.400407e+02
1164          	2.400369e+02
1165          	2.400331e+02
1166          	2.400294e+02
1167          	2.400257e+02
1168          	2.400220e+02
1169          	2.400182e+02
1170          	2.400145e+02
1171          	2.400108e+02
1172          	2.400071e+02
1173          	2.400034e+02
1174          	2.399996e+02
1175          	2.399959e+02
1176          	2.399921e+02
1177          	2.399883e+02
1178          	2.399846e+02
1179          	2.399807e+02
1180          	2.399769e+02
1181          	2.399731e+02
1182          	2.399692e+02
1183          	2.399653e+02
1184          	2.399614e+02
1185          	2.399574e+02
1186          	2.399534e+02
1187          	2.399494e+02
1188          	2.399454e+02
1189          	2.399413e+02
1190          	2.399373e+02
1191          	2.399331e+02
1192          	2.399290e+02
1193          	2.399248e+02
1194          	2.399206e+02
1195          	2.399164e+02
1196          	2.399121e+02
1197          	2.399078e+02
1198          	2.399035e+02
1199          	2.398992e+02
1200          	2.398948e+02
1201          	2.398904e+02
1202          	2.398861e+02
1203          	2.398816e+02
1204          	2.398772e+02
1205          	2.398728e+02
1206          	2.398684e+02
1207          	2.398639e+02
1208          	2.398595e+02
1209          	2.398550e+02
1210          	2.398506e+02
1211          	2.398461e+02
1212          	2.398417e+02
1213          	2.398372e+02
1214          	2.398328e+02
1215          	2.398284e+02
1216          	2.398240e+02
1217          	2.398196e+02
1218          	2.398153e+02
1219          	2.398110e+02
1220          	2.398067e+02
1221          	2.398024e+02
1222          	2.397982e+02
1223          	2.397940e+02
1224          	2.397899e+02
1225          	2.397858e+02
1226          	2.397817e+02
1227          	2.397777e+02
1228          	2.397738e+02
1229          	2.397699e+02
1230          	2.397660e+02
1231          	2.397622e+02
1232          	2.397585e+02
1233          	2.397548e+02
1234          	2.397512e+02
1235          	2.397476e+02
1236          	2.397442e+02
1237          	2.397407e+02
1238          	2.397374e+02
1239          	2.397341e+02
1240          	2.397309e+02
1241          	2.397277e+02
1242          	2.397246e+02
1243          	2.397216e+02
1244          	2.397187e+02
1245          	2.397158e+02
1246          	2.397130e+02
1247          	2.397103e+02
1248          	2.397077e+02
1249          	2.397051e+02
1250          	2.397026e+02
1251          	2.397001e+02
1252          	2.396977e+02
1253          	2.396954e+02
1254          	2.396932e+02
1255          	2.396910e+02
1256          	2.396889e+02
1257          	2.396868e+02
1258          	2.396848e+02
1259          	2.396828e+02
1260          	2.396809e+02
1261          	2.396791e+02
1262          	2.396773e+02
1263          	2.396756e+02
1264          	2.396738e+02
1265          	2.396722e+02
1266          	2.396706e+02
1267          	2.396690e+02
1268          	2.396675e+02
1269          	2.396659e+02
1270          	2.396645e+02
1271          	2.396630e+02
1272          	2.396616e+02
1273          	2.396602e+02
1274          	2.396588e+02
1275          	2.396575e+02
1276          	2.396561e+02
1277          	2.396548e+02
1278          	2.396535e+02
1279          	2.396523e+02
1280          	2.396510e+02
1281          	2.396497e+02
1282          	2.396485e+02
1283          	2.396472e+02
1284          	2.396460e+02
1285          	2.396447e+02
1286          	2.396435e+02
1287          	2.396423e+02
1288          	2.396410e+02
1289          	2.396398e+02
1290          	2.396386e+02
1291          	2.396373e+02
1292          	2.396361e+02
1293          	2.396348e+02
1294          	2.396335e+02
1295          	2.396323e+02
1296          	2.396310e+02
1297          	2.396297e+02
1298          	2.396284e+02
1299          	2.396271e+02
1300          	2.396258e+02
1301          	2.396245e+02
1302          	2.396232e+02
1303          	2.396218e+02
1304          	2.396205e+02
1305          	2.396191e+02
1306          	2.396178e+02
1307          	2.396164e+02
1308          	2.396151e+02
1309          	2.396137e+02
1310          	2.396123e+02
1311          	2.396109e+02
1312          	2.396096e+02
1313          	2.396082e+02
1314          	2.396068e+02
1315          	2.396054e+02
1316          	2.396041e+02
1317          	2.396027e+02
1318          	2.396014e+02
1319          	2.396000e+02
1320          	2.395987e+02
1321          	2.395973e+02
1322          	2.395960e+02
1323          	2.395947e+02
1324          	2.395934e+02
1325          	2.395921e+02
1326          	2.395909e+02
1327          	2.395896e+02
1328          	2.395884e+02
1329          	2.395872e+02
1330          	2.395860e+02
1331          	2.395848e+02
1332          	2.395837e+02
1333          	2.395826e+02
1334          	2.395815e+02
1335          	2.395804e+02
1336          	2.395794e+02
1337          	2.395784e+02
1338          	2.395774e+02
1339          	2.395765e+02
1340          	2.395756e+02
1341          	2.395747e+02
1342          	2.395738e+02
1343          	2.395730e+02
1344          	2.395722e+02
1345          	2.395715e+02
1346          	2.395707e+02
1347          	2.395700e+02
1348          	2.395694e+02
1349          	2.395688e+02
1350          	2.395682e+02
1351          	2.395676e+02
1352          	2.395671e+02
1353          	2.395666e+02
1354          	2.395661e+02
1355          	2.395656e+02
1356          	2.395652e+02
1357          	2.395648e+02
1358          	2.395645e+02
1359          	2.395641e+02
1360          	2.395638e+02
1361          	2.395636e+02
1362          	2.395633e+02
1363          	2.395631e+02
1364          	2.395628e+02
1365          	2.395626e+02
1366          	2.395625e+02
1367          	2.395623e+02
1368          	2.395621e+02
1369          	2.395620e+02
1370          	2.395619e+02
1371          	2.395618e+02
1372          	2.395617e+02
1373          	2.395616e+02
1374          	2.395615e+02
1375          	2.395615e+02
1376          	2.395614e+02
1377          	2.395614e+02
1378          	2.395613e+02
1379          	2.395613e+02
1380          	2.395612e+02
1381          	2.395612e+02
1382          	2.395611e+02
1383          	2.395611e+02
1384          	2.395610e+02
1385          	2.395610e+02
1386          	2.395609e+02
1387          	2.395609e+02
1388          	2.395608e+02
1389          	2.395608e+02
1390          	2.395607e+02
1391          	2.395606e+02
1392          	2.395605e+02
1393          	2.395605e+02
1394          	2.395604e+02
1395          	2.395603e+02
1396          	2.395602e+02
1397          	2.395601e+02
1398          	2.395600e+02
1399          	2.395599e+02
1400          	2.395597e+02
1401          	2.395596e+02
1402          	2.395595e+02
1403          	2.395593e+02
1404          	2.395592e+02
1405          	2.395590e+02
1406          	2.395589e+02
1407          	2.395587e+02
1408          	2.395586e+02
1409          	2.395584e+02
1410          	2.395582e+02
1411          	2.395581e+02
1412          	2.395579e+02
1413          	2.395577e+02
1414          	2.395575e+02
1415          	2.395573e+02
1416          	2.395571e+02
1417          	2.395569e+02
1418          	2.395567e+02
1419          	2.395566e+02
1420          	2.395564e+02
1421          	2.395562e+02
1422          	2.395560e+02
1423          	2.395558e+02
1424          	2.395556e+02
1425          	2.395554e+02
1426          	2.395552e+02
1427          	2.395550e+02
1428          	2.395548e+02
1429          	2.395546e+02
1430          	2.395545e+02
1431          	2.395543e+02
1432          	2.395541e+02
1433          	2.395539e+02
1434          	2.395538e+02
1435          	2.395536e+02
1436          	2.395535e+02
1437          	2.395533e+02
1438          	2.395532e+02
1439          	2.395530e+02
1440          	2.395529e+02
1441          	2.395528e+02
1442          	2.395527e+02
1443          	2.395525e+02
1444          	2.395524e+02
1445          	2.395523e+02
1446          	2.395523e+02
1447          	2.395522e+02
1448          	2.395521e+02
1449          	2.395521e+02
1450          	2.395520e+02
1451          	2.395520e+02
1452          	2.395520e+02
1453          	2.395519e+02
1454          	2.395519e+02
1455          	2.395519e+02
1456          	2.395520e+02
1457          	2.395520e+02
1458          	2.395520e+02
1459          	2.395521e+02
1460          	2.395521e+02
1461          	2.395522e+02
1462          	2.395523e+02
1463          	2.395524e+02
1464          	2.395525e+02
1465          	2.395526e+02
1466          	2.395527e+02
1467          	2.395528e+02
1468          	2.395530e+02
1469          	2.395531e+02
1470          	2.395533e+02
1471          	2.395534e+02
1472          	2.395536e+02
1473          	2.395538e+02
1474          	2.395540e+02
1475          	2.395542e+02
1476          	2.395544e+02
1477          	2.395546e+02
1478          	2.395548e+02
1479          	2.395550e+02
1480          	2.395552e+02
1481          	2.395555e+02
1482          	2.395557e+02
1483          	2.395560e+02
1484          	2.395562e+02
1485          	2.395565e+02
1486          	2.395568e+02
1487          	2.395571e+02
1488          	2.395574e+02
1489          	2.395577e+02
1490          	2.395580e+02
1491          	2.395583e+02
1492          	2.395586e+02
1493          	2.395589e+02
1494          	2.395593e+02
1495          	2.395596e+02
1496          	2.395600e+02
1497          	2.395604e+02
1498          	2.395607e+02
1499          	2.395611e+02
1500          	2.395615e+02
1501          	2.395619e+02
1502          	2.395623e+02
1503          	2.395627e+02
1504          	2.395631e+02
1505          	2.395635e+02
1506          	2.395640e+02
1507          	2.395644e+02
1508          	2.395648e+02
1509          	2.395653e+02
1510          	2.395657e+02
1511          	2.395662e+02
1512          	2.395666e+02
1513          	2.395671e+02
1514          	2.395675e+02
1515          	2.395680e+02
1516          	2.395685e+02
1517          	2.395689e+02
1518          	2.395694e+02
1519          	2.395698e+02
1520          	2.395702e+02
1521          	2.395707e+02
1522          	2.395711e+02
1523          	2.395715e+02
1524          	2.395719e+02
1525          	2.395723e+02
1526          	2.395727e+02
1527          	2.395731e+02
1528          	2.395735e+02
1529          	2.395738e+02
1530          	2.395742e+02
1531          	2.395745e+02
1532          	2.395748e+02
1533          	2.395751e+02
1534          	2.395753e+02
1535          	2.395756e+02
1536          	2.395758e+02
1537          	2.395760e+02
1538          	2.395762e+02
1539          	2.395764e+02
1540          	2.395766e+02
1541          	2.395767e+02
1542          	2.395768e+02
1543          	2.395769e+02
1544          	2.395770e+02
1545          	2.395770e+02
1546          	2.395771e+02
1547          	2.395771e+02
1548          	2.395771e+02
1549          	2.395771e+02
1550          	2.395770e+02
1551          	2.395770e+02
1552          	2.395769e+02
1553          	2.395768e+02
1554          	2.395767e+02
1555          	2.395766e+02
1556          	2.395765e+02
1557          	2.395764e+02
1558          	2.395762e+02
1559          	2.395761e+02
1560          	2.395759e+02
1561          	2.395758e+02
1562          	2.395756e+02
1563          	2.395754e+02
1564          	2.395753e+02
1565          	2.395751e+02
1566          	2.395749e+02
1567          	2.395748e+02
1568          	2.395746e+02
1569          	2.395745e+02
1570          	2.395743e+02
1571          	2.395742e+02
1572          	2.395740e+02
1573          	2.395739e+02
1574          	2.395738e+02
1575          	2.395737e+02
1576          	2.395736e+02
1577          	2.395736e+02
1578          	2.395735e+02
1579          	2.395735e+02
1580          	2.395735e+02
1581          	2.395735e+02
1582          	2.395735e+02
1583          	2.395736e+02
1584          	2.395737e+02
1585          	2.395738e+02
1586          	2.395739e+02
1587          	2.395740e+02
1588          	2.395742e+02
1589          	2.395744e+02
1590          	2.395746e+02
1591          	2.395748e+02
1592          	2.395751e+02
1593          	2.395754e+02
1594          	2.395757e+02
1595          	2.395760e+02
1596          	2.395764e+02
1597          	2.395767e+02
1598          	2.395771e+02
1599          	2.395775e+02
1600          	2.395780e+02
1601          	2.395784e+02
1602          	2.395789e+02
1603          	2.395793e+02
1604          	2.395798e+02
1605          	2.395804e+02
1606          	2.395809e+02
1607          	2.395814e+02
1608          	2.395820e+02
1609          	2.395825e+02
1610          	2.395831e+02
1611          	2.395837e+02
1612          	2.395842e+02
1613          	2.395848e+02
1614          	2.395854e+02
1615          	2.395860e+02
1616          	2.395866e+02
1617          	2.395872e+02
1618          	2.395878e+02
1619          	2.395884e+02
1620          	2.395890e+02
1621          	2.395895e+02
1622          	2.395901e+02
1623          	2.395907e+02
1624          	2.395913e+02
1625          	2.395918e+02
1626          	2.395924e+02
1627          	2.395929e+02
1628          	2.395935e+02
1629          	2.395940e+02
1630          	2.395945e+02
1631          	2.395950e+02
1632          	2.395955e+02
1633          	2.395960e+02
1634          	2.395964e+02
1635          	2.395969e+02
1636          	2.395973e+02
1637          	2.395977e+02
1638          	2.395982e+02
1639          	2.395985e+02
1640          	2.395989e+02
1641          	2.395993e+02
1642          	2.395996e+02
1643          	2.396000e+02
1644          	2.396003e+02
1645          	2.396006e+02
1646          	2.396009e+02
1647          	2.396012e+02
1648          	2.396014e+02
1649          	2.396017e+02
1650          	2.396019e+02
1651          	2.396021e+02
1652          	2.396023e+02
1653          	2.396025e+02
1654          	2.396027e+02
1655          	2.396028e+02
1656          	2.396030e+02
1657          	2.396031e+02
1658          	2.396032e+02
1659          	2.396033e+02
1660          	2.396034e+02
1661          	2.396035e+02
1662          	2.396035e+02
1663          	2.396036e+02
1664          	2.396036e+02
1665          	2.396036e+02
1666          	2.396037e+02
1667          	2.396037e+02
1668          	2.396036e+02
1669          	2.396036e+02
1670          	2.396036e+02
1671          	2.396036e+02
1672          	2.396035e+02
1673          	2.396035e+02
1674          	2.396034e+02
1675          	2.396033e+02
1676          	2.396032e+02
1677          	2.396031e+02
1678          	2.396031e+02
1679          	2.396030e+02
1680          	2.396029e+02
1681          	2.396027e+02
1682          	2.396026e+02
1683          	2.396025e+02
1684          	2.396024e+02
1685          	2.396023e+02
1686          	2.396021e+02
1687          	2.396020e+02
1688          	2.396019e+02
1689          	2.396018e+02
1690          	2.396016e+02
1691          	2.396015e+02
1692          	2.396014e+02
1693          	2.396012e+02
1694          	2.396011e+02
1695          	2.396010e+02
1696          	2.396009e+02
1697          	2.396007e+02
1698          	2.396006e+02
1699          	2.396005e+02
1700          	2.396004e+02
1701          	2.396003e+02
1702          	2.396002e+02
1703          	2.396001e+02
1704          	2.396000e+02
1705          	2.395999e+02
1706          	2.395999e+02
1707          	2.395998e+02
1708          	2.395997e+02
1709          	2.395997e+02
1710          	2.395996e+02
1711          	2.395996e+02
1712          	2.395995e+02
1713          	2.395995e+02
1714          	2.395995e+02
1715          	2.395995e+02
1716          	2.395995e+02
1717          	2.395995e+02
1718          	2.395995e+02
1719          	2.395995e+02
1720          	2.395995e+02
1721          	2.395995e+02
1722          	2.395995e+02
1723          	2.395996e+02
1724          	2.395996e+02
1725          	2.395996e+02
1726          	2.395997e+02
1727          	2.395997e+02
1728          	2.395998e+02
1729          	2.395999e+02
1730          	2.395999e+02
1731          	2.396000e+02
1732          	2.396001e+02
1733          	2.396002e+02
1734          	2.396002e+02
1735          	2.396003e+02
1736          	2.396004e+02
1737          	2.396005e+02
1738          	2.396006e+02
1739          	2.396007e+02
1740          	2.396008e+02
1741          	2.396009e+02
1742          	2.396010e+02
1743          	2.396011e+02
1744          	2.396012e+02
1745          	2.396013e+02
1746          	2.396013e+02
1747          	2.396014e+02
1748          	2.396015e+02
1749          	2.396016e+02
1750          	2.396017e+02
1751          	2.396018e+02
1752          	2.396019e+02
1753          	2.396019e+02
1754          	2.396020e+02
1755          	2.396021e+02
1756          	2.396022e+02
1757          	2.396022e+02
1758          	2.396023e+02
1759          	2.396023e+02
1760          	2.396024e+02
1761          	2.396024e+02
1762          	2.396025e+02
1763          	2.396025e+02
1764          	2.396026e+02
1765          	2.396026e+02
1766          	2.396026e+02
1767          	2.396026e+02
1768          	2.396027e+02
1769          	2.396027e+02
1770          	2.396027e+02
1771          	2.396027e+02
1772          	2.396027e+02
1773          	2.396027e+02
1774          	2.396027e+02
1775          	2.396027e+02
1776          	2.396027e+02
1777          	2.396027e+02
1778          	2.396026e+02
1779          	2.396026e+02
1780          	2.396026e+02
1781          	2.396026e+02
1782          	2.396025e+02
1783          	2.396025e+02
1784          	2.396025e+02
1785          	2.396024e+02
1786          	2.396024e+02
1787          	2.396023e+02
1788          	2.396023e+02
1789          	2.396023e+02
1790          	2.396022e+02
1791          	2.396022e+02
1792          	2.396021e+02
1793          	2.396021e+02
1794          	2.396020e+02
1795          	2.396020e+02
1796          	2.396019e+02
1797          	2.396018e+02
1798          	2.396018e+02
1799          	2.396017e+02
1800          	2.396017e+02
1801          	2.396016e+02
1802          	2.396016e+02
1803          	2.396015e+02
1804          	2.396014e+02
1805          	2.396014e+02
1806          	2.396013e+02
1807          	2.396013e+02
1808          	2.396012e+02
1809          	2.396012e+02
1810          	2.396011e+02
1811          	2.396010e+02
1812          	2.396010e+02
1813          	2.396009e+02
1814          	2.396009e+02
1815          	2.396008e+02
1816          	2.396007e+02
1817          	2.396007e+02
1818          	2.396006e+02
1819          	2.396006e+02
1820          	2.396005e+02
1821          	2.396004e+02
1822          	2.396004e+02
1823          	2.396003e+02
1824          	2.396003e+02
1825          	2.396002e+02
1826          	2.396002e+02
1827          	2.396001e+02
1828          	2.396000e+02
1829          	2.396000e+02
1830          	2.395999e+02
1831          	2.395998e+02
1832          	2.395998e+02
1833          	2.395997e+02
1834          	2.395996e+02
1835          	2.395996e+02
1836          	2.395995e+02
1837          	2.395995e+02
1838          	2.395994e+02
1839          	2.395993e+02
1840          	2.395993e+02
1841          	2.395992e+02
1842          	2.395992e+02
1843          	2.395991e+02
1844          	2.395990e+02
1845          	2.395989e+02
1846          	2.395989e+02
1847          	2.395988e+02
1848          	2.395987e+02
1849          	2.395987e+02
1850          	2.395986e+02
1851          	2.395986e+02
1852          	2.395985e+02
1853          	2.395984e+02
1854          	2.395984e+02
1855          	2.395983e+02
1856          	2.395982e+02
1857          	2.395982e+02
1858          	2.395981e+02
1859          	2.395980e+02
1860          	2.395980e+02
1861          	2.395979e+02
1862          	2.395978e+02
1863          	2.395978e+02
1864          	2.395977e+02
1865          	2.395977e+02
1866          	2.395976e+02
1867          	2.395976e+02
1868          	2.395975e+02
1869          	2.395974e+02
1870          	2.395974e+02
1871          	2.395973e+02
1872          	2.395972e+02
1873          	2.395972e+02
1874          	2.395971e+02
1875          	2.395971e+02
1876          	2.395970e+02
1877          	2.395970e+02
1878          	2.395969e+02
1879          	2.395969e+02
1880          	2.395968e+02
1881          	2.395968e+02
1882          	2.395967e+02
1883          	2.395967e+02
1884          	2.395966e+02
1885          	2.395966e+02
1886          	2.395965e+02
1887          	2.395965e+02
1888          	2.395965e+02
1889          	2.395964e+02
1890          	2.395964e+02
1891          	2.395964e+02
1892          	2.395963e+02
1893          	2.395963e+02
1894          	2.395963e+02
1895          	2.395963e+02
1896          	2.395962e+02
1897          	2.395962e+02
1898          	2.395962e+02
1899          	2.395962e+02
1900          	2.395962e+02
1901          	2.395962e+02
1902          	2.395962e+02
1903          	2.395962e+02
1904          	2.395962e+02
1905          	2.395962e+02
1906          	2.395962e+02
1907          	2.395962e+02
1908          	2.395962e+02
1909          	2.395962e+02
1910          	2.395962e+02
1911          	2.395962e+02
1912          	2.395962e+02
1913          	2.395963e+02
1914          	2.395963e+02
1915          	2.395963e+02
1916          	2.395963e+02
1917          	2.395964e+02
1918          	2.395964e+02
1919          	2.395964e+02
1920          	2.395965e+02
1921          	2.395965e+02
1922          	2.395965e+02
1923          	2.395966e+02
1924          	2.395966e+02
1925          	2.395967e+02
1926          	2.395967e+02
1927          	2.395968e+02
1928          	2.395968e+02
1929          	2.395969e+02
1930          	2.395969e+02
1931          	2.395969e+02
1932          	2.395970e+02
1933          	2.395970e+02
1934          	2.395971e+02
1935          	2.395971e+02
1936          	2.395972e+02
1937          	2.395973e+02
1938          	2.395973e+02
1939          	2.395974e+02
1940          	2.395974e+02
1941          	2.395974e+02
1942          	2.395975e+02
1943          	2.395975e+02
1944          	2.395976e+02
1945          	2.395976e+02
1946          	2.395977e+02
1947          	2.395977e+02
1948          	2.395977e+02
1949          	2.395978e+02
1950          	2.395978e+02
1951          	2.395978e+02
1952          	2.395979e+02
1953          	2.395979e+02
1954          	2.395979e+02
1955          	2.395980e+02
1956          	2.395980e+02
1957          	2.395980e+02
1958          	2.395980e+02
1959          	2.395981e+02
1960          	2.395981e+02
1961          	2.395981e+02
1962          	2.395981e+02
1963          	2.395981e+02
1964          	2.395981e+02
1965          	2.395981e+02
1966          	2.395981e+02
1967          	2.395981e+02
1968          	2.395981e+02
1969          	2.395981e+02
1970          	2.395981e+02
1971          	2.395981e+02
1972          	2.395981e+02
1973          	2.395981e+02
1974          	2.395981e+02
1975          	2.395981e+02
1976          	2.395981e+02
1977          	2.395981e+02
1978          	2.395981e+02
1979          	2.395980e+02
1980          	2.395980e+02
1981          	2.395980e+02
1982          	2.395980e+02
1983          	2.395980e+02
1984          	2.395979e+02
1985          	2.395979e+02
1986          	2.395979e+02
1987          	2.395978e+02
1988          	2.395978e+02
1989          	2.395978e+02
1990          	2.395978e+02
1991          	2.395977e+02
1992          	2.395977e+02
1993          	2.395977e+02
1994          	2.395976e+02
1995          	2.395976e+02
1996          	2.395976e+02
1997          	2.395975e+02
1998          	2.395975e+02
1999          	2.395974e+02
2000          	2.395974e+02
2001          	2.395974e+02
2002          	2.395973e+02
2003          	2.395973e+02
2004          	2.395973e+02
2005          	2.395972e+02
2006          	2.395972e+02
2007          	2.395971e+02
2008          	2.395971e+02
2009          	2.395971e+02
2010          	2.395970e+02
2011          	2.395970e+02
2012          	2.395970e+02
2013          	2.395969e+02
2014          	2.395969e+02
2015          	2.395969e+02
2016          	2.395968e+02
2017          	2.395968e+02
2018          	2.395968e+02
2019          	2.395967e+02
2020          	2.395967e+02
2021          	2.395967e+02
2022          	2.395966e+02
2023          	2.395966e+02
2024          	2.395966e+02
2025          	2.395966e+02
2026          	2.395965e+02
2027          	2.395965e+02
2028          	2.395965e+02
2029          	2.395965e+02
2030          	2.395964e+02
2031          	2.395964e+02
2032          	2.395964e+02
2033          	2.395964e+02
2034          	2.395964e+02
2035          	2.395964e+02
2036          	2.395964e+02
2037          	2.395964e+02
2038          	2.395964e+02
2039          	2.395963e+02
2040          	2.395963e+02
2041          	2.395963e+02
2042          	2.395963e+02
2043          	2.395963e+02
2044          	2.395963e+02
2045          	2.395963e+02
2046          	2.395963e+02
2047          	2.395963e+02
2048          	2.395964e+02
2049          	2.395964e+02
2050          	2.395964e+02
2051          	2.395964e+02
2052          	2.395964e+02
2053          	2.395964e+02
2054          	2.395964e+02
2055          	2.395965e+02
2056          	2.395965e+02
2057          	2.395965e+02
2058          	2.395965e+02
2059          	2.395965e+02
2060          	2.395966e+02
2061          	2.395966e+02
2062          	2.395966e+02
2063          	2.395966e+02
2064          	2.395967e+02
2065          	2.395967e+02
2066          	2.395967e+02
2067          	2.395967e+02
2068          	2.395968e+02
2069          	2.395968e+02
2070          	2.395968e+02
2071          	2.395969e+02
2072          	2.395969e+02
2073          	2.395969e+02
2074          	2.395969e+02
2075          	2.395970e+02
2076          	2.395970e+02
2077          	2.395970e+02
2078          	2.395971e+02
2079          	2.395971e+02
2080          	2.395971e+02
2081          	2.395971e+02
2082          	2.395972e+02
2083          	2.395972e+02
2084          	2.395972e+02
2085          	2.395972e+02
2086          	2.395973e+02
2087          	2.395973e+02
2088          	2.395973e+02
2089          	2.395973e+02
2090          	2.395973e+02
2091          	2.395973e+02
2092          	2.395974e+02
2093          	2.395974e+02
2094          	2.395974e+02
2095          	2.395974e+02
2096          	2.395974e+02
2097          	2.395974e+02
2098          	2.395974e+02
2099          	2.395974e+02
2100          	2.395974e+02
2101          	2.395974e+02
2102          	2.395974e+02
2103          	2.395974e+02
2104          	2.395974e+02
2105          	2.395974e+02
2106          	2.395974e+02
2107          	2.395973e+02
2108          	2.395973e+02
2109          	2.395973e+02
2110          	2.395973e+02
2111          	2.395973e+02
2112          	2.395973e+02
2113          	2.395972e+02
2114          	2.395972e+02
