# Region type : patch ent
# Faces  :    60
# Area   :    1.250000e-07
# Time        	areaAverage(p)
0             	0.000000e+00
1             	1.754282e+04
2             	1.538291e+04
3             	9.299062e+03
4             	2.633394e+03
5             	-2.349094e+03
6             	-5.046799e+03
7             	-5.401128e+03
8             	-4.194612e+03
9             	-2.222103e+03
10            	-2.662947e+02
11            	1.149649e+03
12            	1.820847e+03
13            	1.815010e+03
14            	1.359272e+03
15            	7.259427e+02
16            	1.462212e+02
17            	-2.404462e+02
18            	-3.935958e+02
19            	-3.483455e+02
20            	-1.819583e+02
21            	1.970915e+01
22            	1.890374e+02
23            	2.891605e+02
24            	3.140357e+02
25            	2.805670e+02
26            	2.158683e+02
27            	1.470151e+02
28            	9.322644e+01
29            	6.351156e+01
30            	5.755073e+01
31            	6.849587e+01
32            	8.721853e+01
33            	1.054245e+02
34            	1.176502e+02
35            	1.218829e+02
36            	1.190055e+02
37            	1.115255e+02
38            	1.024213e+02
39            	9.416187e+01
40            	8.821142e+01
41            	8.499035e+01
42            	8.400940e+01
43            	8.437587e+01
44            	8.513094e+01
45            	8.556399e+01
46            	8.527546e+01
47            	8.419030e+01
48            	8.250689e+01
49            	8.053318e+01
50            	7.857040e+01
51            	7.683042e+01
52            	7.540897e+01
53            	7.429596e+01
54            	7.341126e+01
55            	7.265659e+01
56            	7.193367e+01
57            	7.117746e+01
58            	7.037001e+01
59            	6.950781e+01
60            	6.862166e+01
61            	6.774399e+01
62            	6.690170e+01
63            	6.611137e+01
64            	6.537483e+01
65            	6.468619e+01
66            	6.403554e+01
67            	6.341427e+01
68            	6.281363e+01
69            	6.222736e+01
70            	6.165214e+01
71            	6.108762e+01
72            	6.053572e+01
73            	6.001056e+01
74            	5.948099e+01
75            	5.896889e+01
76            	5.847911e+01
77            	5.800870e+01
78            	5.755668e+01
79            	5.712006e+01
80            	5.669644e+01
81            	5.628407e+01
82            	5.588189e+01
83            	5.548955e+01
84            	5.510719e+01
85            	5.473470e+01
86            	5.437597e+01
87            	5.403086e+01
88            	5.368995e+01
89            	5.334725e+01
90            	5.301840e+01
91            	5.270444e+01
92            	5.240277e+01
93            	5.211111e+01
94            	5.183242e+01
95            	5.155856e+01
96            	5.128931e+01
97            	5.102547e+01
98            	5.076826e+01
99            	5.051878e+01
100           	5.027773e+01
101           	5.004527e+01
102           	4.982125e+01
103           	4.960646e+01
104           	4.939846e+01
105           	4.918941e+01
106           	4.898477e+01
107           	4.878582e+01
108           	4.859373e+01
109           	4.840920e+01
110           	4.823225e+01
111           	4.806182e+01
112           	4.789632e+01
113           	4.773475e+01
114           	4.757430e+01
115           	4.742035e+01
116           	4.727000e+01
117           	4.712372e+01
118           	4.698201e+01
119           	4.684519e+01
120           	4.671338e+01
121           	4.658651e+01
122           	4.646448e+01
123           	4.634506e+01
124           	4.622877e+01
125           	4.611387e+01
126           	4.600321e+01
127           	4.589755e+01
128           	4.579670e+01
129           	4.570022e+01
130           	4.560756e+01
131           	4.551806e+01
132           	4.543133e+01
133           	4.534778e+01
134           	4.526229e+01
135           	4.517827e+01
136           	4.509752e+01
137           	4.502280e+01
138           	4.494871e+01
139           	4.487455e+01
140           	4.480278e+01
141           	4.473439e+01
142           	4.466955e+01
143           	4.460798e+01
144           	4.454918e+01
145           	4.449249e+01
146           	4.443664e+01
147           	4.438315e+01
148           	4.432711e+01
149           	4.427263e+01
150           	4.421981e+01
151           	4.416701e+01
152           	4.411628e+01
153           	4.406844e+01
154           	4.402331e+01
155           	4.398038e+01
156           	4.393915e+01
157           	4.389936e+01
158           	4.386117e+01
159           	4.382669e+01
160           	4.378643e+01
161           	4.374599e+01
162           	4.371097e+01
163           	4.367030e+01
164           	4.363077e+01
165           	4.359365e+01
166           	4.355962e+01
167           	4.352843e+01
168           	4.349957e+01
169           	4.347141e+01
170           	4.344312e+01
171           	4.341422e+01
172           	4.338462e+01
173           	4.335525e+01
174           	4.333150e+01
175           	4.329578e+01
176           	4.325998e+01
177           	4.322498e+01
178           	4.319325e+01
179           	4.316506e+01
180           	4.314007e+01
181           	4.311650e+01
182           	4.309328e+01
183           	4.306966e+01
184           	4.304522e+01
185           	4.301994e+01
186           	4.299409e+01
187           	4.296815e+01
188           	4.294277e+01
189           	4.291920e+01
190           	4.289472e+01
191           	4.286581e+01
192           	4.283648e+01
193           	4.280826e+01
194           	4.278193e+01
195           	4.275749e+01
196           	4.273446e+01
197           	4.271198e+01
198           	4.268927e+01
199           	4.266574e+01
200           	4.264116e+01
201           	4.261534e+01
202           	4.258820e+01
203           	4.256014e+01
204           	4.253140e+01
205           	4.250204e+01
206           	4.247242e+01
207           	4.244307e+01
208           	4.241435e+01
209           	4.238622e+01
210           	4.235849e+01
211           	4.233086e+01
212           	4.230306e+01
213           	4.227499e+01
214           	4.224691e+01
215           	4.222227e+01
216           	4.218973e+01
217           	4.215715e+01
218           	4.211983e+01
219           	4.208212e+01
220           	4.204568e+01
221           	4.201124e+01
222           	4.197863e+01
223           	4.194707e+01
224           	4.191553e+01
225           	4.188317e+01
226           	4.184963e+01
227           	4.181504e+01
228           	4.178017e+01
229           	4.174099e+01
230           	4.170056e+01
231           	4.166075e+01
232           	4.162242e+01
233           	4.158585e+01
234           	4.154976e+01
235           	4.151307e+01
236           	4.147556e+01
237           	4.143725e+01
238           	4.139841e+01
239           	4.135939e+01
240           	4.132054e+01
241           	4.128207e+01
242           	4.124409e+01
243           	4.120664e+01
244           	4.116992e+01
245           	4.113555e+01
246           	4.109735e+01
247           	4.105628e+01
248           	4.101427e+01
249           	4.097273e+01
250           	4.093260e+01
251           	4.089414e+01
252           	4.085712e+01
253           	4.082103e+01
254           	4.078537e+01
255           	4.075007e+01
256           	4.071700e+01
257           	4.069988e+01
258           	4.065940e+01
259           	4.061343e+01
260           	4.056686e+01
261           	4.052264e+01
262           	4.048156e+01
263           	4.044348e+01
264           	4.040788e+01
265           	4.037385e+01
266           	4.034054e+01
267           	4.030735e+01
268           	4.027404e+01
269           	4.024072e+01
270           	4.020772e+01
271           	4.017565e+01
272           	4.014675e+01
273           	4.011128e+01
274           	4.007503e+01
275           	4.004006e+01
276           	4.000694e+01
277           	3.997592e+01
278           	3.994696e+01
279           	3.992027e+01
280           	3.989442e+01
281           	3.986891e+01
282           	3.984357e+01
283           	3.981862e+01
284           	3.979536e+01
285           	3.977025e+01
286           	3.974215e+01
287           	3.971416e+01
288           	3.968835e+01
289           	3.966542e+01
290           	3.964532e+01
291           	3.962768e+01
292           	3.961172e+01
293           	3.959673e+01
294           	3.958234e+01
295           	3.956875e+01
296           	3.955375e+01
297           	3.953577e+01
298           	3.951798e+01
299           	3.950195e+01
300           	3.948856e+01
301           	3.947804e+01
302           	3.947016e+01
303           	3.946444e+01
304           	3.946047e+01
305           	3.945849e+01
306           	3.945545e+01
307           	3.944924e+01
308           	3.944315e+01
309           	3.943886e+01
310           	3.943719e+01
311           	3.943832e+01
312           	3.944198e+01
313           	3.944753e+01
314           	3.945434e+01
315           	3.946194e+01
316           	3.946595e+01
317           	3.946957e+01
318           	3.947456e+01
319           	3.948284e+01
320           	3.949054e+01
321           	3.950532e+01
322           	3.951393e+01
323           	3.952139e+01
324           	3.952906e+01
325           	3.953809e+01
326           	3.954904e+01
327           	3.956199e+01
328           	3.957660e+01
329           	3.959235e+01
330           	3.960868e+01
331           	3.962522e+01
332           	3.964201e+01
333           	3.966060e+01
334           	3.967357e+01
335           	3.968518e+01
336           	3.969722e+01
337           	3.971053e+01
338           	3.972540e+01
339           	3.974144e+01
340           	3.975860e+01
341           	3.977600e+01
342           	3.979353e+01
343           	3.980646e+01
344           	3.981803e+01
345           	3.983065e+01
346           	3.983935e+01
347           	3.984804e+01
348           	3.985790e+01
349           	3.986921e+01
350           	3.988159e+01
351           	3.989437e+01
352           	3.990681e+01
353           	3.991857e+01
354           	3.993046e+01
355           	3.993697e+01
356           	3.994046e+01
357           	3.994341e+01
358           	3.994800e+01
359           	3.995145e+01
360           	3.995203e+01
361           	3.995255e+01
362           	3.995379e+01
363           	3.995597e+01
364           	3.995870e+01
365           	3.996122e+01
366           	3.996296e+01
367           	3.996343e+01
368           	3.996274e+01
369           	3.996390e+01
370           	3.995457e+01
371           	3.994277e+01
372           	3.993058e+01
373           	3.991973e+01
374           	3.991063e+01
375           	3.990294e+01
376           	3.989602e+01
377           	3.988893e+01
378           	3.988060e+01
379           	3.987093e+01
380           	3.986012e+01
381           	3.984804e+01
382           	3.983598e+01
383           	3.982241e+01
384           	3.980257e+01
385           	3.978151e+01
386           	3.976100e+01
387           	3.974208e+01
388           	3.972492e+01
389           	3.970907e+01
390           	3.969335e+01
391           	3.967716e+01
392           	3.965979e+01
393           	3.964081e+01
394           	3.962003e+01
395           	3.959771e+01
396           	3.957455e+01
397           	3.955139e+01
398           	3.952890e+01
399           	3.950743e+01
400           	3.948692e+01
401           	3.946724e+01
402           	3.944815e+01
403           	3.942975e+01
404           	3.941207e+01
405           	3.939405e+01
406           	3.937051e+01
407           	3.934580e+01
408           	3.932189e+01
409           	3.929980e+01
410           	3.927977e+01
411           	3.926153e+01
412           	3.924434e+01
413           	3.922716e+01
414           	3.920895e+01
415           	3.918923e+01
416           	3.916825e+01
417           	3.914646e+01
418           	3.912411e+01
419           	3.910155e+01
420           	3.907945e+01
421           	3.905848e+01
422           	3.903895e+01
423           	3.902079e+01
424           	3.900376e+01
425           	3.898753e+01
426           	3.897184e+01
427           	3.895697e+01
428           	3.894321e+01
429           	3.892502e+01
430           	3.890616e+01
431           	3.888819e+01
432           	3.887178e+01
433           	3.885708e+01
434           	3.884401e+01
435           	3.883234e+01
436           	3.882227e+01
437           	3.880849e+01
438           	3.879594e+01
439           	3.877904e+01
440           	3.876223e+01
441           	3.874707e+01
442           	3.873449e+01
443           	3.872389e+01
444           	3.871512e+01
445           	3.870741e+01
446           	3.870017e+01
447           	3.869382e+01
448           	3.868374e+01
449           	3.867002e+01
450           	3.865573e+01
451           	3.864226e+01
452           	3.863043e+01
453           	3.862052e+01
454           	3.861238e+01
455           	3.860558e+01
456           	3.859982e+01
457           	3.859598e+01
458           	3.858775e+01
459           	3.857789e+01
460           	3.856954e+01
461           	3.855720e+01
462           	3.854548e+01
463           	3.853575e+01
464           	3.852840e+01
465           	3.852300e+01
466           	3.851884e+01
467           	3.851512e+01
468           	3.851130e+01
469           	3.850738e+01
470           	3.850042e+01
471           	3.849137e+01
472           	3.848167e+01
473           	3.847277e+01
474           	3.846557e+01
475           	3.846024e+01
476           	3.845645e+01
477           	3.845370e+01
478           	3.845164e+01
479           	3.845156e+01
480           	3.844670e+01
481           	3.847501e+01
482           	3.846946e+01
483           	3.845567e+01
484           	3.843834e+01
485           	3.842302e+01
486           	3.841251e+01
487           	3.840670e+01
488           	3.840430e+01
489           	3.840385e+01
490           	3.840330e+01
491           	3.840164e+01
492           	3.839868e+01
493           	3.839493e+01
494           	3.839170e+01
495           	3.843859e+01
496           	3.841949e+01
497           	3.839660e+01
498           	3.837609e+01
499           	3.836191e+01
500           	3.835481e+01
501           	3.835368e+01
502           	3.835623e+01
503           	3.835971e+01
504           	3.836196e+01
505           	3.836185e+01
506           	3.835943e+01
507           	3.835549e+01
508           	3.835134e+01
509           	3.834917e+01
510           	3.834314e+01
511           	3.833679e+01
512           	3.833186e+01
513           	3.832899e+01
514           	3.832818e+01
515           	3.832948e+01
516           	3.832973e+01
517           	3.833508e+01
518           	3.833244e+01
519           	3.832647e+01
520           	3.831921e+01
521           	3.831250e+01
522           	3.830750e+01
523           	3.830461e+01
524           	3.830357e+01
525           	3.830374e+01
526           	3.830442e+01
527           	3.830517e+01
528           	3.830613e+01
529           	3.830907e+01
530           	3.830408e+01
531           	3.829777e+01
532           	3.829212e+01
533           	3.828840e+01
534           	3.828695e+01
535           	3.828758e+01
536           	3.828944e+01
537           	3.829102e+01
538           	3.829100e+01
539           	3.828928e+01
540           	3.828611e+01
541           	3.828173e+01
542           	3.827658e+01
543           	3.827154e+01
544           	3.826744e+01
545           	3.826470e+01
546           	3.826334e+01
547           	3.826307e+01
548           	3.826350e+01
549           	3.826428e+01
550           	3.826531e+01
551           	3.826746e+01
552           	3.826459e+01
553           	3.826075e+01
554           	3.825743e+01
555           	3.825536e+01
556           	3.825478e+01
557           	3.825559e+01
558           	3.825748e+01
559           	3.826039e+01
560           	3.825987e+01
561           	3.826374e+01
562           	3.825952e+01
563           	3.825444e+01
564           	3.825045e+01
565           	3.824872e+01
566           	3.824947e+01
567           	3.825228e+01
568           	3.825616e+01
569           	3.825988e+01
570           	3.826243e+01
571           	3.826322e+01
572           	3.826242e+01
573           	3.826058e+01
574           	3.825861e+01
575           	3.825737e+01
576           	3.825737e+01
577           	3.825877e+01
578           	3.826141e+01
579           	3.826497e+01
580           	3.826925e+01
581           	3.827473e+01
582           	3.828065e+01
583           	3.828044e+01
584           	3.827927e+01
585           	3.827891e+01
586           	3.828037e+01
587           	3.828398e+01
588           	3.828949e+01
589           	3.829611e+01
590           	3.830266e+01
591           	3.830801e+01
592           	3.831170e+01
593           	3.831383e+01
594           	3.831483e+01
595           	3.831566e+01
596           	3.831717e+01
597           	3.831988e+01
598           	3.832393e+01
599           	3.832916e+01
600           	3.833526e+01
601           	3.834195e+01
602           	3.834938e+01
603           	3.835973e+01
604           	3.836168e+01
605           	3.836178e+01
606           	3.836241e+01
607           	3.836450e+01
608           	3.836853e+01
609           	3.837448e+01
610           	3.838184e+01
611           	3.838994e+01
612           	3.839805e+01
613           	3.840569e+01
614           	3.841268e+01
615           	3.841915e+01
616           	3.842554e+01
617           	3.843294e+01
618           	3.843947e+01
619           	3.844184e+01
620           	3.844388e+01
621           	3.844703e+01
622           	3.845201e+01
623           	3.845886e+01
624           	3.846713e+01
625           	3.847601e+01
626           	3.848477e+01
627           	3.849287e+01
628           	3.849996e+01
629           	3.850599e+01
630           	3.850843e+01
631           	3.850998e+01
632           	3.851216e+01
633           	3.851563e+01
634           	3.852048e+01
635           	3.852653e+01
636           	3.853340e+01
637           	3.854070e+01
638           	3.854835e+01
639           	3.855822e+01
640           	3.858599e+01
641           	3.858758e+01
642           	3.858284e+01
643           	3.857706e+01
644           	3.857332e+01
645           	3.857190e+01
646           	3.857286e+01
647           	3.857590e+01
648           	3.858019e+01
649           	3.858488e+01
650           	3.858934e+01
651           	3.859323e+01
652           	3.859654e+01
653           	3.859952e+01
654           	3.860270e+01
655           	3.860807e+01
656           	3.861000e+01
657           	3.861023e+01
658           	3.861132e+01
659           	3.860846e+01
660           	3.860519e+01
661           	3.860300e+01
662           	3.860231e+01
663           	3.860287e+01
664           	3.860424e+01
665           	3.860583e+01
666           	3.860722e+01
667           	3.860836e+01
668           	3.861007e+01
669           	3.861541e+01
670           	3.860985e+01
671           	3.860269e+01
672           	3.859616e+01
673           	3.859162e+01
674           	3.858954e+01
675           	3.858953e+01
676           	3.859050e+01
677           	3.859083e+01
678           	3.858934e+01
679           	3.858576e+01
680           	3.858054e+01
681           	3.857439e+01
682           	3.856820e+01
683           	3.856258e+01
684           	3.855789e+01
685           	3.855417e+01
686           	3.855133e+01
687           	3.854978e+01
688           	3.854594e+01
689           	3.854166e+01
690           	3.853430e+01
691           	3.852611e+01
692           	3.851836e+01
693           	3.851171e+01
694           	3.850622e+01
695           	3.850155e+01
696           	3.849727e+01
697           	3.849308e+01
698           	3.848910e+01
699           	3.848817e+01
700           	3.847754e+01
701           	3.846471e+01
702           	3.845237e+01
703           	3.844182e+01
704           	3.843358e+01
705           	3.842727e+01
706           	3.842229e+01
707           	3.841780e+01
708           	3.841288e+01
709           	3.840715e+01
710           	3.840046e+01
711           	3.839297e+01
712           	3.838510e+01
713           	3.837756e+01
714           	3.837267e+01
715           	3.836457e+01
716           	3.835284e+01
717           	3.834009e+01
718           	3.832788e+01
719           	3.831716e+01
720           	3.830818e+01
721           	3.830061e+01
722           	3.829382e+01
723           	3.828720e+01
724           	3.828046e+01
725           	3.827413e+01
726           	3.826475e+01
727           	3.825434e+01
728           	3.824141e+01
729           	3.822825e+01
730           	3.821619e+01
731           	3.820575e+01
732           	3.819680e+01
733           	3.818890e+01
734           	3.818150e+01
735           	3.817429e+01
736           	3.816767e+01
737           	3.815933e+01
738           	3.814668e+01
739           	3.813331e+01
740           	3.812079e+01
741           	3.811000e+01
742           	3.810122e+01
743           	3.809414e+01
744           	3.808798e+01
745           	3.808215e+01
746           	3.807635e+01
747           	3.806787e+01
748           	3.805518e+01
749           	3.804142e+01
750           	3.802819e+01
751           	3.801649e+01
752           	3.800680e+01
753           	3.799887e+01
754           	3.799225e+01
755           	3.798645e+01
756           	3.798214e+01
757           	3.797490e+01
758           	3.796890e+01
759           	3.795784e+01
760           	3.794548e+01
761           	3.793358e+01
762           	3.792308e+01
763           	3.791452e+01
764           	3.790785e+01
765           	3.790251e+01
766           	3.789774e+01
767           	3.789315e+01
768           	3.788899e+01
769           	3.788749e+01
770           	3.788363e+01
771           	3.787471e+01
772           	3.786419e+01
773           	3.785409e+01
774           	3.784594e+01
775           	3.784023e+01
776           	3.783668e+01
777           	3.783474e+01
778           	3.783356e+01
779           	3.783277e+01
780           	3.783393e+01
781           	3.783663e+01
782           	3.783114e+01
783           	3.782337e+01
784           	3.781593e+01
785           	3.781042e+01
786           	3.780703e+01
787           	3.780544e+01
788           	3.780521e+01
789           	3.780581e+01
790           	3.780671e+01
791           	3.780756e+01
792           	3.780817e+01
793           	3.780862e+01
794           	3.780907e+01
795           	3.780964e+01
796           	3.781048e+01
797           	3.781170e+01
798           	3.781339e+01
799           	3.781562e+01
800           	3.781842e+01
801           	3.782178e+01
802           	3.782570e+01
803           	3.783013e+01
804           	3.783501e+01
805           	3.784013e+01
806           	3.784499e+01
807           	3.784919e+01
808           	3.785285e+01
809           	3.785638e+01
810           	3.786033e+01
811           	3.786508e+01
812           	3.787080e+01
813           	3.787749e+01
814           	3.788496e+01
815           	3.789307e+01
816           	3.790174e+01
817           	3.791198e+01
818           	3.792302e+01
819           	3.792719e+01
820           	3.793030e+01
821           	3.793422e+01
822           	3.794007e+01
823           	3.794817e+01
824           	3.795822e+01
825           	3.796931e+01
826           	3.798015e+01
827           	3.798970e+01
828           	3.799749e+01
829           	3.800367e+01
830           	3.800883e+01
831           	3.801392e+01
832           	3.801969e+01
833           	3.802644e+01
834           	3.803425e+01
835           	3.804288e+01
836           	3.805224e+01
837           	3.806251e+01
838           	3.807204e+01
839           	3.807711e+01
840           	3.808131e+01
841           	3.808605e+01
842           	3.809208e+01
843           	3.809954e+01
844           	3.810825e+01
845           	3.811754e+01
846           	3.812682e+01
847           	3.813551e+01
848           	3.813968e+01
849           	3.814195e+01
850           	3.814415e+01
851           	3.814715e+01
852           	3.815128e+01
853           	3.815632e+01
854           	3.816191e+01
855           	3.816771e+01
856           	3.817334e+01
857           	3.817829e+01
858           	3.818197e+01
859           	3.818410e+01
860           	3.818498e+01
861           	3.818540e+01
862           	3.818596e+01
863           	3.818706e+01
864           	3.818879e+01
865           	3.819108e+01
866           	3.819371e+01
867           	3.819659e+01
868           	3.819975e+01
869           	3.820532e+01
870           	3.820756e+01
871           	3.820502e+01
872           	3.820052e+01
873           	3.819596e+01
874           	3.819262e+01
875           	3.819097e+01
876           	3.819076e+01
877           	3.819143e+01
878           	3.819229e+01
879           	3.819313e+01
880           	3.819531e+01
881           	3.819382e+01
882           	3.818839e+01
883           	3.818230e+01
884           	3.818001e+01
885           	3.817502e+01
886           	3.816715e+01
887           	3.815956e+01
888           	3.815327e+01
889           	3.814864e+01
890           	3.814541e+01
891           	3.814298e+01
892           	3.814051e+01
893           	3.813746e+01
894           	3.813354e+01
895           	3.812911e+01
896           	3.812681e+01
897           	3.811607e+01
898           	3.810335e+01
899           	3.809130e+01
900           	3.808107e+01
901           	3.807294e+01
902           	3.806672e+01
903           	3.806173e+01
904           	3.805717e+01
905           	3.805228e+01
906           	3.804659e+01
907           	3.804009e+01
908           	3.803347e+01
909           	3.802622e+01
910           	3.801410e+01
911           	3.800144e+01
912           	3.798971e+01
913           	3.797985e+01
914           	3.797191e+01
915           	3.796535e+01
916           	3.795931e+01
917           	3.795318e+01
918           	3.794625e+01
919           	3.793815e+01
920           	3.792616e+01
921           	3.791256e+01
922           	3.789896e+01
923           	3.788651e+01
924           	3.787560e+01
925           	3.786611e+01
926           	3.785782e+01
927           	3.785024e+01
928           	3.784326e+01
929           	3.783834e+01
930           	3.783043e+01
931           	3.781921e+01
932           	3.780609e+01
933           	3.779109e+01
934           	3.777682e+01
935           	3.776483e+01
936           	3.775497e+01
937           	3.774649e+01
938           	3.773895e+01
939           	3.773167e+01
940           	3.772452e+01
941           	3.771809e+01
942           	3.771008e+01
943           	3.769701e+01
944           	3.768312e+01
945           	3.767025e+01
946           	3.765918e+01
947           	3.765044e+01
948           	3.764393e+01
949           	3.763848e+01
950           	3.763281e+01
951           	3.762605e+01
952           	3.761806e+01
953           	3.761119e+01
954           	3.759828e+01
955           	3.758409e+01
956           	3.757101e+01
957           	3.755974e+01
958           	3.755082e+01
959           	3.754406e+01
960           	3.753888e+01
961           	3.753448e+01
962           	3.753019e+01
963           	3.752571e+01
964           	3.752146e+01
965           	3.751782e+01
966           	3.750792e+01
967           	3.749722e+01
968           	3.748758e+01
969           	3.748010e+01
970           	3.747509e+01
971           	3.747223e+01
972           	3.747072e+01
973           	3.746940e+01
974           	3.746685e+01
975           	3.746337e+01
976           	3.745627e+01
977           	3.744776e+01
978           	3.743977e+01
979           	3.743330e+01
980           	3.742880e+01
981           	3.742628e+01
982           	3.742526e+01
983           	3.742518e+01
984           	3.742583e+01
985           	3.742856e+01
986           	3.742765e+01
987           	3.742436e+01
988           	3.741924e+01
989           	3.741426e+01
990           	3.741078e+01
991           	3.740935e+01
992           	3.740983e+01
993           	3.741168e+01
994           	3.741429e+01
995           	3.741732e+01
996           	3.742129e+01
997           	3.742242e+01
998           	3.742268e+01
999           	3.742060e+01
1000          	3.741841e+01
1001          	3.741758e+01
1002          	3.741868e+01
1003          	3.742150e+01
1004          	3.742550e+01
1005          	3.743022e+01
1006          	3.743536e+01
1007          	3.744145e+01
1008          	3.744561e+01
1009          	3.744588e+01
1010          	3.744553e+01
1011          	3.744612e+01
1012          	3.744844e+01
1013          	3.745287e+01
1014          	3.745912e+01
1015          	3.746662e+01
1016          	3.747434e+01
1017          	3.748207e+01
1018          	3.748675e+01
1019          	3.748763e+01
1020          	3.748749e+01
1021          	3.748793e+01
1022          	3.748981e+01
1023          	3.749361e+01
1024          	3.749897e+01
1025          	3.750533e+01
1026          	3.751258e+01
1027          	3.752151e+01
1028          	3.752643e+01
1029          	3.752842e+01
1030          	3.752906e+01
1031          	3.752989e+01
1032          	3.753196e+01
1033          	3.753560e+01
1034          	3.754062e+01
1035          	3.754649e+01
1036          	3.755270e+01
1037          	3.755919e+01
1038          	3.756404e+01
1039          	3.756465e+01
1040          	3.756434e+01
1041          	3.756461e+01
1042          	3.756630e+01
1043          	3.756961e+01
1044          	3.757434e+01
1045          	3.758004e+01
1046          	3.758646e+01
1047          	3.758816e+01
1048          	3.758775e+01
1049          	3.758715e+01
1050          	3.758849e+01
1051          	3.758861e+01
1052          	3.758599e+01
1053          	3.758385e+01
1054          	3.758324e+01
1055          	3.758415e+01
1056          	3.758617e+01
1057          	3.758882e+01
1058          	3.759145e+01
1059          	3.759376e+01
1060          	3.759553e+01
1061          	3.759266e+01
1062          	3.758865e+01
1063          	3.758583e+01
1064          	3.758012e+01
1065          	3.757508e+01
1066          	3.757176e+01
1067          	3.757024e+01
1068          	3.757001e+01
1069          	3.757043e+01
1070          	3.757089e+01
1071          	3.757123e+01
1072          	3.756846e+01
1073          	3.756347e+01
1074          	3.755663e+01
1075          	3.754968e+01
1076          	3.754379e+01
1077          	3.753937e+01
1078          	3.753630e+01
1079          	3.753412e+01
1080          	3.753248e+01
1081          	3.753202e+01
1082          	3.752770e+01
1083          	3.752073e+01
1084          	3.751232e+01
1085          	3.750401e+01
1086          	3.749690e+01
1087          	3.749134e+01
1088          	3.748715e+01
1089          	3.748384e+01
1090          	3.748092e+01
1091          	3.747855e+01
1092          	3.747349e+01
1093          	3.746870e+01
1094          	3.745975e+01
1095          	3.744977e+01
1096          	3.744028e+01
1097          	3.743216e+01
1098          	3.742558e+01
1099          	3.742031e+01
1100          	3.741581e+01
1101          	3.741171e+01
1102          	3.740762e+01
1103          	3.740552e+01
1104          	3.739915e+01
1105          	3.738952e+01
1106          	3.737872e+01
1107          	3.736825e+01
1108          	3.735943e+01
1109          	3.735246e+01
1110          	3.734725e+01
1111          	3.734310e+01
1112          	3.733922e+01
1113          	3.733558e+01
1114          	3.732965e+01
1115          	3.731971e+01
1116          	3.730937e+01
1117          	3.729971e+01
1118          	3.729173e+01
1119          	3.728585e+01
1120          	3.728150e+01
1121          	3.727829e+01
1122          	3.727584e+01
1123          	3.726878e+01
1124          	3.726061e+01
1125          	3.725387e+01
1126          	3.724303e+01
1127          	3.723252e+01
1128          	3.722394e+01
1129          	3.721727e+01
1130          	3.721264e+01
1131          	3.720916e+01
1132          	3.720606e+01
1133          	3.720314e+01
1134          	3.720083e+01
1135          	3.719408e+01
1136          	3.718477e+01
1137          	3.717531e+01
1138          	3.716714e+01
1139          	3.716029e+01
1140          	3.715480e+01
1141          	3.715012e+01
1142          	3.714572e+01
1143          	3.714118e+01
1144          	3.713627e+01
1145          	3.713099e+01
1146          	3.712554e+01
1147          	3.712015e+01
1148          	3.711511e+01
1149          	3.711059e+01
1150          	3.710677e+01
1151          	3.710382e+01
1152          	3.710201e+01
1153          	3.709689e+01
1154          	3.709016e+01
1155          	3.708354e+01
1156          	3.707786e+01
1157          	3.707335e+01
1158          	3.707008e+01
1159          	3.706765e+01
1160          	3.706595e+01
1161          	3.706482e+01
1162          	3.706457e+01
1163          	3.706181e+01
1164          	3.705736e+01
1165          	3.705146e+01
1166          	3.704577e+01
1167          	3.704138e+01
1168          	3.703866e+01
1169          	3.703746e+01
1170          	3.703728e+01
1171          	3.703766e+01
1172          	3.703842e+01
1173          	3.704092e+01
1174          	3.703911e+01
1175          	3.704200e+01
1176          	3.703563e+01
1177          	3.702858e+01
1178          	3.702299e+01
1179          	3.702014e+01
1180          	3.702017e+01
1181          	3.702240e+01
1182          	3.702559e+01
1183          	3.702848e+01
1184          	3.703028e+01
1185          	3.703071e+01
1186          	3.702989e+01
1187          	3.702823e+01
1188          	3.702637e+01
1189          	3.702487e+01
1190          	3.702416e+01
1191          	3.702446e+01
1192          	3.702574e+01
1193          	3.702787e+01
1194          	3.703068e+01
1195          	3.703413e+01
1196          	3.703868e+01
1197          	3.703952e+01
1198          	3.703866e+01
1199          	3.703788e+01
1200          	3.703794e+01
1201          	3.703918e+01
1202          	3.704154e+01
1203          	3.704480e+01
1204          	3.704879e+01
1205          	3.705333e+01
1206          	3.705876e+01
1207          	3.706108e+01
1208          	3.706146e+01
1209          	3.706123e+01
1210          	3.706171e+01
1211          	3.706357e+01
1212          	3.706690e+01
1213          	3.707140e+01
1214          	3.707673e+01
1215          	3.708251e+01
1216          	3.708893e+01
1217          	3.709404e+01
1218          	3.709468e+01
1219          	3.709440e+01
1220          	3.709499e+01
1221          	3.709739e+01
1222          	3.710177e+01
1223          	3.710787e+01
1224          	3.711499e+01
1225          	3.712287e+01
1226          	3.712634e+01
1227          	3.712827e+01
1228          	3.713040e+01
1229          	3.713590e+01
1230          	3.713856e+01
1231          	3.714064e+01
1232          	3.714182e+01
1233          	3.714349e+01
1234          	3.714627e+01
1235          	3.715042e+01
1236          	3.715569e+01
1237          	3.716155e+01
1238          	3.716750e+01
1239          	3.717335e+01
1240          	3.717967e+01
1241          	3.718462e+01
1242          	3.718518e+01
1243          	3.718514e+01
1244          	3.718613e+01
1245          	3.718908e+01
1246          	3.719378e+01
1247          	3.720007e+01
1248          	3.720733e+01
1249          	3.721469e+01
1250          	3.722209e+01
1251          	3.722305e+01
1252          	3.722182e+01
1253          	3.722064e+01
1254          	3.722061e+01
1255          	3.722232e+01
1256          	3.722571e+01
1257          	3.723036e+01
1258          	3.723580e+01
1259          	3.724156e+01
1260          	3.724752e+01
1261          	3.725275e+01
1262          	3.725280e+01
1263          	3.725167e+01
1264          	3.725110e+01
1265          	3.725206e+01
1266          	3.725476e+01
1267          	3.725894e+01
1268          	3.726403e+01
1269          	3.726951e+01
1270          	3.727464e+01
1271          	3.727654e+01
1272          	3.727443e+01
1273          	3.727121e+01
1274          	3.726828e+01
1275          	3.726662e+01
1276          	3.726647e+01
1277          	3.726771e+01
1278          	3.727000e+01
1279          	3.727305e+01
1280          	3.727740e+01
1281          	3.727817e+01
1282          	3.727710e+01
1283          	3.727314e+01
1284          	3.726854e+01
1285          	3.726471e+01
1286          	3.726228e+01
1287          	3.726120e+01
1288          	3.726107e+01
1289          	3.726132e+01
1290          	3.726158e+01
1291          	3.726207e+01
1292          	3.726106e+01
1293          	3.725535e+01
1294          	3.724865e+01
1295          	3.724256e+01
1296          	3.723793e+01
1297          	3.723497e+01
1298          	3.723343e+01
1299          	3.723270e+01
1300          	3.723205e+01
1301          	3.723200e+01
1302          	3.722437e+01
1303          	3.721415e+01
1304          	3.720370e+01
1305          	3.719439e+01
1306          	3.718679e+01
1307          	3.718099e+01
1308          	3.717652e+01
1309          	3.717268e+01
1310          	3.716882e+01
1311          	3.716463e+01
1312          	3.716081e+01
1313          	3.715555e+01
1314          	3.714443e+01
1315          	3.713210e+01
1316          	3.712036e+01
1317          	3.711039e+01
1318          	3.710240e+01
1319          	3.709609e+01
1320          	3.709050e+01
1321          	3.708467e+01
1322          	3.707760e+01
1323          	3.706866e+01
1324          	3.705786e+01
1325          	3.704556e+01
1326          	3.703235e+01
1327          	3.701894e+01
1328          	3.700621e+01
1329          	3.699460e+01
1330          	3.698413e+01
1331          	3.697453e+01
1332          	3.696547e+01
1333          	3.695653e+01
1334          	3.694782e+01
1335          	3.694227e+01
1336          	3.692986e+01
1337          	3.692152e+01
1338          	3.690455e+01
1339          	3.688693e+01
1340          	3.687075e+01
1341          	3.685721e+01
1342          	3.684639e+01
1343          	3.683740e+01
1344          	3.682896e+01
1345          	3.681991e+01
1346          	3.680964e+01
1347          	3.679812e+01
1348          	3.678564e+01
1349          	3.677255e+01
1350          	3.675916e+01
1351          	3.674559e+01
1352          	3.673184e+01
1353          	3.671785e+01
1354          	3.670446e+01
1355          	3.669171e+01
1356          	3.667975e+01
1357          	3.666865e+01
1358          	3.665814e+01
1359          	3.664807e+01
1360          	3.663817e+01
1361          	3.662908e+01
1362          	3.662364e+01
1363          	3.661062e+01
1364          	3.659598e+01
1365          	3.658195e+01
1366          	3.656921e+01
1367          	3.655812e+01
1368          	3.654868e+01
1369          	3.654057e+01
1370          	3.653324e+01
1371          	3.652622e+01
1372          	3.651914e+01
1373          	3.651191e+01
1374          	3.650487e+01
1375          	3.650014e+01
1376          	3.648870e+01
1377          	3.647605e+01
1378          	3.646451e+01
1379          	3.645481e+01
1380          	3.644729e+01
1381          	3.644195e+01
1382          	3.643799e+01
1383          	3.643476e+01
1384          	3.643190e+01
1385          	3.642908e+01
1386          	3.642641e+01
1387          	3.642505e+01
1388          	3.642150e+01
1389          	3.641426e+01
1390          	3.640705e+01
1391          	3.640094e+01
1392          	3.639714e+01
1393          	3.639587e+01
1394          	3.639653e+01
1395          	3.639820e+01
1396          	3.640026e+01
1397          	3.640240e+01
1398          	3.640424e+01
1399          	3.640229e+01
1400          	3.639900e+01
1401          	3.639618e+01
1402          	3.639478e+01
1403          	3.639530e+01
1404          	3.639753e+01
1405          	3.640119e+01
1406          	3.640594e+01
1407          	3.641162e+01
1408          	3.641960e+01
1409          	3.642130e+01
1410          	3.642147e+01
1411          	3.642205e+01
1412          	3.642392e+01
1413          	3.642748e+01
1414          	3.643273e+01
1415          	3.643935e+01
1416          	3.644688e+01
1417          	3.645495e+01
1418          	3.646355e+01
1419          	3.647375e+01
1420          	3.647968e+01
1421          	3.648391e+01
1422          	3.648894e+01
1423          	3.651575e+01
1424          	3.651427e+01
1425          	3.651204e+01
1426          	3.651217e+01
1427          	3.651625e+01
1428          	3.652442e+01
1429          	3.653539e+01
1430          	3.654754e+01
1431          	3.655936e+01
1432          	3.656993e+01
1433          	3.657910e+01
1434          	3.658712e+01
1435          	3.659461e+01
1436          	3.660318e+01
1437          	3.661038e+01
1438          	3.662205e+01
1439          	3.662844e+01
1440          	3.663362e+01
1441          	3.663862e+01
1442          	3.664453e+01
1443          	3.665177e+01
1444          	3.666043e+01
1445          	3.667012e+01
1446          	3.668029e+01
1447          	3.669057e+01
1448          	3.670094e+01
1449          	3.671204e+01
1450          	3.672751e+01
1451          	3.673158e+01
1452          	3.673405e+01
1453          	3.673691e+01
1454          	3.674187e+01
1455          	3.674925e+01
1456          	3.675857e+01
1457          	3.676910e+01
1458          	3.677896e+01
1459          	3.678686e+01
1460          	3.679248e+01
1461          	3.679613e+01
1462          	3.679896e+01
1463          	3.680168e+01
1464          	3.680495e+01
1465          	3.680911e+01
1466          	3.681417e+01
1467          	3.681998e+01
1468          	3.682656e+01
1469          	3.684258e+01
1470          	3.684114e+01
1471          	3.683915e+01
1472          	3.683466e+01
1473          	3.683001e+01
1474          	3.682745e+01
1475          	3.682808e+01
1476          	3.683147e+01
1477          	3.683658e+01
1478          	3.684209e+01
1479          	3.684683e+01
1480          	3.685008e+01
1481          	3.685165e+01
1482          	3.685175e+01
1483          	3.685082e+01
1484          	3.684929e+01
1485          	3.684760e+01
1486          	3.684600e+01
1487          	3.684446e+01
1488          	3.684314e+01
1489          	3.684227e+01
1490          	3.684374e+01
1491          	3.684146e+01
1492          	3.683781e+01
1493          	3.682927e+01
1494          	3.682006e+01
1495          	3.681203e+01
1496          	3.680607e+01
1497          	3.680200e+01
1498          	3.679916e+01
1499          	3.679671e+01
1500          	3.679388e+01
1501          	3.679024e+01
1502          	3.678592e+01
1503          	3.678326e+01
1504          	3.677253e+01
1505          	3.675976e+01
1506          	3.674759e+01
1507          	3.673685e+01
1508          	3.672814e+01
1509          	3.672130e+01
1510          	3.671568e+01
1511          	3.671050e+01
1512          	3.670519e+01
1513          	3.669921e+01
1514          	3.669254e+01
1515          	3.668669e+01
1516          	3.667766e+01
1517          	3.666461e+01
1518          	3.665109e+01
1519          	3.663882e+01
1520          	3.662844e+01
1521          	3.662010e+01
1522          	3.661308e+01
1523          	3.660670e+01
1524          	3.660032e+01
1525          	3.659333e+01
1526          	3.658660e+01
1527          	3.657824e+01
1528          	3.656499e+01
1529          	3.655020e+01
1530          	3.653603e+01
1531          	3.652369e+01
1532          	3.651288e+01
1533          	3.650390e+01
1534          	3.649628e+01
1535          	3.648929e+01
1536          	3.648322e+01
1537          	3.647526e+01
1538          	3.646309e+01
1539          	3.644998e+01
1540          	3.643748e+01
1541          	3.642656e+01
1542          	3.641751e+01
1543          	3.641011e+01
1544          	3.640378e+01
1545          	3.639776e+01
1546          	3.639185e+01
1547          	3.638150e+01
1548          	3.636975e+01
1549          	3.635840e+01
1550          	3.634884e+01
1551          	3.634449e+01
1552          	3.635746e+01
1553          	3.634731e+01
1554          	3.633021e+01
1555          	3.631115e+01
1556          	3.629387e+01
1557          	3.628055e+01
1558          	3.627123e+01
1559          	3.626513e+01
1560          	3.626099e+01
1561          	3.625767e+01
1562          	3.625415e+01
1563          	3.624993e+01
1564          	3.624504e+01
1565          	3.624010e+01
1566          	3.623784e+01
1567          	3.623262e+01
1568          	3.622351e+01
1569          	3.621326e+01
1570          	3.620373e+01
1571          	3.619611e+01
1572          	3.619077e+01
1573          	3.618739e+01
1574          	3.618525e+01
1575          	3.618365e+01
1576          	3.618221e+01
1577          	3.618157e+01
1578          	3.617762e+01
1579          	3.617196e+01
1580          	3.616532e+01
1581          	3.615913e+01
1582          	3.615459e+01
1583          	3.615191e+01
1584          	3.615085e+01
1585          	3.615094e+01
1586          	3.615172e+01
1587          	3.615309e+01
1588          	3.615699e+01
1589          	3.615349e+01
1590          	3.614820e+01
1591          	3.614343e+01
1592          	3.614024e+01
1593          	3.613889e+01
1594          	3.613940e+01
1595          	3.614139e+01
1596          	3.614427e+01
1597          	3.614752e+01
1598          	3.615088e+01
1599          	3.615457e+01
1600          	3.615569e+01
1601          	3.615530e+01
1602          	3.615396e+01
1603          	3.615318e+01
1604          	3.615395e+01
1605          	3.615650e+01
1606          	3.616054e+01
1607          	3.616556e+01
1608          	3.617111e+01
1609          	3.617724e+01
1610          	3.618589e+01
1611          	3.618742e+01
1612          	3.618709e+01
1613          	3.618722e+01
1614          	3.618867e+01
1615          	3.619193e+01
1616          	3.619669e+01
1617          	3.620272e+01
1618          	3.620932e+01
1619          	3.621602e+01
1620          	3.622242e+01
1621          	3.622844e+01
1622          	3.623412e+01
1623          	3.623875e+01
1624          	3.624246e+01
1625          	3.624543e+01
1626          	3.624824e+01
1627          	3.625168e+01
1628          	3.625608e+01
1629          	3.626140e+01
1630          	3.626743e+01
1631          	3.627423e+01
1632          	3.628134e+01
1633          	3.628871e+01
1634          	3.629711e+01
1635          	3.630926e+01
1636          	3.631066e+01
1637          	3.631084e+01
1638          	3.631159e+01
1639          	3.631443e+01
1640          	3.631969e+01
1641          	3.632701e+01
1642          	3.633518e+01
1643          	3.634320e+01
1644          	3.634975e+01
1645          	3.635442e+01
1646          	3.635754e+01
1647          	3.635972e+01
1648          	3.636172e+01
1649          	3.636421e+01
1650          	3.636757e+01
1651          	3.637189e+01
1652          	3.637715e+01
1653          	3.638345e+01
1654          	3.638770e+01
1655          	3.639056e+01
1656          	3.639196e+01
1657          	3.639323e+01
1658          	3.639512e+01
1659          	3.639823e+01
1660          	3.640226e+01
1661          	3.640680e+01
1662          	3.641151e+01
1663          	3.641647e+01
1664          	3.642372e+01
1665          	3.642340e+01
1666          	3.642096e+01
1667          	3.641852e+01
1668          	3.641719e+01
1669          	3.641744e+01
1670          	3.641920e+01
1671          	3.642222e+01
1672          	3.642569e+01
1673          	3.642906e+01
1674          	3.643203e+01
1675          	3.643472e+01
1676          	3.643849e+01
1677          	3.643794e+01
1678          	3.643515e+01
1679          	3.643250e+01
1680          	3.643217e+01
1681          	3.643086e+01
1682          	3.642749e+01
1683          	3.642477e+01
1684          	3.642340e+01
1685          	3.642340e+01
1686          	3.642437e+01
1687          	3.642579e+01
1688          	3.642704e+01
1689          	3.642779e+01
1690          	3.642816e+01
1691          	3.642948e+01
1692          	3.642948e+01
1693          	3.642418e+01
1694          	3.641757e+01
1695          	3.641138e+01
1696          	3.640661e+01
1697          	3.640342e+01
1698          	3.640159e+01
1699          	3.640072e+01
1700          	3.640034e+01
1701          	3.640024e+01
1702          	3.640121e+01
1703          	3.640550e+01
1704          	3.639976e+01
1705          	3.639085e+01
1706          	3.638146e+01
1707          	3.637337e+01
1708          	3.636742e+01
1709          	3.636362e+01
1710          	3.636158e+01
1711          	3.636039e+01
1712          	3.635943e+01
1713          	3.635951e+01
1714          	3.635603e+01
1715          	3.635100e+01
1716          	3.634312e+01
1717          	3.633479e+01
1718          	3.632730e+01
1719          	3.632140e+01
1720          	3.631706e+01
1721          	3.631384e+01
1722          	3.631119e+01
1723          	3.630871e+01
1724          	3.630624e+01
1725          	3.630631e+01
1726          	3.629854e+01
1727          	3.628872e+01
1728          	3.627923e+01
1729          	3.627084e+01
1730          	3.626421e+01
1731          	3.625919e+01
1732          	3.625553e+01
1733          	3.625233e+01
1734          	3.624910e+01
1735          	3.624557e+01
1736          	3.624192e+01
1737          	3.623904e+01
1738          	3.623221e+01
1739          	3.622313e+01
1740          	3.621415e+01
1741          	3.620630e+01
1742          	3.620007e+01
1743          	3.619461e+01
1744          	3.618930e+01
1745          	3.618407e+01
1746          	3.617847e+01
1747          	3.617241e+01
1748          	3.616625e+01
1749          	3.616003e+01
1750          	3.615389e+01
1751          	3.614803e+01
1752          	3.614237e+01
1753          	3.613747e+01
1754          	3.613333e+01
1755          	3.612601e+01
1756          	3.611743e+01
1757          	3.610895e+01
1758          	3.610116e+01
1759          	3.609431e+01
1760          	3.608886e+01
1761          	3.608408e+01
1762          	3.607984e+01
1763          	3.607601e+01
1764          	3.607266e+01
1765          	3.606813e+01
1766          	3.605944e+01
1767          	3.605018e+01
1768          	3.604185e+01
1769          	3.603534e+01
1770          	3.603054e+01
1771          	3.602754e+01
1772          	3.602527e+01
1773          	3.602312e+01
1774          	3.602086e+01
1775          	3.601438e+01
1776          	3.600616e+01
1777          	3.599811e+01
1778          	3.599128e+01
1779          	3.598587e+01
1780          	3.598167e+01
1781          	3.597837e+01
1782          	3.597526e+01
1783          	3.597207e+01
1784          	3.596809e+01
1785          	3.596381e+01
1786          	3.595927e+01
1787          	3.595459e+01
1788          	3.595018e+01
1789          	3.594647e+01
1790          	3.594367e+01
1791          	3.594162e+01
1792          	3.594053e+01
1793          	3.594061e+01
1794          	3.593697e+01
1795          	3.593291e+01
1796          	3.592990e+01
1797          	3.593166e+01
1798          	3.592905e+01
1799          	3.593186e+01
1800          	3.592659e+01
1801          	3.592111e+01
1802          	3.591685e+01
1803          	3.591468e+01
1804          	3.591479e+01
1805          	3.591666e+01
1806          	3.591935e+01
1807          	3.592190e+01
1808          	3.592380e+01
1809          	3.592500e+01
1810          	3.592575e+01
1811          	3.592639e+01
1812          	3.592726e+01
1813          	3.592555e+01
1814          	3.592334e+01
1815          	3.592209e+01
1816          	3.592237e+01
1817          	3.592417e+01
1818          	3.592726e+01
1819          	3.593129e+01
1820          	3.593594e+01
1821          	3.594117e+01
1822          	3.594774e+01
1823          	3.595102e+01
1824          	3.595223e+01
1825          	3.595207e+01
1826          	3.595227e+01
1827          	3.595402e+01
1828          	3.595756e+01
1829          	3.596270e+01
1830          	3.596889e+01
1831          	3.597564e+01
1832          	3.598267e+01
1833          	3.599164e+01
1834          	3.599636e+01
1835          	3.599998e+01
1836          	3.600032e+01
1837          	3.600071e+01
1838          	3.600285e+01
1839          	3.600735e+01
1840          	3.601394e+01
1841          	3.602201e+01
1842          	3.603046e+01
1843          	3.603928e+01
1844          	3.604802e+01
1845          	3.605266e+01
1846          	3.605821e+01
1847          	3.605970e+01
1848          	3.606107e+01
1849          	3.606389e+01
1850          	3.606886e+01
1851          	3.607608e+01
1852          	3.608455e+01
1853          	3.609396e+01
1854          	3.610345e+01
1855          	3.611288e+01
1856          	3.611752e+01
1857          	3.611993e+01
1858          	3.612226e+01
1859          	3.612548e+01
1860          	3.613019e+01
1861          	3.613616e+01
1862          	3.614289e+01
1863          	3.614959e+01
1864          	3.615568e+01
1865          	3.616118e+01
1866          	3.616621e+01
1867          	3.617086e+01
1868          	3.617541e+01
1869          	3.618013e+01
1870          	3.618523e+01
1871          	3.619081e+01
1872          	3.619715e+01
1873          	3.620478e+01
1874          	3.620824e+01
1875          	3.621059e+01
1876          	3.621317e+01
1877          	3.621667e+01
1878          	3.622103e+01
1879          	3.622579e+01
1880          	3.623004e+01
1881          	3.623402e+01
1882          	3.623766e+01
1883          	3.624125e+01
1884          	3.624456e+01
1885          	3.624748e+01
1886          	3.625061e+01
1887          	3.625394e+01
1888          	3.625778e+01
1889          	3.626175e+01
1890          	3.626567e+01
1891          	3.626617e+01
1892          	3.626546e+01
1893          	3.626500e+01
1894          	3.626522e+01
1895          	3.626625e+01
1896          	3.626816e+01
1897          	3.627081e+01
1898          	3.627387e+01
1899          	3.627722e+01
1900          	3.628107e+01
1901          	3.628342e+01
1902          	3.628100e+01
1903          	3.627743e+01
1904          	3.627465e+01
1905          	3.627341e+01
1906          	3.627370e+01
1907          	3.627547e+01
1908          	3.627810e+01
1909          	3.628070e+01
1910          	3.628264e+01
1911          	3.628812e+01
1912          	3.628142e+01
1913          	3.627208e+01
1914          	3.626345e+01
1915          	3.625709e+01
1916          	3.625358e+01
1917          	3.625265e+01
1918          	3.625343e+01
1919          	3.625476e+01
1920          	3.625563e+01
1921          	3.625544e+01
1922          	3.625400e+01
1923          	3.625161e+01
1924          	3.624885e+01
1925          	3.624717e+01
1926          	3.624621e+01
1927          	3.623861e+01
1928          	3.623030e+01
1929          	3.622287e+01
1930          	3.621731e+01
1931          	3.621381e+01
1932          	3.621190e+01
1933          	3.621064e+01
1934          	3.620898e+01
1935          	3.620619e+01
1936          	3.620190e+01
1937          	3.619607e+01
1938          	3.618896e+01
1939          	3.618124e+01
1940          	3.617363e+01
1941          	3.616652e+01
1942          	3.616028e+01
1943          	3.615495e+01
1944          	3.615041e+01
1945          	3.614637e+01
1946          	3.614282e+01
1947          	3.614118e+01
1948          	3.613501e+01
1949          	3.612766e+01
1950          	3.611961e+01
1951          	3.610991e+01
1952          	3.610069e+01
1953          	3.609300e+01
1954          	3.608687e+01
1955          	3.608197e+01
1956          	3.607782e+01
1957          	3.607381e+01
1958          	3.606942e+01
1959          	3.606567e+01
1960          	3.606166e+01
1961          	3.605168e+01
1962          	3.604052e+01
1963          	3.603031e+01
1964          	3.602211e+01
1965          	3.601636e+01
1966          	3.601252e+01
1967          	3.600968e+01
1968          	3.600655e+01
1969          	3.600188e+01
1970          	3.599555e+01
1971          	3.598781e+01
1972          	3.597882e+01
1973          	3.596903e+01
1974          	3.595935e+01
1975          	3.595072e+01
1976          	3.594340e+01
1977          	3.593749e+01
1978          	3.593259e+01
1979          	3.592836e+01
1980          	3.592444e+01
1981          	3.592087e+01
1982          	3.591858e+01
1983          	3.591127e+01
1984          	3.590294e+01
1985          	3.589505e+01
1986          	3.588850e+01
1987          	3.588352e+01
1988          	3.587999e+01
1989          	3.587754e+01
1990          	3.587604e+01
1991          	3.587128e+01
1992          	3.587440e+01
1993          	3.586538e+01
1994          	3.585524e+01
1995          	3.584601e+01
1996          	3.583927e+01
1997          	3.583546e+01
1998          	3.583401e+01
1999          	3.583381e+01
2000          	3.583353e+01
2001          	3.583214e+01
2002          	3.582919e+01
2003          	3.582477e+01
2004          	3.581949e+01
2005          	3.581414e+01
2006          	3.580944e+01
2007          	3.580586e+01
2008          	3.580375e+01
2009          	3.580270e+01
2010          	3.580259e+01
2011          	3.580358e+01
2012          	3.580244e+01
2013          	3.579992e+01
2014          	3.579632e+01
2015          	3.579310e+01
2016          	3.579125e+01
2017          	3.579084e+01
2018          	3.579182e+01
2019          	3.579358e+01
2020          	3.579577e+01
2021          	3.579841e+01
2022          	3.580023e+01
2023          	3.579797e+01
2024          	3.579525e+01
2025          	3.579352e+01
2026          	3.579365e+01
2027          	3.579578e+01
2028          	3.579975e+01
2029          	3.580510e+01
2030          	3.581165e+01
2031          	3.581425e+01
2032          	3.581390e+01
2033          	3.581283e+01
2034          	3.581233e+01
2035          	3.581313e+01
2036          	3.581538e+01
2037          	3.581898e+01
2038          	3.582362e+01
2039          	3.582895e+01
2040          	3.583455e+01
2041          	3.584013e+01
2042          	3.584228e+01
2043          	3.584290e+01
2044          	3.584376e+01
2045          	3.584555e+01
2046          	3.584864e+01
2047          	3.585307e+01
2048          	3.585844e+01
2049          	3.586474e+01
2050          	3.587165e+01
2051          	3.587980e+01
2052          	3.588591e+01
2053          	3.588764e+01
2054          	3.588853e+01
2055          	3.589014e+01
2056          	3.589348e+01
2057          	3.589860e+01
2058          	3.590557e+01
2059          	3.591343e+01
2060          	3.592144e+01
2061          	3.592917e+01
2062          	3.593837e+01
2063          	3.593935e+01
2064          	3.593810e+01
2065          	3.593721e+01
2066          	3.593799e+01
2067          	3.594107e+01
2068          	3.594620e+01
2069          	3.595298e+01
2070          	3.596037e+01
2071          	3.596789e+01
2072          	3.597486e+01
2073          	3.598107e+01
2074          	3.598784e+01
2075          	3.599418e+01
2076          	3.599437e+01
2077          	3.599355e+01
2078          	3.599362e+01
2079          	3.599562e+01
2080          	3.599980e+01
2081          	3.600568e+01
2082          	3.601229e+01
2083          	3.601867e+01
2084          	3.602368e+01
2085          	3.602682e+01
2086          	3.602810e+01
2087          	3.602802e+01
2088          	3.602734e+01
2089          	3.602703e+01
2090          	3.602762e+01
2091          	3.602927e+01
2092          	3.603183e+01
2093          	3.603500e+01
2094          	3.603857e+01
2095          	3.604297e+01
2096          	3.604633e+01
2097          	3.604469e+01
2098          	3.604201e+01
2099          	3.603978e+01
2100          	3.603894e+01
2101          	3.603969e+01
2102          	3.604187e+01
2103          	3.604494e+01
2104          	3.604773e+01
2105          	3.604949e+01
2106          	3.605009e+01
2107          	3.604676e+01
2108          	3.604150e+01
2109          	3.603621e+01
2110          	3.603189e+01
2111          	3.602904e+01
2112          	3.602755e+01
2113          	3.602708e+01
2114          	3.602728e+01
2115          	3.602789e+01
2116          	3.603050e+01
2117          	3.602867e+01
2118          	3.602300e+01
2119          	3.601590e+01
2120          	3.600906e+01
2121          	3.600359e+01
2122          	3.599992e+01
2123          	3.599776e+01
2124          	3.599654e+01
2125          	3.599562e+01
2126          	3.599497e+01
2127          	3.599235e+01
2128          	3.598561e+01
2129          	3.597795e+01
2130          	3.597092e+01
2131          	3.596539e+01
2132          	3.596165e+01
2133          	3.595939e+01
2134          	3.595820e+01
2135          	3.595793e+01
2136          	3.595300e+01
2137          	3.594639e+01
2138          	3.594027e+01
2139          	3.593136e+01
2140          	3.592294e+01
2141          	3.591619e+01
2142          	3.591149e+01
2143          	3.590847e+01
2144          	3.590656e+01
2145          	3.590506e+01
2146          	3.590381e+01
2147          	3.589948e+01
2148          	3.589287e+01
2149          	3.588475e+01
2150          	3.587670e+01
2151          	3.586996e+01
2152          	3.586494e+01
2153          	3.586163e+01
2154          	3.585928e+01
2155          	3.585773e+01
2156          	3.585753e+01
2157          	3.585362e+01
2158          	3.584734e+01
2159          	3.583983e+01
2160          	3.583282e+01
2161          	3.582725e+01
2162          	3.582347e+01
2163          	3.582118e+01
2164          	3.582003e+01
2165          	3.581962e+01
2166          	3.582012e+01
2167          	3.581777e+01
2168          	3.581401e+01
2169          	3.580813e+01
2170          	3.580217e+01
2171          	3.579746e+01
2172          	3.579464e+01
2173          	3.579335e+01
2174          	3.579321e+01
2175          	3.579376e+01
2176          	3.579480e+01
2177          	3.579750e+01
2178          	3.579610e+01
2179          	3.579797e+01
2180          	3.579256e+01
2181          	3.578666e+01
2182          	3.578227e+01
2183          	3.578051e+01
2184          	3.578159e+01
2185          	3.578455e+01
2186          	3.578821e+01
2187          	3.579164e+01
2188          	3.579415e+01
2189          	3.579530e+01
2190          	3.579521e+01
2191          	3.579425e+01
2192          	3.579306e+01
2193          	3.579238e+01
2194          	3.579268e+01
2195          	3.579413e+01
2196          	3.579670e+01
2197          	3.580021e+01
2198          	3.580452e+01
2199          	3.580986e+01
2200          	3.581316e+01
2201          	3.581576e+01
2202          	3.581632e+01
2203          	3.581676e+01
2204          	3.581822e+01
2205          	3.582114e+01
2206          	3.582543e+01
2207          	3.583069e+01
2208          	3.583654e+01
2209          	3.584273e+01
2210          	3.584993e+01
2211          	3.585523e+01
2212          	3.585632e+01
2213          	3.585681e+01
2214          	3.585826e+01
2215          	3.586153e+01
2216          	3.586681e+01
2217          	3.587386e+01
2218          	3.588196e+01
2219          	3.589028e+01
2220          	3.589821e+01
2221          	3.590181e+01
2222          	3.590331e+01
2223          	3.590467e+01
2224          	3.590683e+01
2225          	3.591050e+01
2226          	3.591546e+01
2227          	3.592170e+01
2228          	3.592883e+01
2229          	3.593688e+01
2230          	3.594295e+01
2231          	3.594832e+01
2232          	3.595089e+01
2233          	3.595282e+01
2234          	3.595545e+01
2235          	3.595928e+01
2236          	3.596434e+01
2237          	3.597022e+01
2238          	3.597681e+01
2239          	3.598368e+01
2240          	3.599147e+01
2241          	3.599713e+01
2242          	3.599828e+01
2243          	3.599862e+01
2244          	3.599960e+01
2245          	3.600223e+01
2246          	3.600665e+01
2247          	3.601248e+01
2248          	3.601935e+01
2249          	3.602613e+01
2250          	3.603221e+01
2251          	3.603377e+01
2252          	3.603349e+01
2253          	3.603300e+01
2254          	3.603338e+01
2255          	3.603485e+01
2256          	3.603735e+01
2257          	3.604052e+01
2258          	3.604426e+01
2259          	3.604853e+01
2260          	3.605329e+01
2261          	3.605427e+01
2262          	3.605281e+01
2263          	3.605071e+01
2264          	3.604909e+01
2265          	3.604850e+01
2266          	3.604881e+01
2267          	3.604999e+01
2268          	3.605169e+01
2269          	3.605388e+01
2270          	3.605691e+01
2271          	3.605580e+01
2272          	3.605654e+01
2273          	3.605164e+01
2274          	3.604603e+01
2275          	3.604147e+01
2276          	3.603876e+01
2277          	3.603795e+01
2278          	3.603847e+01
2279          	3.603940e+01
2280          	3.603990e+01
2281          	3.603950e+01
2282          	3.603798e+01
2283          	3.603537e+01
2284          	3.602890e+01
2285          	3.602136e+01
2286          	3.601434e+01
2287          	3.600851e+01
2288          	3.600399e+01
2289          	3.600069e+01
2290          	3.599821e+01
2291          	3.599620e+01
2292          	3.599459e+01
2293          	3.599539e+01
2294          	3.598865e+01
2295          	3.597960e+01
2296          	3.597051e+01
2297          	3.596240e+01
2298          	3.595569e+01
2299          	3.595042e+01
2300          	3.594630e+01
2301          	3.594285e+01
2302          	3.593947e+01
2303          	3.593585e+01
2304          	3.593237e+01
2305          	3.592575e+01
2306          	3.591691e+01
2307          	3.590726e+01
2308          	3.589823e+01
2309          	3.589058e+01
2310          	3.588452e+01
2311          	3.587977e+01
2312          	3.587571e+01
2313          	3.587178e+01
2314          	3.586816e+01
2315          	3.586323e+01
2316          	3.585393e+01
2317          	3.584379e+01
2318          	3.583447e+01
2319          	3.582682e+01
2320          	3.582115e+01
2321          	3.581706e+01
2322          	3.581416e+01
2323          	3.581205e+01
2324          	3.580546e+01
2325          	3.579724e+01
2326          	3.578911e+01
2327          	3.578335e+01
2328          	3.577635e+01
2329          	3.576701e+01
2330          	3.575824e+01
2331          	3.575114e+01
2332          	3.574597e+01
2333          	3.574227e+01
2334          	3.573964e+01
2335          	3.573748e+01
2336          	3.573497e+01
2337          	3.573230e+01
2338          	3.572548e+01
2339          	3.571793e+01
2340          	3.571206e+01
2341          	3.570343e+01
2342          	3.569579e+01
2343          	3.569012e+01
2344          	3.568668e+01
2345          	3.568499e+01
2346          	3.568432e+01
2347          	3.568402e+01
2348          	3.568391e+01
2349          	3.568585e+01
2350          	3.567997e+01
2351          	3.567197e+01
2352          	3.566424e+01
2353          	3.565822e+01
2354          	3.565451e+01
2355          	3.565293e+01
2356          	3.565308e+01
2357          	3.565426e+01
2358          	3.565575e+01
2359          	3.565742e+01
2360          	3.565919e+01
2361          	3.565947e+01
2362          	3.565557e+01
2363          	3.565126e+01
2364          	3.564834e+01
2365          	3.564740e+01
2366          	3.564863e+01
2367          	3.565160e+01
2368          	3.565562e+01
2369          	3.566007e+01
2370          	3.566456e+01
2371          	3.566471e+01
2372          	3.566367e+01
2373          	3.566325e+01
2374          	3.566576e+01
2375          	3.566714e+01
2376          	3.566661e+01
2377          	3.566690e+01
2378          	3.566890e+01
2379          	3.567267e+01
2380          	3.567790e+01
2381          	3.568406e+01
2382          	3.569053e+01
2383          	3.569688e+01
2384          	3.570331e+01
2385          	3.570582e+01
2386          	3.570817e+01
2387          	3.571171e+01
2388          	3.571293e+01
2389          	3.571462e+01
2390          	3.571781e+01
2391          	3.572273e+01
2392          	3.572903e+01
2393          	3.573617e+01
2394          	3.574368e+01
2395          	3.575153e+01
2396          	3.576023e+01
2397          	3.576889e+01
2398          	3.577142e+01
2399          	3.577303e+01
2400          	3.577547e+01
2401          	3.577986e+01
2402          	3.578655e+01
2403          	3.579510e+01
2404          	3.580505e+01
2405          	3.581477e+01
2406          	3.582294e+01
2407          	3.582959e+01
2408          	3.583556e+01
2409          	3.583820e+01
2410          	3.583983e+01
2411          	3.584202e+01
2412          	3.584566e+01
2413          	3.585086e+01
2414          	3.585770e+01
2415          	3.586564e+01
2416          	3.587398e+01
2417          	3.588272e+01
2418          	3.589211e+01
2419          	3.590858e+01
2420          	3.590960e+01
2421          	3.590845e+01
2422          	3.590800e+01
2423          	3.590985e+01
2424          	3.591455e+01
2425          	3.592163e+01
2426          	3.593002e+01
2427          	3.593805e+01
2428          	3.594473e+01
2429          	3.594968e+01
2430          	3.595307e+01
2431          	3.595542e+01
2432          	3.595738e+01
2433          	3.595955e+01
2434          	3.596236e+01
2435          	3.596593e+01
2436          	3.597010e+01
2437          	3.597485e+01
2438          	3.597942e+01
2439          	3.598314e+01
2440          	3.598572e+01
2441          	3.598707e+01
2442          	3.598747e+01
2443          	3.598755e+01
2444          	3.598783e+01
2445          	3.598894e+01
2446          	3.599084e+01
2447          	3.599335e+01
2448          	3.599622e+01
2449          	3.599906e+01
2450          	3.600221e+01
2451          	3.600750e+01
2452          	3.600675e+01
2453          	3.600416e+01
2454          	3.600154e+01
2455          	3.599990e+01
2456          	3.599954e+01
2457          	3.600047e+01
2458          	3.600233e+01
2459          	3.600458e+01
2460          	3.600708e+01
2461          	3.600521e+01
2462          	3.600221e+01
2463          	3.600013e+01
2464          	3.599491e+01
2465          	3.599010e+01
2466          	3.598684e+01
2467          	3.598536e+01
2468          	3.598530e+01
2469          	3.598601e+01
2470          	3.598687e+01
2471          	3.598775e+01
2472          	3.599063e+01
2473          	3.598496e+01
2474          	3.597676e+01
2475          	3.596871e+01
2476          	3.596203e+01
2477          	3.595724e+01
2478          	3.595437e+01
2479          	3.595298e+01
2480          	3.595233e+01
2481          	3.595166e+01
2482          	3.595059e+01
2483          	3.594925e+01
2484          	3.594910e+01
2485          	3.594422e+01
2486          	3.594117e+01
2487          	3.593239e+01
2488          	3.592331e+01
2489          	3.591567e+01
2490          	3.591044e+01
2491          	3.590752e+01
2492          	3.590612e+01
2493          	3.590520e+01
2494          	3.590387e+01
2495          	3.590162e+01
2496          	3.589837e+01
2497          	3.589417e+01
2498          	3.588908e+01
2499          	3.588435e+01
2500          	3.587725e+01
2501          	3.586912e+01
2502          	3.586145e+01
2503          	3.585497e+01
2504          	3.584993e+01
2505          	3.584638e+01
2506          	3.584375e+01
2507          	3.584160e+01
2508          	3.583980e+01
2509          	3.583832e+01
2510          	3.583763e+01
2511          	3.583048e+01
2512          	3.582220e+01
2513          	3.581464e+01
2514          	3.580891e+01
2515          	3.580537e+01
2516          	3.580385e+01
2517          	3.580356e+01
2518          	3.580332e+01
2519          	3.580232e+01
2520          	3.579709e+01
2521          	3.578961e+01
2522          	3.578198e+01
2523          	3.577528e+01
2524          	3.577017e+01
2525          	3.576670e+01
2526          	3.576471e+01
2527          	3.576365e+01
2528          	3.576355e+01
2529          	3.576699e+01
2530          	3.576102e+01
2531          	3.575287e+01
2532          	3.574498e+01
2533          	3.573866e+01
2534          	3.573455e+01
2535          	3.573257e+01
2536          	3.573223e+01
2537          	3.573270e+01
2538          	3.573326e+01
2539          	3.573340e+01
2540          	3.573292e+01
2541          	3.573185e+01
2542          	3.573079e+01
2543          	3.573078e+01
2544          	3.573010e+01
2545          	3.572508e+01
2546          	3.571974e+01
2547          	3.571562e+01
2548          	3.571348e+01
2549          	3.571337e+01
2550          	3.571486e+01
2551          	3.571726e+01
2552          	3.571954e+01
2553          	3.572124e+01
2554          	3.572191e+01
2555          	3.572145e+01
2556          	3.572036e+01
2557          	3.572042e+01
2558          	3.573466e+01
2559          	3.573133e+01
2560          	3.572429e+01
2561          	3.571697e+01
2562          	3.571160e+01
2563          	3.570910e+01
2564          	3.570955e+01
2565          	3.571219e+01
2566          	3.571609e+01
2567          	3.572053e+01
2568          	3.572569e+01
2569          	3.573819e+01
2570          	3.573520e+01
2571          	3.573028e+01
2572          	3.572597e+01
2573          	3.572420e+01
2574          	3.572547e+01
2575          	3.572936e+01
2576          	3.573470e+01
2577          	3.574000e+01
2578          	3.574421e+01
2579          	3.574692e+01
2580          	3.574823e+01
2581          	3.574862e+01
2582          	3.574881e+01
2583          	3.574945e+01
2584          	3.575086e+01
2585          	3.575322e+01
2586          	3.575643e+01
2587          	3.576029e+01
2588          	3.576420e+01
2589          	3.576748e+01
2590          	3.576978e+01
2591          	3.577131e+01
2592          	3.577262e+01
2593          	3.577415e+01
2594          	3.577632e+01
2595          	3.577920e+01
2596          	3.578277e+01
2597          	3.578689e+01
2598          	3.579149e+01
2599          	3.579691e+01
2600          	3.580256e+01
2601          	3.580292e+01
2602          	3.580250e+01
2603          	3.580277e+01
2604          	3.580457e+01
2605          	3.580826e+01
2606          	3.581349e+01
2607          	3.581955e+01
2608          	3.582542e+01
2609          	3.583037e+01
2610          	3.583478e+01
2611          	3.583681e+01
2612          	3.583526e+01
2613          	3.583317e+01
2614          	3.583184e+01
2615          	3.583222e+01
2616          	3.583448e+01
2617          	3.583819e+01
2618          	3.584287e+01
2619          	3.584808e+01
2620          	3.585393e+01
2621          	3.586082e+01
2622          	3.586000e+01
2623          	3.585773e+01
2624          	3.585601e+01
2625          	3.585605e+01
2626          	3.585823e+01
2627          	3.586237e+01
2628          	3.586760e+01
2629          	3.587267e+01
2630          	3.587614e+01
2631          	3.587754e+01
2632          	3.587704e+01
2633          	3.587534e+01
2634          	3.587340e+01
2635          	3.587210e+01
2636          	3.587191e+01
2637          	3.587290e+01
2638          	3.587494e+01
2639          	3.587767e+01
2640          	3.588082e+01
2641          	3.588484e+01
2642          	3.589182e+01
2643          	3.588949e+01
2644          	3.588571e+01
2645          	3.588239e+01
2646          	3.588087e+01
2647          	3.588159e+01
2648          	3.588432e+01
2649          	3.588807e+01
2650          	3.589135e+01
2651          	3.589300e+01
2652          	3.589273e+01
2653          	3.589075e+01
2654          	3.588796e+01
2655          	3.588519e+01
2656          	3.588314e+01
2657          	3.588213e+01
2658          	3.588219e+01
2659          	3.588324e+01
2660          	3.588518e+01
2661          	3.588931e+01
2662          	3.588941e+01
2663          	3.588663e+01
2664          	3.588275e+01
2665          	3.587920e+01
2666          	3.587689e+01
2667          	3.587610e+01
2668          	3.587665e+01
2669          	3.587803e+01
2670          	3.587974e+01
2671          	3.588178e+01
2672          	3.589041e+01
2673          	3.588799e+01
2674          	3.587802e+01
2675          	3.586699e+01
2676          	3.585830e+01
2677          	3.585330e+01
2678          	3.585238e+01
2679          	3.585443e+01
2680          	3.585815e+01
2681          	3.586202e+01
2682          	3.586492e+01
2683          	3.586621e+01
2684          	3.586589e+01
2685          	3.586437e+01
2686          	3.586224e+01
2687          	3.586007e+01
2688          	3.585828e+01
2689          	3.585710e+01
2690          	3.585667e+01
2691          	3.585738e+01
2692          	3.585813e+01
2693          	3.585410e+01
2694          	3.584936e+01
2695          	3.584530e+01
2696          	3.584279e+01
2697          	3.584198e+01
2698          	3.584256e+01
2699          	3.584386e+01
2700          	3.584516e+01
2701          	3.584594e+01
2702          	3.584610e+01
2703          	3.584602e+01
2704          	3.584498e+01
2705          	3.583966e+01
2706          	3.583353e+01
2707          	3.582823e+01
2708          	3.582464e+01
2709          	3.582301e+01
2710          	3.582296e+01
2711          	3.582393e+01
2712          	3.582539e+01
2713          	3.582729e+01
2714          	3.583191e+01
2715          	3.582761e+01
2716          	3.582100e+01
2717          	3.581480e+01
2718          	3.581002e+01
2719          	3.580736e+01
2720          	3.580676e+01
2721          	3.580776e+01
2722          	3.580953e+01
2723          	3.581124e+01
2724          	3.581243e+01
2725          	3.581289e+01
2726          	3.581281e+01
2727          	3.581262e+01
2728          	3.581371e+01
2729          	3.581276e+01
2730          	3.580829e+01
2731          	3.580367e+01
2732          	3.580025e+01
2733          	3.579856e+01
2734          	3.579877e+01
2735          	3.580040e+01
2736          	3.580265e+01
2737          	3.580486e+01
2738          	3.580669e+01
2739          	3.580826e+01
2740          	3.580552e+01
2741          	3.580190e+01
2742          	3.579921e+01
2743          	3.580000e+01
2744          	3.579877e+01
2745          	3.579801e+01
2746          	3.579578e+01
2747          	3.579378e+01
2748          	3.579258e+01
2749          	3.579244e+01
2750          	3.579322e+01
2751          	3.579448e+01
2752          	3.579592e+01
2753          	3.579743e+01
2754          	3.579939e+01
2755          	3.580095e+01
2756          	3.579792e+01
2757          	3.579438e+01
2758          	3.579174e+01
2759          	3.579081e+01
2760          	3.579185e+01
2761          	3.579459e+01
2762          	3.579842e+01
2763          	3.580270e+01
2764          	3.580239e+01
2765          	3.580034e+01
2766          	3.579828e+01
2767          	3.579765e+01
2768          	3.580161e+01
2769          	3.581531e+01
2770          	3.581331e+01
2771          	3.580720e+01
2772          	3.580049e+01
2773          	3.579534e+01
2774          	3.579276e+01
2775          	3.579278e+01
2776          	3.579477e+01
2777          	3.579786e+01
2778          	3.580133e+01
2779          	3.580504e+01
2780          	3.581121e+01
2781          	3.580840e+01
2782          	3.580324e+01
2783          	3.579850e+01
2784          	3.579533e+01
2785          	3.579431e+01
2786          	3.579550e+01
2787          	3.579826e+01
2788          	3.580171e+01
2789          	3.580510e+01
2790          	3.580786e+01
2791          	3.580980e+01
2792          	3.581108e+01
2793          	3.581210e+01
2794          	3.581378e+01
2795          	3.581537e+01
2796          	3.581252e+01
2797          	3.580942e+01
2798          	3.580738e+01
2799          	3.580718e+01
2800          	3.580878e+01
2801          	3.581177e+01
2802          	3.581535e+01
2803          	3.581871e+01
2804          	3.582139e+01
2805          	3.582301e+01
2806          	3.582362e+01
2807          	3.582605e+01
2808          	3.582190e+01
2809          	3.581642e+01
2810          	3.581197e+01
2811          	3.580954e+01
2812          	3.580938e+01
2813          	3.581120e+01
2814          	3.581433e+01
2815          	3.581787e+01
2816          	3.582119e+01
2817          	3.582395e+01
2818          	3.582620e+01
2819          	3.582896e+01
2820          	3.583309e+01
2821          	3.582942e+01
2822          	3.582477e+01
2823          	3.582114e+01
2824          	3.581964e+01
2825          	3.582059e+01
2826          	3.582351e+01
2827          	3.582738e+01
2828          	3.583089e+01
2829          	3.583306e+01
2830          	3.583343e+01
2831          	3.583216e+01
2832          	3.582989e+01
2833          	3.582748e+01
2834          	3.582563e+01
2835          	3.582481e+01
