# Region type : patch out
# Faces  :    416
# Area   :    1.250000e-07
# Time        	areaAverage(p)
0             	0.000000e+00
1             	0.000000e+00
2             	0.000000e+00
3             	0.000000e+00
4             	-6.291215e-02
5             	-6.077783e-02
6             	-6.108903e-02
7             	-4.504910e-02
8             	-3.717084e-02
9             	-2.714011e-02
10            	-1.918020e-02
11            	-1.343010e-02
12            	-9.401072e-03
13            	-6.580750e-03
14            	-4.606525e-03
15            	-3.224568e-03
16            	-2.257197e-03
17            	-1.580038e-03
18            	-1.106027e-03
19            	-7.742187e-04
20            	-5.419531e-04
21            	-3.793672e-04
22            	-2.655570e-04
23            	-1.858899e-04
24            	-1.301229e-04
25            	-9.108605e-05
26            	-6.376024e-05
27            	-4.463217e-05
28            	-3.124252e-05
29            	-2.186976e-05
30            	-1.530883e-05
31            	-1.071618e-05
32            	-7.501328e-06
33            	-5.250930e-06
34            	-3.675651e-06
35            	-2.572956e-06
36            	-1.801069e-06
37            	-1.260748e-06
38            	-8.825238e-07
39            	-6.177666e-07
40            	-4.324366e-07
41            	-3.027057e-07
42            	-2.118940e-07
43            	-1.483258e-07
44            	-1.038280e-07
45            	-7.267963e-08
46            	-5.087574e-08
47            	-3.561302e-08
48            	-2.492911e-08
49            	-1.745038e-08
50            	-1.221526e-08
51            	-8.550685e-09
52            	-5.985480e-09
53            	-4.189836e-09
54            	-2.932885e-09
55            	-2.053020e-09
56            	-1.437114e-09
57            	-1.005980e-09
58            	-7.041857e-10
59            	-4.929300e-10
60            	-3.450510e-10
61            	-2.415357e-10
62            	-1.690750e-10
63            	-1.183525e-10
64            	-8.284674e-11
65            	-5.799272e-11
66            	-4.059490e-11
67            	-2.841643e-11
68            	-1.989150e-11
69            	-1.392405e-11
70            	-9.746837e-12
71            	-6.822786e-12
72            	-4.775950e-12
73            	-3.343165e-12
74            	-2.340215e-12
75            	-1.638151e-12
76            	-1.146706e-12
77            	-8.026939e-13
78            	-5.618857e-13
79            	-3.933200e-13
80            	-2.753240e-13
81            	-1.927268e-13
82            	-1.349088e-13
83            	-9.443614e-14
84            	-6.610530e-14
85            	-4.627371e-14
86            	-3.239159e-14
87            	-2.267412e-14
88            	-1.587188e-14
89            	-1.111032e-14
90            	-7.777222e-15
91            	-5.444055e-15
92            	-3.810839e-15
93            	-2.667587e-15
94            	-1.867311e-15
95            	-1.307118e-15
96            	-9.149824e-16
97            	-6.404877e-16
98            	-4.483414e-16
99            	-3.138390e-16
100           	-2.196873e-16
101           	-1.537811e-16
102           	-1.076468e-16
103           	-7.535273e-17
104           	-5.274691e-17
105           	-3.692284e-17
106           	-2.584599e-17
107           	-1.809219e-17
108           	-1.266453e-17
109           	-8.865174e-18
110           	-6.205622e-18
111           	-4.343935e-18
112           	-3.040755e-18
113           	-2.128528e-18
114           	-1.489970e-18
115           	-1.042979e-18
116           	-7.300852e-19
117           	-5.110596e-19
118           	-3.577417e-19
119           	-2.504192e-19
120           	-1.752935e-19
121           	-1.227054e-19
122           	-8.589379e-20
123           	-6.012565e-20
124           	-4.208796e-20
125           	-2.946157e-20
126           	-2.062310e-20
127           	-1.443617e-20
128           	-1.010532e-20
129           	-7.073723e-21
130           	-4.951606e-21
131           	-3.466124e-21
132           	-2.426287e-21
133           	-1.698401e-21
134           	-1.188881e-21
135           	-8.322164e-22
136           	-5.825515e-22
137           	-4.077861e-22
138           	-2.854502e-22
139           	-1.998152e-22
140           	-1.398706e-22
141           	-9.790943e-23
142           	-6.853660e-23
143           	-4.797562e-23
144           	-3.358294e-23
145           	-2.350805e-23
146           	-1.645564e-23
147           	-1.151895e-23
148           	-8.063263e-24
149           	-5.644284e-24
150           	-3.950999e-24
151           	-2.765699e-24
152           	-1.935989e-24
153           	-1.355193e-24
154           	-9.486348e-25
155           	-6.640444e-25
156           	-4.648310e-25
157           	-3.253817e-25
158           	-2.277672e-25
159           	-1.594370e-25
160           	-1.116059e-25
161           	-7.812415e-26
162           	-5.468691e-26
163           	-3.828084e-26
164           	-2.679658e-26
165           	-1.875761e-26
166           	-1.313033e-26
167           	-9.191229e-27
168           	-6.433860e-27
169           	-4.503702e-27
170           	-3.152591e-27
171           	-2.206814e-27
172           	-1.544770e-27
173           	-1.081339e-27
174           	-7.569372e-28
175           	-5.298560e-28
176           	-3.708992e-28
177           	-2.596295e-28
178           	-1.817406e-28
179           	-1.272184e-28
180           	-8.905290e-29
181           	-6.233703e-29
182           	-4.363592e-29
183           	-3.054515e-29
184           	-2.138160e-29
185           	-1.496712e-29
186           	-1.047699e-29
187           	-7.333890e-30
188           	-5.133723e-30
189           	-3.593606e-30
190           	-2.515524e-30
191           	-1.760867e-30
192           	-1.232607e-30
193           	-8.628248e-31
194           	-6.039773e-31
195           	-4.227841e-31
196           	-2.959489e-31
197           	-2.071642e-31
198           	-1.450150e-31
199           	-1.015105e-31
200           	-7.105733e-32
201           	-4.974013e-32
202           	-3.481809e-32
203           	-2.437266e-32
204           	-1.706087e-32
205           	-1.194261e-32
206           	-8.359824e-33
207           	-5.851877e-33
208           	-4.096314e-33
209           	-2.867420e-33
210           	-2.007194e-33
211           	-1.405036e-33
212           	-9.835249e-34
213           	-6.884674e-34
214           	-4.819272e-34
215           	-3.373490e-34
216           	-2.361443e-34
217           	-1.653010e-34
218           	-1.157107e-34
219           	-8.099751e-35
220           	-5.669825e-35
221           	-3.968878e-35
222           	-2.778214e-35
223           	-1.944750e-35
224           	-1.361325e-35
225           	-9.529276e-36
226           	-6.670493e-36
227           	-4.669345e-36
228           	-3.268542e-36
229           	-2.287979e-36
230           	-1.601585e-36
231           	-1.121110e-36
232           	-7.847768e-37
233           	-5.493438e-37
234           	-3.845406e-37
235           	-2.691785e-37
236           	-1.884249e-37
237           	-1.318974e-37
238           	-9.232821e-38
239           	-6.462975e-38
240           	-4.524082e-38
241           	-3.166858e-38
242           	-2.216800e-38
243           	-1.551760e-38
244           	-1.086232e-38
245           	-7.603625e-39
246           	-5.322538e-39
247           	-3.725776e-39
248           	-2.608043e-39
249           	-1.825630e-39
250           	-1.277941e-39
251           	-8.945589e-40
252           	-6.261912e-40
253           	-4.383339e-40
254           	-3.068337e-40
255           	-2.147836e-40
256           	-1.503485e-40
257           	-1.052440e-40
258           	-7.367077e-41
259           	-5.156954e-41
260           	-3.609868e-41
261           	-2.526907e-41
262           	-1.768835e-41
263           	-1.238185e-41
264           	-8.667292e-42
265           	-6.067105e-42
266           	-4.246973e-42
267           	-2.972881e-42
268           	-2.081017e-42
269           	-1.456712e-42
270           	-1.019698e-42
271           	-7.137888e-43
272           	-4.996522e-43
273           	-3.497565e-43
274           	-2.448296e-43
275           	-1.713807e-43
276           	-1.199665e-43
277           	-8.397654e-44
278           	-5.878358e-44
279           	-4.114850e-44
280           	-2.880395e-44
281           	-2.016277e-44
282           	-1.411394e-44
283           	-9.879756e-45
284           	-6.915829e-45
285           	-4.841080e-45
286           	-3.388756e-45
287           	-2.372129e-45
288           	-1.660491e-45
289           	-1.162343e-45
290           	-8.136404e-46
291           	-5.695483e-46
292           	-3.986838e-46
293           	-2.790786e-46
294           	-1.953551e-46
295           	-1.367485e-46
296           	-9.572398e-47
297           	-6.700678e-47
298           	-4.690475e-47
299           	-3.283332e-47
300           	-2.298333e-47
301           	-1.608833e-47
302           	-1.126183e-47
303           	-7.883281e-48
304           	-5.518297e-48
305           	-3.862808e-48
306           	-2.703965e-48
307           	-1.892776e-48
308           	-1.324943e-48
309           	-9.274601e-49
310           	-6.492221e-49
311           	-4.544555e-49
312           	-3.181188e-49
313           	-2.226832e-49
314           	-1.558782e-49
315           	-1.091148e-49
316           	-7.638033e-50
317           	-5.346623e-50
318           	-3.742636e-50
319           	-2.619845e-50
320           	-1.833892e-50
321           	-1.283724e-50
322           	-8.986069e-51
323           	-6.290249e-51
324           	-4.403174e-51
325           	-3.082222e-51
326           	-2.157555e-51
327           	-1.510289e-51
328           	-1.057202e-51
329           	-7.400415e-52
330           	-5.180290e-52
331           	-3.626203e-52
332           	-2.538342e-52
333           	-1.776840e-52
334           	-1.243788e-52
335           	-8.706514e-53
336           	-6.094560e-53
337           	-4.266192e-53
338           	-2.986334e-53
339           	-2.090434e-53
340           	-1.463304e-53
341           	-1.024313e-53
342           	-7.170188e-54
343           	-5.019132e-54
344           	-3.513392e-54
345           	-2.459375e-54
346           	-1.721562e-54
347           	-1.205094e-54
348           	-8.435655e-55
349           	-5.904959e-55
350           	-4.133471e-55
351           	-2.893430e-55
352           	-2.025401e-55
353           	-1.417781e-55
354           	-9.924464e-56
355           	-6.947125e-56
356           	-4.862987e-56
357           	-3.404091e-56
358           	-2.382864e-56
359           	-1.668005e-56
360           	-1.167603e-56
361           	-8.173223e-57
362           	-5.721256e-57
363           	-4.004879e-57
364           	-2.803415e-57
365           	-1.962391e-57
366           	-1.373674e-57
367           	-9.615715e-58
368           	-6.731000e-58
369           	-4.711700e-58
370           	-3.298190e-58
371           	-2.308733e-58
372           	-1.616113e-58
373           	-1.131279e-58
374           	-7.918955e-59
375           	-5.543268e-59
376           	-3.880288e-59
377           	-2.716201e-59
378           	-1.901341e-59
379           	-1.330939e-59
380           	-9.316571e-60
381           	-6.521600e-60
382           	-4.565120e-60
383           	-3.195584e-60
384           	-2.236909e-60
385           	-1.565836e-60
386           	-1.096085e-60
387           	-7.672597e-61
388           	-5.370818e-61
389           	-3.759572e-61
390           	-2.631701e-61
391           	-1.842190e-61
392           	-1.289533e-61
393           	-9.026733e-62
394           	-6.318713e-62
395           	-4.423099e-62
396           	-3.096170e-62
397           	-2.167319e-62
398           	-1.517123e-62
399           	-1.061986e-62
400           	-7.433903e-63
401           	-5.203732e-63
402           	-3.642612e-63
403           	-2.549829e-63
404           	-1.784880e-63
405           	-1.249416e-63
406           	-8.745913e-64
407           	-6.122139e-64
408           	-4.285497e-64
409           	-2.999848e-64
410           	-2.099894e-64
411           	-1.469926e-64
412           	-1.028948e-64
413           	-7.202635e-65
414           	-5.041845e-65
415           	-3.529291e-65
416           	-2.470504e-65
417           	-1.729353e-65
418           	-1.210547e-65
419           	-8.473828e-66
420           	-5.931680e-66
421           	-4.152176e-66
422           	-2.906523e-66
423           	-2.034566e-66
424           	-1.424196e-66
425           	-9.969374e-67
426           	-6.978562e-67
427           	-4.884993e-67
428           	-3.419495e-67
429           	-2.393647e-67
430           	-1.675553e-67
431           	-1.172887e-67
432           	-8.210208e-68
433           	-5.747146e-68
434           	-4.023002e-68
435           	-2.816101e-68
436           	-1.971271e-68
437           	-1.379890e-68
438           	-9.659228e-69
439           	-6.761460e-69
440           	-4.733022e-69
441           	-3.313115e-69
442           	-2.319181e-69
443           	-1.623426e-69
444           	-1.136399e-69
445           	-7.954790e-70
446           	-5.568353e-70
447           	-3.897847e-70
448           	-2.728493e-70
449           	-1.909945e-70
450           	-1.336961e-70
451           	-9.358730e-71
452           	-6.551111e-71
453           	-4.585778e-71
454           	-3.210045e-71
455           	-2.247031e-71
456           	-1.572922e-71
457           	-1.101045e-71
458           	-7.707317e-72
459           	-5.395122e-72
460           	-3.776585e-72
461           	-2.643610e-72
462           	-1.850527e-72
463           	-1.295369e-72
464           	-9.067581e-73
465           	-6.347307e-73
466           	-4.443115e-73
467           	-3.110180e-73
468           	-2.177126e-73
469           	-1.523988e-73
470           	-1.066792e-73
471           	-7.467543e-74
472           	-5.227280e-74
473           	-3.659096e-74
474           	-2.561367e-74
475           	-1.792957e-74
476           	-1.255070e-74
477           	-8.785490e-75
478           	-6.149843e-75
479           	-4.304890e-75
480           	-3.013423e-75
481           	-2.109396e-75
482           	-1.476577e-75
483           	-1.033604e-75
484           	-7.235229e-76
485           	-5.064660e-76
486           	-3.545262e-76
487           	-2.481683e-76
488           	-1.737178e-76
489           	-1.216025e-76
490           	-8.512174e-77
491           	-5.958522e-77
492           	-4.170965e-77
493           	-2.919676e-77
494           	-2.043773e-77
495           	-1.430641e-77
496           	-1.001449e-77
497           	-7.010141e-78
498           	-4.907099e-78
499           	-3.434969e-78
500           	-2.404478e-78
501           	-1.683135e-78
502           	-1.178194e-78
503           	-8.247361e-79
504           	-5.773153e-79
505           	-4.041207e-79
506           	-2.828845e-79
507           	-1.980191e-79
508           	-1.386134e-79
509           	-9.702938e-80
510           	-6.792057e-80
511           	-4.754440e-80
512           	-3.328108e-80
513           	-2.329675e-80
514           	-1.630773e-80
515           	-1.141541e-80
516           	-7.990787e-81
517           	-5.593551e-81
518           	-3.915485e-81
519           	-2.740840e-81
520           	-1.918588e-81
521           	-1.343012e-81
522           	-9.401081e-82
523           	-6.580756e-82
524           	-4.606529e-82
525           	-3.224571e-82
526           	-2.257199e-82
527           	-1.580040e-82
528           	-1.106028e-82
529           	-7.742194e-83
530           	-5.419536e-83
531           	-3.793675e-83
532           	-2.655573e-83
533           	-1.858901e-83
534           	-1.301231e-83
535           	-9.108614e-84
536           	-6.376030e-84
537           	-4.463221e-84
538           	-3.124255e-84
539           	-2.186978e-84
540           	-1.530885e-84
541           	-1.071619e-84
542           	-7.501335e-85
543           	-5.250935e-85
544           	-3.675654e-85
545           	-2.572958e-85
546           	-1.801071e-85
547           	-1.260749e-85
548           	-8.825246e-86
549           	-6.177672e-86
550           	-4.324370e-86
551           	-3.027059e-86
552           	-2.118942e-86
553           	-1.483259e-86
554           	-1.038281e-86
555           	-7.267969e-87
556           	-5.087579e-87
557           	-3.561305e-87
558           	-2.492914e-87
559           	-1.745039e-87
560           	-1.221528e-87
561           	-8.550693e-88
562           	-5.985485e-88
563           	-4.189840e-88
564           	-2.932888e-88
565           	-2.053021e-88
566           	-1.437115e-88
567           	-1.005981e-88
568           	-7.041864e-89
569           	-4.929305e-89
570           	-3.450513e-89
571           	-2.415359e-89
572           	-1.690751e-89
573           	-1.183526e-89
574           	-8.284682e-90
575           	-5.799278e-90
576           	-4.059494e-90
577           	-2.841646e-90
578           	-1.989152e-90
579           	-1.392407e-90
580           	-9.746846e-91
581           	-6.822792e-91
582           	-4.775954e-91
583           	-3.343168e-91
584           	-2.340218e-91
585           	-1.638152e-91
586           	-1.146707e-91
587           	-8.026947e-92
588           	-5.618863e-92
589           	-3.933204e-92
590           	-2.753243e-92
591           	-1.927270e-92
592           	-1.349089e-92
593           	-9.443622e-93
594           	-6.610536e-93
595           	-4.627375e-93
596           	-3.239163e-93
597           	-2.267414e-93
598           	-1.587190e-93
599           	-1.111033e-93
600           	-7.777229e-94
601           	-5.444060e-94
602           	-3.810842e-94
603           	-2.667590e-94
604           	-1.867313e-94
605           	-1.307119e-94
606           	-9.149832e-95
607           	-6.404883e-95
608           	-4.483418e-95
609           	-3.138392e-95
610           	-2.196875e-95
611           	-1.537812e-95
612           	-1.076469e-95
613           	-7.535280e-96
614           	-5.274696e-96
615           	-3.692287e-96
616           	-2.584601e-96
617           	-1.809221e-96
618           	-1.266455e-96
619           	-8.865182e-97
620           	-6.205627e-97
621           	-4.343939e-97
622           	-3.040757e-97
623           	-2.128530e-97
624           	-1.489971e-97
625           	-1.042980e-97
626           	-7.300859e-98
627           	-5.110601e-98
628           	-3.577421e-98
629           	-2.504194e-98
630           	-1.752936e-98
631           	-1.227055e-98
632           	-8.589387e-99
633           	-6.012571e-99
634           	-4.208800e-99
635           	-2.946160e-99
636           	-2.062312e-99
637           	-1.443618e-99
638           	-1.010533e-99
639           	-7.073730e-100
640           	-4.951611e-100
641           	-3.466128e-100
642           	-2.426289e-100
643           	-1.698402e-100
644           	-1.188882e-100
645           	-8.322172e-101
646           	-5.825521e-101
647           	-4.077864e-101
648           	-2.854505e-101
649           	-1.998154e-101
650           	-1.398707e-101
651           	-9.790952e-102
652           	-6.853667e-102
653           	-4.797567e-102
654           	-3.358297e-102
655           	-2.350808e-102
656           	-1.645565e-102
657           	-1.151896e-102
658           	-8.063270e-103
659           	-5.644289e-103
660           	-3.951002e-103
661           	-2.765702e-103
662           	-1.935991e-103
663           	-1.355194e-103
664           	-9.486357e-104
665           	-6.640450e-104
666           	-4.648315e-104
667           	-3.253820e-104
668           	-2.277674e-104
669           	-1.594372e-104
670           	-1.116060e-104
671           	-7.812423e-105
672           	-5.468696e-105
673           	-3.828087e-105
674           	-2.679661e-105
675           	-1.875763e-105
676           	-1.313034e-105
677           	-9.191237e-106
678           	-6.433866e-106
679           	-4.503706e-106
680           	-3.152594e-106
681           	-2.206816e-106
682           	-1.544771e-106
683           	-1.081340e-106
684           	-7.569379e-107
685           	-5.298565e-107
686           	-3.708996e-107
687           	-2.596297e-107
688           	-1.817408e-107
689           	-1.272186e-107
690           	-8.905299e-108
691           	-6.233709e-108
692           	-4.363596e-108
693           	-3.054517e-108
694           	-2.138162e-108
695           	-1.496714e-108
696           	-1.047700e-108
697           	-7.333897e-109
698           	-5.133728e-109
699           	-3.593609e-109
700           	-2.515527e-109
701           	-1.760869e-109
702           	-1.232608e-109
703           	-8.628256e-110
704           	-6.039779e-110
705           	-4.227845e-110
706           	-2.959492e-110
707           	-2.071644e-110
708           	-1.450151e-110
709           	-1.015106e-110
710           	-7.105740e-111
711           	-4.974018e-111
712           	-3.481812e-111
713           	-2.437269e-111
714           	-1.706088e-111
715           	-1.194262e-111
716           	-8.359832e-112
717           	-5.851882e-112
718           	-4.096318e-112
719           	-2.867422e-112
720           	-2.007196e-112
721           	-1.405037e-112
722           	-9.835258e-113
723           	-6.884681e-113
724           	-4.819277e-113
725           	-3.373494e-113
726           	-2.361446e-113
727           	-1.653012e-113
728           	-1.157108e-113
729           	-8.099758e-114
730           	-5.669831e-114
731           	-3.968882e-114
732           	-2.778217e-114
733           	-1.944752e-114
734           	-1.361326e-114
735           	-9.529285e-115
736           	-6.670499e-115
737           	-4.669349e-115
738           	-3.268545e-115
739           	-2.287981e-115
740           	-1.601587e-115
741           	-1.121111e-115
742           	-7.847776e-116
743           	-5.493443e-116
744           	-3.845410e-116
745           	-2.691787e-116
746           	-1.884251e-116
747           	-1.318976e-116
748           	-9.232830e-117
749           	-6.462981e-117
750           	-4.524086e-117
751           	-3.166861e-117
752           	-2.216802e-117
753           	-1.551762e-117
754           	-1.086233e-117
755           	-7.603632e-118
756           	-5.322543e-118
757           	-3.725780e-118
758           	-2.608046e-118
759           	-1.825632e-118
760           	-1.277942e-118
761           	-8.945597e-119
762           	-6.261918e-119
763           	-4.383343e-119
764           	-3.068340e-119
765           	-2.147838e-119
766           	-1.503487e-119
767           	-1.052441e-119
768           	-7.367084e-120
769           	-5.156959e-120
770           	-3.609871e-120
771           	-2.526910e-120
772           	-1.768837e-120
773           	-1.238186e-120
774           	-8.667301e-121
775           	-6.067110e-121
776           	-4.246977e-121
777           	-2.972884e-121
778           	-2.081019e-121
779           	-1.456713e-121
780           	-1.019699e-121
781           	-7.137895e-122
782           	-4.996526e-122
783           	-3.497568e-122
784           	-2.448298e-122
785           	-1.713809e-122
786           	-1.199666e-122
787           	-8.397662e-123
788           	-5.878363e-123
789           	-4.114854e-123
790           	-2.880398e-123
791           	-2.016279e-123
792           	-1.411395e-123
793           	-9.879765e-124
794           	-6.915836e-124
795           	-4.841085e-124
796           	-3.388759e-124
797           	-2.372132e-124
798           	-1.660492e-124
799           	-1.162344e-124
800           	-8.136411e-125
801           	-5.695488e-125
802           	-3.986842e-125
803           	-2.790789e-125
804           	-1.953552e-125
805           	-1.367487e-125
806           	-9.572407e-126
807           	-6.700685e-126
808           	-4.690479e-126
809           	-3.283335e-126
810           	-2.298335e-126
811           	-1.608834e-126
812           	-1.126184e-126
813           	-7.883288e-127
814           	-5.518302e-127
815           	-3.862811e-127
816           	-2.703968e-127
817           	-1.892778e-127
818           	-1.324944e-127
819           	-9.274610e-128
820           	-6.492227e-128
821           	-4.544559e-128
822           	-3.181191e-128
823           	-2.226834e-128
824           	-1.558784e-128
825           	-1.091149e-128
826           	-7.638040e-129
827           	-5.346628e-129
828           	-3.742640e-129
829           	-2.619848e-129
830           	-1.833893e-129
831           	-1.283725e-129
832           	-8.986078e-130
833           	-6.290255e-130
834           	-4.403178e-130
835           	-3.082225e-130
836           	-2.157557e-130
837           	-1.510290e-130
838           	-1.057203e-130
839           	-7.400422e-131
840           	-5.180295e-131
841           	-3.626207e-131
842           	-2.538345e-131
843           	-1.776841e-131
844           	-1.243789e-131
845           	-8.706522e-132
846           	-6.094565e-132
847           	-4.266196e-132
848           	-2.986337e-132
849           	-2.090436e-132
850           	-1.463305e-132
851           	-1.024314e-132
852           	-7.170195e-133
853           	-5.019137e-133
854           	-3.513396e-133
855           	-2.459377e-133
856           	-1.721564e-133
857           	-1.205095e-133
858           	-8.435663e-134
859           	-5.904964e-134
860           	-4.133475e-134
861           	-2.893432e-134
862           	-2.025403e-134
863           	-1.417782e-134
864           	-9.924473e-135
865           	-6.947131e-135
866           	-4.862992e-135
867           	-3.404094e-135
868           	-2.382866e-135
869           	-1.668006e-135
870           	-1.167604e-135
871           	-8.173230e-136
872           	-5.721261e-136
873           	-4.004883e-136
874           	-2.803418e-136
875           	-1.962393e-136
876           	-1.373675e-136
877           	-9.615724e-137
878           	-6.731007e-137
879           	-4.711705e-137
880           	-3.298193e-137
881           	-2.308735e-137
882           	-1.616115e-137
883           	-1.131280e-137
884           	-7.918962e-138
885           	-5.543273e-138
886           	-3.880291e-138
887           	-2.716204e-138
888           	-1.901343e-138
889           	-1.330940e-138
890           	-9.316580e-139
891           	-6.521606e-139
892           	-4.565124e-139
893           	-3.195587e-139
894           	-2.236911e-139
895           	-1.565838e-139
896           	-1.096086e-139
897           	-7.672604e-140
898           	-5.370823e-140
899           	-3.759576e-140
900           	-2.631703e-140
901           	-1.842192e-140
902           	-1.289535e-140
903           	-9.026742e-141
904           	-6.318719e-141
905           	-4.423103e-141
906           	-3.096172e-141
907           	-2.167321e-141
908           	-1.517124e-141
909           	-1.061987e-141
910           	-7.433910e-142
911           	-5.203737e-142
912           	-3.642616e-142
913           	-2.549831e-142
914           	-1.784882e-142
915           	-1.249417e-142
916           	-8.745921e-143
917           	-6.122145e-143
918           	-4.285501e-143
919           	-2.999851e-143
920           	-2.099896e-143
921           	-1.469927e-143
922           	-1.028949e-143
923           	-7.202642e-144
924           	-5.041849e-144
925           	-3.529295e-144
926           	-2.470506e-144
927           	-1.729354e-144
928           	-1.210548e-144
929           	-8.473836e-145
930           	-5.931685e-145
931           	-4.152180e-145
932           	-2.906526e-145
933           	-2.034568e-145
934           	-1.424198e-145
935           	-9.969383e-146
936           	-6.978568e-146
937           	-4.884998e-146
938           	-3.419499e-146
939           	-2.393649e-146
940           	-1.675554e-146
941           	-1.172888e-146
942           	-8.210216e-147
943           	-5.747151e-147
944           	-4.023006e-147
945           	-2.816104e-147
946           	-1.971273e-147
947           	-1.379891e-147
948           	-9.659237e-148
949           	-6.761466e-148
950           	-4.733026e-148
951           	-3.313118e-148
952           	-2.319183e-148
953           	-1.623428e-148
954           	-1.136400e-148
955           	-7.954797e-149
956           	-5.568358e-149
957           	-3.897851e-149
958           	-2.728495e-149
959           	-1.909947e-149
960           	-1.336963e-149
961           	-9.358739e-150
962           	-6.551117e-150
963           	-4.585782e-150
964           	-3.210048e-150
965           	-2.247033e-150
966           	-1.572923e-150
967           	-1.101046e-150
968           	-7.707324e-151
969           	-5.395127e-151
970           	-3.776589e-151
971           	-2.643612e-151
972           	-1.850529e-151
973           	-1.295370e-151
974           	-9.067590e-152
975           	-6.347313e-152
976           	-4.443119e-152
977           	-3.110183e-152
978           	-2.177128e-152
979           	-1.523990e-152
980           	-1.066793e-152
981           	-7.467550e-153
982           	-5.227285e-153
983           	-3.659100e-153
984           	-2.561370e-153
985           	-1.792959e-153
986           	-1.255071e-153
987           	-8.785498e-154
988           	-6.149849e-154
989           	-4.304894e-154
990           	-3.013426e-154
991           	-2.109398e-154
992           	-1.476579e-154
993           	-1.033605e-154
994           	-7.235235e-155
995           	-5.064665e-155
996           	-3.545265e-155
997           	-2.481686e-155
998           	-1.737180e-155
999           	-1.216026e-155
1000          	-8.512182e-156
1001          	-5.958527e-156
1002          	-4.170969e-156
1003          	-2.919678e-156
1004          	-2.043775e-156
1005          	-1.430642e-156
1006          	-1.001450e-156
1007          	-7.010148e-157
1008          	-4.907104e-157
1009          	-3.434972e-157
1010          	-2.404481e-157
1011          	-1.683137e-157
1012          	-1.178196e-157
1013          	-8.247369e-158
1014          	-5.773158e-158
1015          	-4.041211e-158
1016          	-2.828848e-158
1017          	-1.980193e-158
1018          	-1.386135e-158
1019          	-9.702947e-159
1020          	-6.792063e-159
1021          	-4.754444e-159
1022          	-3.328111e-159
1023          	-2.329678e-159
1024          	-1.630774e-159
1025          	-1.141542e-159
1026          	-7.990794e-160
1027          	-5.593556e-160
1028          	-3.915489e-160
1029          	-2.740842e-160
1030          	-1.918590e-160
1031          	-1.343013e-160
1032          	-9.401089e-161
1033          	-6.580763e-161
1034          	-4.606534e-161
1035          	-3.224574e-161
1036          	-2.257202e-161
1037          	-1.580041e-161
1038          	-1.106029e-161
1039          	-7.742201e-162
1040          	-5.419541e-162
1041          	-3.793679e-162
1042          	-2.655575e-162
1043          	-1.858903e-162
1044          	-1.301232e-162
1045          	-9.108622e-163
1046          	-6.376036e-163
1047          	-4.463225e-163
1048          	-3.124258e-163
1049          	-2.186980e-163
1050          	-1.530886e-163
1051          	-1.071620e-163
1052          	-7.501342e-164
1053          	-5.250940e-164
1054          	-3.675658e-164
1055          	-2.572960e-164
1056          	-1.801072e-164
1057          	-1.260751e-164
1058          	-8.825254e-165
1059          	-6.177678e-165
1060          	-4.324375e-165
1061          	-3.027062e-165
1062          	-2.118944e-165
1063          	-1.483260e-165
1064          	-1.038282e-165
1065          	-7.267976e-166
1066          	-5.087583e-166
1067          	-3.561308e-166
1068          	-2.492916e-166
1069          	-1.745041e-166
1070          	-1.221529e-166
1071          	-8.550701e-167
1072          	-5.985491e-167
1073          	-4.189844e-167
1074          	-2.932891e-167
1075          	-2.053023e-167
1076          	-1.437116e-167
1077          	-1.005981e-167
1078          	-7.041870e-168
1079          	-4.929309e-168
1080          	-3.450516e-168
1081          	-2.415362e-168
1082          	-1.690753e-168
1083          	-1.183527e-168
1084          	-8.284690e-169
1085          	-5.799283e-169
1086          	-4.059498e-169
1087          	-2.841649e-169
1088          	-1.989154e-169
1089          	-1.392408e-169
1090          	-9.746855e-170
1091          	-6.822798e-170
1092          	-4.775959e-170
1093          	-3.343171e-170
1094          	-2.340220e-170
1095          	-1.638154e-170
1096          	-1.146708e-170
1097          	-8.026954e-171
1098          	-5.618868e-171
1099          	-3.933208e-171
1100          	-2.753245e-171
1101          	-1.927272e-171
1102          	-1.349090e-171
1103          	-9.443631e-172
1104          	-6.610542e-172
1105          	-4.627379e-172
1106          	-3.239166e-172
1107          	-2.267416e-172
1108          	-1.587191e-172
1109          	-1.111034e-172
1110          	-7.777236e-173
1111          	-5.444066e-173
1112          	-3.810846e-173
1113          	-2.667592e-173
1114          	-1.867314e-173
1115          	-1.307120e-173
1116          	-9.149841e-174
1117          	-6.404889e-174
1118          	-4.483422e-174
1119          	-3.138395e-174
1120          	-2.196877e-174
1121          	-1.537814e-174
1122          	-1.076470e-174
1123          	-7.535287e-175
1124          	-5.274701e-175
1125          	-3.692291e-175
1126          	-2.584604e-175
1127          	-1.809223e-175
1128          	-1.266456e-175
1129          	-8.865190e-176
1130          	-6.205633e-176
1131          	-4.343943e-176
1132          	-3.040760e-176
1133          	-2.128532e-176
1134          	-1.489973e-176
1135          	-1.042981e-176
1136          	-7.300865e-177
1137          	-5.110606e-177
1138          	-3.577424e-177
1139          	-2.504197e-177
1140          	-1.752938e-177
1141          	-1.227056e-177
1142          	-8.589395e-178
1143          	-6.012577e-178
1144          	-4.208804e-178
1145          	-2.946163e-178
1146          	-2.062314e-178
1147          	-1.443620e-178
1148          	-1.010534e-178
1149          	-7.073736e-179
1150          	-4.951615e-179
1151          	-3.466131e-179
1152          	-2.426292e-179
1153          	-1.698404e-179
1154          	-1.188883e-179
1155          	-8.322180e-180
1156          	-5.825526e-180
1157          	-4.077868e-180
1158          	-2.854508e-180
1159          	-1.998155e-180
1160          	-1.398709e-180
1161          	-9.790962e-181
1162          	-6.853673e-181
1163          	-4.797571e-181
1164          	-3.358300e-181
1165          	-2.350810e-181
1166          	-1.645567e-181
1167          	-1.151897e-181
1168          	-8.063278e-182
1169          	-5.644294e-182
1170          	-3.951006e-182
1171          	-2.765704e-182
1172          	-1.935993e-182
1173          	-1.355195e-182
1174          	-9.486366e-183
1175          	-6.640456e-183
1176          	-4.648319e-183
1177          	-3.253823e-183
1178          	-2.277676e-183
1179          	-1.594373e-183
1180          	-1.116061e-183
1181          	-7.812430e-184
1182          	-5.468701e-184
1183          	-3.828091e-184
1184          	-2.679664e-184
1185          	-1.875764e-184
1186          	-1.313035e-184
1187          	-9.191246e-185
1188          	-6.433872e-185
1189          	-4.503710e-185
1190          	-3.152597e-185
1191          	-2.206818e-185
1192          	-1.544773e-185
1193          	-1.081341e-185
1194          	-7.569386e-186
1195          	-5.298570e-186
1196          	-3.708999e-186
1197          	-2.596299e-186
1198          	-1.817410e-186
1199          	-1.272187e-186
1200          	-8.905307e-187
1201          	-6.233715e-187
1202          	-4.363601e-187
1203          	-3.054520e-187
1204          	-2.138164e-187
1205          	-1.496715e-187
1206          	-1.047700e-187
1207          	-7.333903e-188
1208          	-5.133732e-188
1209          	-3.593613e-188
1210          	-2.515529e-188
1211          	-1.760870e-188
1212          	-1.232609e-188
1213          	-8.628264e-189
1214          	-6.039785e-189
1215          	-4.227849e-189
1216          	-2.959495e-189
1217          	-2.071646e-189
1218          	-1.450152e-189
1219          	-1.015107e-189
1220          	-7.105746e-190
1221          	-4.974022e-190
1222          	-3.481816e-190
1223          	-2.437271e-190
1224          	-1.706090e-190
1225          	-1.194263e-190
1226          	-8.359840e-191
1227          	-5.851888e-191
1228          	-4.096321e-191
1229          	-2.867425e-191
1230          	-2.007197e-191
1231          	-1.405038e-191
1232          	-9.835268e-192
1233          	-6.884687e-192
1234          	-4.819281e-192
1235          	-3.373497e-192
1236          	-2.361448e-192
1237          	-1.653013e-192
1238          	-1.157109e-192
1239          	-8.099766e-193
1240          	-5.669836e-193
1241          	-3.968885e-193
1242          	-2.778220e-193
1243          	-1.944754e-193
1244          	-1.361328e-193
1245          	-9.529294e-194
1246          	-6.670505e-194
1247          	-4.669354e-194
1248          	-3.268548e-194
1249          	-2.287983e-194
1250          	-1.601588e-194
1251          	-1.121112e-194
1252          	-7.847783e-195
1253          	-5.493448e-195
1254          	-3.845414e-195
1255          	-2.691790e-195
1256          	-1.884253e-195
1257          	-1.318977e-195
1258          	-9.232838e-196
1259          	-6.462987e-196
1260          	-4.524091e-196
1261          	-3.166864e-196
1262          	-2.216804e-196
1263          	-1.551763e-196
1264          	-1.086234e-196
1265          	-7.603639e-197
1266          	-5.322547e-197
1267          	-3.725783e-197
1268          	-2.608048e-197
1269          	-1.825634e-197
1270          	-1.277944e-197
1271          	-8.945606e-198
1272          	-6.261924e-198
1273          	-4.383347e-198
1274          	-3.068343e-198
1275          	-2.147840e-198
1276          	-1.503488e-198
1277          	-1.052442e-198
1278          	-7.367091e-199
1279          	-5.156964e-199
1280          	-3.609875e-199
1281          	-2.526912e-199
1282          	-1.768839e-199
1283          	-1.238187e-199
1284          	-8.667309e-200
1285          	-6.067116e-200
1286          	-4.246981e-200
1287          	-2.972887e-200
1288          	-2.081021e-200
1289          	-1.456715e-200
1290          	-1.019700e-200
1291          	-7.137901e-201
1292          	-4.996531e-201
1293          	-3.497572e-201
1294          	-2.448300e-201
1295          	-1.713810e-201
1296          	-1.199667e-201
1297          	-8.397670e-202
1298          	-5.878369e-202
1299          	-4.114858e-202
1300          	-2.880401e-202
1301          	-2.016280e-202
1302          	-1.411396e-202
1303          	-9.879774e-203
1304          	-6.915842e-203
1305          	-4.841089e-203
1306          	-3.388763e-203
1307          	-2.372134e-203
1308          	-1.660494e-203
1309          	-1.162346e-203
1310          	-8.136419e-204
1311          	-5.695493e-204
1312          	-3.986845e-204
1313          	-2.790792e-204
1314          	-1.953554e-204
1315          	-1.367488e-204
1316          	-9.572416e-205
1317          	-6.700691e-205
1318          	-4.690484e-205
1319          	-3.283339e-205
1320          	-2.298337e-205
1321          	-1.608836e-205
1322          	-1.126185e-205
1323          	-7.883296e-206
1324          	-5.518307e-206
1325          	-3.862815e-206
1326          	-2.703970e-206
1327          	-1.892779e-206
1328          	-1.324946e-206
1329          	-9.274619e-207
1330          	-6.492233e-207
1331          	-4.544563e-207
1332          	-3.181194e-207
1333          	-2.226836e-207
1334          	-1.558785e-207
1335          	-1.091150e-207
1336          	-7.638047e-208
1337          	-5.346633e-208
1338          	-3.742643e-208
1339          	-2.619850e-208
1340          	-1.833895e-208
1341          	-1.283727e-208
1342          	-8.986086e-209
1343          	-6.290260e-209
1344          	-4.403182e-209
1345          	-3.082228e-209
1346          	-2.157559e-209
1347          	-1.510292e-209
1348          	-1.057204e-209
1349          	-7.400428e-210
1350          	-5.180300e-210
1351          	-3.626210e-210
1352          	-2.538347e-210
1353          	-1.776843e-210
1354          	-1.243790e-210
1355          	-8.706530e-211
1356          	-6.094571e-211
1357          	-4.266200e-211
1358          	-2.986340e-211
1359          	-2.090438e-211
1360          	-1.463307e-211
1361          	-1.024315e-211
1362          	-7.170202e-212
1363          	-5.019141e-212
1364          	-3.513399e-212
1365          	-2.459379e-212
1366          	-1.721565e-212
1367          	-1.205096e-212
1368          	-8.435671e-213
1369          	-5.904970e-213
1370          	-4.133479e-213
1371          	-2.893435e-213
1372          	-2.025405e-213
1373          	-1.417783e-213
1374          	-9.924482e-214
1375          	-6.947138e-214
1376          	-4.862996e-214
1377          	-3.404097e-214
1378          	-2.382868e-214
1379          	-1.668008e-214
1380          	-1.167605e-214
1381          	-8.173238e-215
1382          	-5.721267e-215
1383          	-4.004887e-215
1384          	-2.803421e-215
1385          	-1.962394e-215
1386          	-1.373676e-215
1387          	-9.615733e-216
1388          	-6.731013e-216
1389          	-4.711709e-216
1390          	-3.298196e-216
1391          	-2.308737e-216
1392          	-1.616116e-216
1393          	-1.131281e-216
1394          	-7.918969e-217
1395          	-5.543279e-217
1396          	-3.880295e-217
1397          	-2.716207e-217
1398          	-1.901345e-217
1399          	-1.330941e-217
1400          	-9.316588e-218
1401          	-6.521612e-218
1402          	-4.565128e-218
1403          	-3.195590e-218
1404          	-2.236913e-218
1405          	-1.565839e-218
1406          	-1.096087e-218
1407          	-7.672611e-219
1408          	-5.370828e-219
1409          	-3.759579e-219
1410          	-2.631706e-219
1411          	-1.842194e-219
1412          	-1.289536e-219
1413          	-9.026750e-220
1414          	-6.318725e-220
1415          	-4.423108e-220
1416          	-3.096175e-220
1417          	-2.167323e-220
1418          	-1.517126e-220
1419          	-1.061988e-220
1420          	-7.433917e-221
1421          	-5.203742e-221
1422          	-3.642619e-221
1423          	-2.549834e-221
1424          	-1.784883e-221
1425          	-1.249418e-221
1426          	-8.745929e-222
1427          	-6.122150e-222
1428          	-4.285505e-222
1429          	-2.999854e-222
1430          	-2.099898e-222
1431          	-1.469928e-222
1432          	-1.028950e-222
1433          	-7.202649e-223
1434          	-5.041854e-223
1435          	-3.529298e-223
1436          	-2.470508e-223
1437          	-1.729356e-223
1438          	-1.210549e-223
1439          	-8.473844e-224
1440          	-5.931691e-224
1441          	-4.152184e-224
1442          	-2.906529e-224
1443          	-2.034570e-224
1444          	-1.424199e-224
1445          	-9.969393e-225
1446          	-6.978575e-225
1447          	-4.885002e-225
1448          	-3.419502e-225
1449          	-2.393651e-225
1450          	-1.675556e-225
1451          	-1.172889e-225
1452          	-8.210224e-226
1453          	-5.747157e-226
1454          	-4.023010e-226
1455          	-2.816107e-226
1456          	-1.971275e-226
1457          	-1.379892e-226
1458          	-9.659246e-227
1459          	-6.761472e-227
1460          	-4.733031e-227
1461          	-3.313121e-227
1462          	-2.319185e-227
1463          	-1.623429e-227
1464          	-1.136401e-227
1465          	-7.954804e-228
1466          	-5.568363e-228
1467          	-3.897854e-228
1468          	-2.728498e-228
1469          	-1.909949e-228
1470          	-1.336964e-228
1471          	-9.358748e-229
1472          	-6.551124e-229
1473          	-4.585786e-229
1474          	-3.210051e-229
1475          	-2.247035e-229
1476          	-1.572925e-229
1477          	-1.101047e-229
1478          	-7.707331e-230
1479          	-5.395132e-230
1480          	-3.776592e-230
1481          	-2.643615e-230
1482          	-1.850530e-230
1483          	-1.295371e-230
1484          	-9.067598e-231
1485          	-6.347319e-231
1486          	-4.443123e-231
1487          	-3.110186e-231
1488          	-2.177130e-231
1489          	-1.523991e-231
1490          	-1.066794e-231
1491          	-7.467557e-232
1492          	-5.227290e-232
1493          	-3.659103e-232
1494          	-2.561372e-232
1495          	-1.792960e-232
1496          	-1.255072e-232
1497          	-8.785506e-233
1498          	-6.149854e-233
1499          	-4.304898e-233
1500          	-3.013429e-233
1501          	-2.109400e-233
1502          	-1.476580e-233
1503          	-1.033606e-233
1504          	-7.235242e-234
1505          	-5.064669e-234
1506          	-3.545269e-234
1507          	-2.481688e-234
1508          	-1.737182e-234
1509          	-1.216027e-234
1510          	-8.512190e-235
1511          	-5.958533e-235
1512          	-4.170973e-235
1513          	-2.919681e-235
1514          	-2.043777e-235
1515          	-1.430644e-235
1516          	-1.001451e-235
1517          	-7.010154e-236
1518          	-4.907108e-236
1519          	-3.434976e-236
1520          	-2.404483e-236
1521          	-1.683138e-236
1522          	-1.178197e-236
1523          	-8.247377e-237
1524          	-5.773164e-237
1525          	-4.041215e-237
1526          	-2.828850e-237
1527          	-1.980195e-237
1528          	-1.386137e-237
1529          	-9.702956e-238
1530          	-6.792069e-238
1531          	-4.754449e-238
1532          	-3.328114e-238
1533          	-2.329680e-238
1534          	-1.630776e-238
1535          	-1.141543e-238
1536          	-7.990802e-239
1537          	-5.593561e-239
1538          	-3.915493e-239
1539          	-2.740845e-239
1540          	-1.918591e-239
1541          	-1.343014e-239
1542          	-9.401098e-240
1543          	-6.580769e-240
1544          	-4.606538e-240
1545          	-3.224577e-240
1546          	-2.257204e-240
1547          	-1.580043e-240
1548          	-1.106030e-240
1549          	-7.742209e-241
1550          	-5.419546e-241
1551          	-3.793682e-241
1552          	-2.655578e-241
1553          	-1.858904e-241
1554          	-1.301233e-241
1555          	-9.108631e-242
1556          	-6.376042e-242
1557          	-4.463229e-242
1558          	-3.124260e-242
1559          	-2.186982e-242
1560          	-1.530888e-242
1561          	-1.071621e-242
1562          	-7.501349e-243
1563          	-5.250945e-243
1564          	-3.675661e-243
1565          	-2.572963e-243
1566          	-1.801074e-243
1567          	-1.260752e-243
1568          	-8.825262e-244
1569          	-6.177684e-244
1570          	-4.324379e-244
1571          	-3.027065e-244
1572          	-2.118946e-244
1573          	-1.483262e-244
1574          	-1.038283e-244
1575          	-7.267983e-245
1576          	-5.087588e-245
1577          	-3.561312e-245
1578          	-2.492918e-245
1579          	-1.745043e-245
1580          	-1.221530e-245
1581          	-8.550709e-246
1582          	-5.985497e-246
1583          	-4.189848e-246
1584          	-2.932893e-246
1585          	-2.053025e-246
1586          	-1.437118e-246
1587          	-1.005982e-246
1588          	-7.041877e-247
1589          	-4.929314e-247
1590          	-3.450520e-247
1591          	-2.415364e-247
1592          	-1.690755e-247
1593          	-1.183528e-247
1594          	-8.284698e-248
1595          	-5.799288e-248
1596          	-4.059502e-248
1597          	-2.841651e-248
1598          	-1.989156e-248
1599          	-1.392409e-248
1600          	-9.746864e-249
1601          	-6.822805e-249
1602          	-4.775963e-249
1603          	-3.343174e-249
1604          	-2.340222e-249
1605          	-1.638155e-249
1606          	-1.146709e-249
1607          	-8.026962e-250
1608          	-5.618873e-250
1609          	-3.933211e-250
1610          	-2.753248e-250
1611          	-1.927274e-250
1612          	-1.349091e-250
1613          	-9.443640e-251
1614          	-6.610548e-251
1615          	-4.627384e-251
1616          	-3.239169e-251
1617          	-2.267418e-251
1618          	-1.587193e-251
1619          	-1.111035e-251
1620          	-7.777244e-252
1621          	-5.444071e-252
1622          	-3.810849e-252
1623          	-2.667595e-252
1624          	-1.867316e-252
1625          	-1.307121e-252
1626          	-9.149850e-253
1627          	-6.404895e-253
1628          	-4.483426e-253
1629          	-3.138398e-253
1630          	-2.196879e-253
1631          	-1.537815e-253
1632          	-1.076471e-253
1633          	-7.535295e-254
1634          	-5.274706e-254
1635          	-3.692294e-254
1636          	-2.584606e-254
1637          	-1.809224e-254
1638          	-1.266457e-254
1639          	-8.865199e-255
1640          	-6.205639e-255
1641          	-4.343947e-255
1642          	-3.040763e-255
1643          	-2.128534e-255
1644          	-1.489974e-255
1645          	-1.042982e-255
1646          	-7.300872e-256
1647          	-5.110611e-256
1648          	-3.577427e-256
1649          	-2.504199e-256
1650          	-1.752939e-256
1651          	-1.227058e-256
1652          	-8.589403e-257
1653          	-6.012582e-257
1654          	-4.208808e-257
1655          	-2.946165e-257
1656          	-2.062316e-257
1657          	-1.443621e-257
1658          	-1.010535e-257
1659          	-7.073743e-258
1660          	-4.951620e-258
1661          	-3.466134e-258
1662          	-2.426294e-258
1663          	-1.698406e-258
1664          	-1.188884e-258
1665          	-8.322188e-259
1666          	-5.825531e-259
1667          	-4.077872e-259
1668          	-2.854510e-259
1669          	-1.998157e-259
1670          	-1.398710e-259
1671          	-9.790971e-260
1672          	-6.853679e-260
1673          	-4.797576e-260
1674          	-3.358303e-260
1675          	-2.350812e-260
1676          	-1.645568e-260
1677          	-1.151898e-260
1678          	-8.063285e-261
1679          	-5.644300e-261
1680          	-3.951010e-261
1681          	-2.765707e-261
1682          	-1.935995e-261
1683          	-1.355196e-261
1684          	-9.486375e-262
1685          	-6.640462e-262
1686          	-4.648324e-262
1687          	-3.253826e-262
1688          	-2.277679e-262
1689          	-1.594375e-262
1690          	-1.116062e-262
1691          	-7.812437e-263
1692          	-5.468706e-263
1693          	-3.828094e-263
1694          	-2.679666e-263
1695          	-1.875766e-263
1696          	-1.313036e-263
1697          	-9.191255e-264
1698          	-6.433878e-264
1699          	-4.503715e-264
1700          	-3.152600e-264
1701          	-2.206820e-264
1702          	-1.544774e-264
1703          	-1.081342e-264
1704          	-7.569393e-265
1705          	-5.298575e-265
1706          	-3.709003e-265
1707          	-2.596302e-265
1708          	-1.817411e-265
1709          	-1.272188e-265
1710          	-8.905316e-266
1711          	-6.233721e-266
1712          	-4.363605e-266
1713          	-3.054523e-266
1714          	-2.138166e-266
1715          	-1.496716e-266
1716          	-1.047701e-266
1717          	-7.333910e-267
1718          	-5.133737e-267
1719          	-3.593616e-267
1720          	-2.515531e-267
1721          	-1.760872e-267
1722          	-1.232610e-267
1723          	-8.628272e-268
1724          	-6.039790e-268
1725          	-4.227853e-268
1726          	-2.959497e-268
1727          	-2.071648e-268
1728          	-1.450154e-268
1729          	-1.015108e-268
1730          	-7.105753e-269
1731          	-4.974027e-269
1732          	-3.481819e-269
1733          	-2.437273e-269
1734          	-1.706091e-269
1735          	-1.194264e-269
1736          	-8.359847e-270
1737          	-5.851893e-270
1738          	-4.096325e-270
1739          	-2.867428e-270
1740          	-2.007199e-270
1741          	-1.405040e-270
1742          	-9.835277e-271
1743          	-6.884694e-271
1744          	-4.819286e-271
1745          	-3.373500e-271
1746          	-2.361450e-271
1747          	-1.653015e-271
1748          	-1.157110e-271
1749          	-8.099773e-272
1750          	-5.669841e-272
1751          	-3.968889e-272
1752          	-2.778222e-272
1753          	-1.944756e-272
1754          	-1.361329e-272
1755          	-9.529302e-273
1756          	-6.670512e-273
1757          	-4.669358e-273
1758          	-3.268551e-273
1759          	-2.287986e-273
1760          	-1.601590e-273
1761          	-1.121113e-273
1762          	-7.847790e-274
1763          	-5.493453e-274
1764          	-3.845417e-274
1765          	-2.691792e-274
1766          	-1.884254e-274
1767          	-1.318978e-274
1768          	-9.232847e-275
1769          	-6.462993e-275
1770          	-4.524095e-275
1771          	-3.166866e-275
1772          	-2.216807e-275
1773          	-1.551765e-275
1774          	-1.086235e-275
1775          	-7.603646e-276
1776          	-5.322552e-276
1777          	-3.725787e-276
1778          	-2.608051e-276
1779          	-1.825636e-276
1780          	-1.277945e-276
1781          	-8.945614e-277
1782          	-6.261930e-277
1783          	-4.383351e-277
1784          	-3.068346e-277
1785          	-2.147842e-277
1786          	-1.503489e-277
1787          	-1.052443e-277
1788          	-7.367098e-278
1789          	-5.156968e-278
1790          	-3.609878e-278
1791          	-2.526915e-278
1792          	-1.768840e-278
1793          	-1.238188e-278
1794          	-8.667317e-279
1795          	-6.067122e-279
1796          	-4.246985e-279
1797          	-2.972890e-279
1798          	-2.081023e-279
1799          	-1.456716e-279
1800          	-1.019701e-279
1801          	-7.137908e-280
1802          	-4.996536e-280
1803          	-3.497575e-280
1804          	-2.448302e-280
1805          	-1.713812e-280
1806          	-1.199668e-280
1807          	-8.397678e-281
1808          	-5.878374e-281
1809          	-4.114862e-281
1810          	-2.880403e-281
1811          	-2.016282e-281
1812          	-1.411398e-281
1813          	-9.879784e-282
1814          	-6.915849e-282
1815          	-4.841094e-282
1816          	-3.388766e-282
1817          	-2.372136e-282
1818          	-1.660495e-282
1819          	-1.162347e-282
1820          	-8.136427e-283
1821          	-5.695499e-283
1822          	-3.986849e-283
1823          	-2.790794e-283
1824          	-1.953556e-283
1825          	-1.367489e-283
1826          	-9.572425e-284
1827          	-6.700697e-284
1828          	-4.690488e-284
1829          	-3.283342e-284
1830          	-2.298339e-284
1831          	-1.608837e-284
1832          	-1.126186e-284
1833          	-7.883303e-285
1834          	-5.518312e-285
1835          	-3.862819e-285
1836          	-2.703973e-285
1837          	-1.892781e-285
1838          	-1.324947e-285
1839          	-9.274627e-286
1840          	-6.492239e-286
1841          	-4.544567e-286
1842          	-3.181197e-286
1843          	-2.226838e-286
1844          	-1.558787e-286
1845          	-1.091151e-286
1846          	-7.638055e-287
1847          	-5.346638e-287
1848          	-3.742647e-287
1849          	-2.619853e-287
1850          	-1.833897e-287
1851          	-1.283728e-287
1852          	-8.986095e-288
1853          	-6.290266e-288
1854          	-4.403186e-288
1855          	-3.082231e-288
1856          	-2.157561e-288
1857          	-1.510293e-288
1858          	-1.057205e-288
1859          	-7.400435e-289
1860          	-5.180305e-289
1861          	-3.626213e-289
1862          	-2.538349e-289
1863          	-1.776845e-289
1864          	-1.243791e-289
1865          	-8.706538e-290
1866          	-6.094577e-290
1867          	-4.266204e-290
1868          	-2.986343e-290
1869          	-2.090440e-290
1870          	-1.463308e-290
1871          	-1.024316e-290
1872          	-7.170209e-291
1873          	-5.019146e-291
1874          	-3.513402e-291
1875          	-2.459382e-291
1876          	-1.721567e-291
1877          	-1.205097e-291
1878          	-8.435679e-292
1879          	-5.904975e-292
1880          	-4.133483e-292
1881          	-2.893438e-292
1882          	-2.025406e-292
1883          	-1.417785e-292
1884          	-9.924492e-293
