# Region type : patch out
# Faces  :    298
# Area   :    1.250000e-07
# Time        	areaAverage(p)
0             	0.000000e+00
1             	0.000000e+00
2             	0.000000e+00
3             	0.000000e+00
4             	-9.215752e-02
5             	-8.049303e-02
6             	-7.623196e-02
7             	-5.583450e-02
8             	-4.960394e-02
9             	-3.691809e-02
10            	-2.612231e-02
11            	-1.829043e-02
12            	-1.280330e-02
13            	-8.962310e-03
14            	-6.273617e-03
15            	-4.391532e-03
16            	-3.074072e-03
17            	-2.151851e-03
18            	-1.506296e-03
19            	-1.054407e-03
20            	-7.380848e-04
21            	-5.166594e-04
22            	-3.616616e-04
23            	-2.531631e-04
24            	-1.772142e-04
25            	-1.240499e-04
26            	-8.683494e-05
27            	-6.078446e-05
28            	-4.254912e-05
29            	-2.978438e-05
30            	-2.084907e-05
31            	-1.459435e-05
32            	-1.021604e-05
33            	-7.151231e-06
34            	-5.005861e-06
35            	-3.504103e-06
36            	-2.452872e-06
37            	-1.717010e-06
38            	-1.201907e-06
39            	-8.413351e-07
40            	-5.889346e-07
41            	-4.122542e-07
42            	-2.885779e-07
43            	-2.020046e-07
44            	-1.414032e-07
45            	-9.898224e-08
46            	-6.928757e-08
47            	-4.850130e-08
48            	-3.395091e-08
49            	-2.376563e-08
50            	-1.663594e-08
51            	-1.164516e-08
52            	-8.151613e-09
53            	-5.706129e-09
54            	-3.994290e-09
55            	-2.796003e-09
56            	-1.957202e-09
57            	-1.370042e-09
58            	-9.590291e-10
59            	-6.713204e-10
60            	-4.699243e-10
61            	-3.289470e-10
62            	-2.302629e-10
63            	-1.611840e-10
64            	-1.128288e-10
65            	-7.898017e-11
66            	-5.528612e-11
67            	-3.870028e-11
68            	-2.709020e-11
69            	-1.896314e-11
70            	-1.327420e-11
71            	-9.291938e-12
72            	-6.504357e-12
73            	-4.553050e-12
74            	-3.187135e-12
75            	-2.230994e-12
76            	-1.561696e-12
77            	-1.093187e-12
78            	-7.652310e-13
79            	-5.356617e-13
80            	-3.749632e-13
81            	-2.624742e-13
82            	-1.837320e-13
83            	-1.286124e-13
84            	-9.002867e-14
85            	-6.302007e-14
86            	-4.411405e-14
87            	-3.087983e-14
88            	-2.161588e-14
89            	-1.513112e-14
90            	-1.059178e-14
91            	-7.414248e-15
92            	-5.189974e-15
93            	-3.632981e-15
94            	-2.543087e-15
95            	-1.780161e-15
96            	-1.246113e-15
97            	-8.722789e-16
98            	-6.105952e-16
99            	-4.274166e-16
100           	-2.991916e-16
101           	-2.094342e-16
102           	-1.466039e-16
103           	-1.026227e-16
104           	-7.183591e-17
105           	-5.028514e-17
106           	-3.519960e-17
107           	-2.463972e-17
108           	-1.724780e-17
109           	-1.207346e-17
110           	-8.451423e-18
111           	-5.915996e-18
112           	-4.141197e-18
113           	-2.898838e-18
114           	-2.029187e-18
115           	-1.420431e-18
116           	-9.943015e-19
117           	-6.960111e-19
118           	-4.872077e-19
119           	-3.410454e-19
120           	-2.387318e-19
121           	-1.671123e-19
122           	-1.169786e-19
123           	-8.188501e-20
124           	-5.731950e-20
125           	-4.012365e-20
126           	-2.808656e-20
127           	-1.966059e-20
128           	-1.376241e-20
129           	-9.633689e-21
130           	-6.743582e-21
131           	-4.720508e-21
132           	-3.304355e-21
133           	-2.313049e-21
134           	-1.619134e-21
135           	-1.133394e-21
136           	-7.933757e-22
137           	-5.553630e-22
138           	-3.887541e-22
139           	-2.721279e-22
140           	-1.904895e-22
141           	-1.333427e-22
142           	-9.333986e-23
143           	-6.533790e-23
144           	-4.573653e-23
145           	-3.201557e-23
146           	-2.241090e-23
147           	-1.568763e-23
148           	-1.098134e-23
149           	-7.686939e-24
150           	-5.380857e-24
151           	-3.766600e-24
152           	-2.636620e-24
153           	-1.845634e-24
154           	-1.291944e-24
155           	-9.043607e-25
156           	-6.330525e-25
157           	-4.431367e-25
158           	-3.101957e-25
159           	-2.171370e-25
160           	-1.519959e-25
161           	-1.063971e-25
162           	-7.447799e-26
163           	-5.213459e-26
164           	-3.649421e-26
165           	-2.554595e-26
166           	-1.788217e-26
167           	-1.251752e-26
168           	-8.762261e-27
169           	-6.133583e-27
170           	-4.293508e-27
171           	-3.005456e-27
172           	-2.103819e-27
173           	-1.472673e-27
174           	-1.030871e-27
175           	-7.216099e-28
176           	-5.051269e-28
177           	-3.535888e-28
178           	-2.475122e-28
179           	-1.732585e-28
180           	-1.212810e-28
181           	-8.489668e-29
182           	-5.942768e-29
183           	-4.159937e-29
184           	-2.911956e-29
185           	-2.038369e-29
186           	-1.426858e-29
187           	-9.988009e-30
188           	-6.991607e-30
189           	-4.894125e-30
190           	-3.425887e-30
191           	-2.398121e-30
192           	-1.678685e-30
193           	-1.175079e-30
194           	-8.225555e-31
195           	-5.757889e-31
196           	-4.030522e-31
197           	-2.821365e-31
198           	-1.974956e-31
199           	-1.382469e-31
200           	-9.677283e-32
201           	-6.774098e-32
202           	-4.741869e-32
203           	-3.319308e-32
204           	-2.323516e-32
205           	-1.626461e-32
206           	-1.138523e-32
207           	-7.969659e-33
208           	-5.578761e-33
209           	-3.905133e-33
210           	-2.733593e-33
211           	-1.913515e-33
212           	-1.339461e-33
213           	-9.376224e-34
214           	-6.563357e-34
215           	-4.594350e-34
216           	-3.216045e-34
217           	-2.251231e-34
218           	-1.575862e-34
219           	-1.103103e-34
220           	-7.721724e-35
221           	-5.405207e-35
222           	-3.783645e-35
223           	-2.648551e-35
224           	-1.853986e-35
225           	-1.297790e-35
226           	-9.084531e-36
227           	-6.359172e-36
228           	-4.451420e-36
229           	-3.115994e-36
230           	-2.181196e-36
231           	-1.526837e-36
232           	-1.068786e-36
233           	-7.481502e-37
234           	-5.237051e-37
235           	-3.665936e-37
236           	-2.566155e-37
237           	-1.796309e-37
238           	-1.257416e-37
239           	-8.801912e-38
240           	-6.161338e-38
241           	-4.312937e-38
242           	-3.019056e-38
243           	-2.113339e-38
244           	-1.479337e-38
245           	-1.035536e-38
246           	-7.248753e-39
247           	-5.074127e-39
248           	-3.551889e-39
249           	-2.486322e-39
250           	-1.740426e-39
251           	-1.218298e-39
252           	-8.528085e-40
253           	-5.969660e-40
254           	-4.178762e-40
255           	-2.925133e-40
256           	-2.047593e-40
257           	-1.433315e-40
258           	-1.003321e-40
259           	-7.023245e-41
260           	-4.916272e-41
261           	-3.441390e-41
262           	-2.408973e-41
263           	-1.686281e-41
264           	-1.180397e-41
265           	-8.262778e-42
266           	-5.783944e-42
267           	-4.048761e-42
268           	-2.834133e-42
269           	-1.983893e-42
270           	-1.388725e-42
271           	-9.721075e-43
272           	-6.804753e-43
273           	-4.763327e-43
274           	-3.334329e-43
275           	-2.334030e-43
276           	-1.633821e-43
277           	-1.143675e-43
278           	-8.005723e-44
279           	-5.604006e-44
280           	-3.922805e-44
281           	-2.745963e-44
282           	-1.922174e-44
283           	-1.345522e-44
284           	-9.418654e-45
285           	-6.593058e-45
286           	-4.615140e-45
287           	-3.230598e-45
288           	-2.261419e-45
289           	-1.582993e-45
290           	-1.108095e-45
291           	-7.756666e-46
292           	-5.429666e-46
293           	-3.800766e-46
294           	-2.660537e-46
295           	-1.862376e-46
296           	-1.303663e-46
297           	-9.125640e-47
298           	-6.387948e-47
299           	-4.471564e-47
300           	-3.130095e-47
301           	-2.191066e-47
302           	-1.533746e-47
303           	-1.073622e-47
304           	-7.515357e-48
305           	-5.260750e-48
306           	-3.682525e-48
307           	-2.577768e-48
308           	-1.804437e-48
309           	-1.263106e-48
310           	-8.841743e-49
311           	-6.189220e-49
312           	-4.332454e-49
313           	-3.032718e-49
314           	-2.122902e-49
315           	-1.486032e-49
316           	-1.040222e-49
317           	-7.281555e-50
318           	-5.097089e-50
319           	-3.567962e-50
320           	-2.497573e-50
321           	-1.748301e-50
322           	-1.223811e-50
323           	-8.566677e-51
324           	-5.996674e-51
325           	-4.197672e-51
326           	-2.938370e-51
327           	-2.056859e-51
328           	-1.439801e-51
329           	-1.007861e-51
330           	-7.055027e-52
331           	-4.938519e-52
332           	-3.456963e-52
333           	-2.419874e-52
334           	-1.693912e-52
335           	-1.185738e-52
336           	-8.300168e-53
337           	-5.810118e-53
338           	-4.067083e-53
339           	-2.846958e-53
340           	-1.992870e-53
341           	-1.395009e-53
342           	-9.765065e-54
343           	-6.835546e-54
344           	-4.784882e-54
345           	-3.349417e-54
346           	-2.344592e-54
347           	-1.641215e-54
348           	-1.148850e-54
349           	-8.041951e-55
350           	-5.629366e-55
351           	-3.940556e-55
352           	-2.758389e-55
353           	-1.930872e-55
354           	-1.351611e-55
355           	-9.461275e-56
356           	-6.622893e-56
357           	-4.636025e-56
358           	-3.245217e-56
359           	-2.271652e-56
360           	-1.590156e-56
361           	-1.113110e-56
362           	-7.791767e-57
363           	-5.454237e-57
364           	-3.817966e-57
365           	-2.672576e-57
366           	-1.870803e-57
367           	-1.309562e-57
368           	-9.166936e-58
369           	-6.416855e-58
370           	-4.491799e-58
371           	-3.144259e-58
372           	-2.200981e-58
373           	-1.540687e-58
374           	-1.078481e-58
375           	-7.549366e-59
376           	-5.284556e-59
377           	-3.699189e-59
378           	-2.589432e-59
379           	-1.812603e-59
380           	-1.268822e-59
381           	-8.881753e-60
382           	-6.217227e-60
383           	-4.352059e-60
384           	-3.046441e-60
385           	-2.132509e-60
386           	-1.492756e-60
387           	-1.044929e-60
388           	-7.314506e-61
389           	-5.120154e-61
390           	-3.584108e-61
391           	-2.508875e-61
392           	-1.756213e-61
393           	-1.229349e-61
394           	-8.605443e-62
395           	-6.023810e-62
396           	-4.216667e-62
397           	-2.951667e-62
398           	-2.066167e-62
399           	-1.446317e-62
400           	-1.012422e-62
401           	-7.086952e-63
402           	-4.960867e-63
403           	-3.472607e-63
404           	-2.430825e-63
405           	-1.701577e-63
406           	-1.191104e-63
407           	-8.337728e-64
408           	-5.836410e-64
409           	-4.085487e-64
410           	-2.859841e-64
411           	-2.001889e-64
412           	-1.401322e-64
413           	-9.809254e-65
414           	-6.866478e-65
415           	-4.806535e-65
416           	-3.364574e-65
417           	-2.355202e-65
418           	-1.648641e-65
419           	-1.154049e-65
420           	-8.078343e-66
421           	-5.654840e-66
422           	-3.958388e-66
423           	-2.770872e-66
424           	-1.939610e-66
425           	-1.357727e-66
426           	-9.504089e-67
427           	-6.652862e-67
428           	-4.657004e-67
429           	-3.259903e-67
430           	-2.281932e-67
431           	-1.597352e-67
432           	-1.118147e-67
433           	-7.827026e-68
434           	-5.478918e-68
435           	-3.835243e-68
436           	-2.684670e-68
437           	-1.879269e-68
438           	-1.315488e-68
439           	-9.208418e-69
440           	-6.445893e-69
441           	-4.512125e-69
442           	-3.158487e-69
443           	-2.210941e-69
444           	-1.547659e-69
445           	-1.083361e-69
446           	-7.583528e-70
447           	-5.308470e-70
448           	-3.715929e-70
449           	-2.601150e-70
450           	-1.820805e-70
451           	-1.274564e-70
452           	-8.921945e-71
453           	-6.245362e-71
454           	-4.371753e-71
455           	-3.060227e-71
456           	-2.142159e-71
457           	-1.499511e-71
458           	-1.049658e-71
459           	-7.347605e-72
460           	-5.143324e-72
461           	-3.600327e-72
462           	-2.520229e-72
463           	-1.764160e-72
464           	-1.234912e-72
465           	-8.644384e-73
466           	-6.051069e-73
467           	-4.235748e-73
468           	-2.965024e-73
469           	-2.075517e-73
470           	-1.452862e-73
471           	-1.017003e-73
472           	-7.119022e-74
473           	-4.983316e-74
474           	-3.488321e-74
475           	-2.441825e-74
476           	-1.709277e-74
477           	-1.196494e-74
478           	-8.375458e-75
479           	-5.862821e-75
480           	-4.103975e-75
481           	-2.872782e-75
482           	-2.010948e-75
483           	-1.407663e-75
484           	-9.853643e-76
485           	-6.897550e-76
486           	-4.828285e-76
487           	-3.379800e-76
488           	-2.365860e-76
489           	-1.656102e-76
490           	-1.159271e-76
491           	-8.114899e-77
492           	-5.680429e-77
493           	-3.976300e-77
494           	-2.783410e-77
495           	-1.948387e-77
496           	-1.363871e-77
497           	-9.547097e-78
498           	-6.682968e-78
499           	-4.678078e-78
500           	-3.274654e-78
501           	-2.292258e-78
502           	-1.604581e-78
503           	-1.123206e-78
504           	-7.862445e-79
505           	-5.503712e-79
506           	-3.852598e-79
507           	-2.696819e-79
508           	-1.887773e-79
509           	-1.321441e-79
510           	-9.250088e-80
511           	-6.475062e-80
512           	-4.532543e-80
513           	-3.172780e-80
514           	-2.220946e-80
515           	-1.554662e-80
516           	-1.088264e-80
517           	-7.617845e-81
518           	-5.332492e-81
519           	-3.732744e-81
520           	-2.612921e-81
521           	-1.829045e-81
522           	-1.280331e-81
523           	-8.962319e-82
524           	-6.273623e-82
525           	-4.391536e-82
526           	-3.074075e-82
527           	-2.151853e-82
528           	-1.506297e-82
529           	-1.054408e-82
530           	-7.380855e-83
531           	-5.166598e-83
532           	-3.616619e-83
533           	-2.531633e-83
534           	-1.772143e-83
535           	-1.240500e-83
536           	-8.683502e-84
537           	-6.078451e-84
538           	-4.254916e-84
539           	-2.978441e-84
540           	-2.084909e-84
541           	-1.459436e-84
542           	-1.021605e-84
543           	-7.151237e-85
544           	-5.005866e-85
545           	-3.504106e-85
546           	-2.452874e-85
547           	-1.717012e-85
548           	-1.201908e-85
549           	-8.413359e-86
550           	-5.889351e-86
551           	-4.122546e-86
552           	-2.885782e-86
553           	-2.020048e-86
554           	-1.414033e-86
555           	-9.898233e-87
556           	-6.928763e-87
557           	-4.850134e-87
558           	-3.395094e-87
559           	-2.376566e-87
560           	-1.663596e-87
561           	-1.164517e-87
562           	-8.151620e-88
563           	-5.706134e-88
564           	-3.994294e-88
565           	-2.796006e-88
566           	-1.957204e-88
567           	-1.370043e-88
568           	-9.590300e-89
569           	-6.713210e-89
570           	-4.699247e-89
571           	-3.289473e-89
572           	-2.302631e-89
573           	-1.611842e-89
574           	-1.128289e-89
575           	-7.898024e-90
576           	-5.528617e-90
577           	-3.870032e-90
578           	-2.709022e-90
579           	-1.896316e-90
580           	-1.327421e-90
581           	-9.291947e-91
582           	-6.504363e-91
583           	-4.553054e-91
584           	-3.187138e-91
585           	-2.230996e-91
586           	-1.561697e-91
587           	-1.093188e-91
588           	-7.652318e-92
589           	-5.356622e-92
590           	-3.749636e-92
591           	-2.624745e-92
592           	-1.837321e-92
593           	-1.286125e-92
594           	-9.002875e-93
595           	-6.302013e-93
596           	-4.411409e-93
597           	-3.087986e-93
598           	-2.161590e-93
599           	-1.513113e-93
600           	-1.059179e-93
601           	-7.414255e-94
602           	-5.189978e-94
603           	-3.632985e-94
604           	-2.543089e-94
605           	-1.780163e-94
606           	-1.246114e-94
607           	-8.722797e-95
608           	-6.105958e-95
609           	-4.274170e-95
610           	-2.991919e-95
611           	-2.094343e-95
612           	-1.466040e-95
613           	-1.026228e-95
614           	-7.183598e-96
615           	-5.028519e-96
616           	-3.519963e-96
617           	-2.463974e-96
618           	-1.724782e-96
619           	-1.207347e-96
620           	-8.451431e-97
621           	-5.916002e-97
622           	-4.141201e-97
623           	-2.898841e-97
624           	-2.029189e-97
625           	-1.420432e-97
626           	-9.943025e-98
627           	-6.960117e-98
628           	-4.872082e-98
629           	-3.410457e-98
630           	-2.387320e-98
631           	-1.671124e-98
632           	-1.169787e-98
633           	-8.188508e-99
634           	-5.731956e-99
635           	-4.012369e-99
636           	-2.808658e-99
637           	-1.966061e-99
638           	-1.376243e-99
639           	-9.633698e-100
640           	-6.743589e-100
641           	-4.720512e-100
642           	-3.304358e-100
643           	-2.313051e-100
644           	-1.619136e-100
645           	-1.133395e-100
646           	-7.933765e-101
647           	-5.553635e-101
648           	-3.887545e-101
649           	-2.721281e-101
650           	-1.904897e-101
651           	-1.333428e-101
652           	-9.333995e-102
653           	-6.533796e-102
654           	-4.573657e-102
655           	-3.201560e-102
656           	-2.241092e-102
657           	-1.568764e-102
658           	-1.098135e-102
659           	-7.686946e-103
660           	-5.380862e-103
661           	-3.766604e-103
662           	-2.636622e-103
663           	-1.845636e-103
664           	-1.291945e-103
665           	-9.043615e-104
666           	-6.330531e-104
667           	-4.431371e-104
668           	-3.101960e-104
669           	-2.171372e-104
670           	-1.519960e-104
671           	-1.063972e-104
672           	-7.447806e-105
673           	-5.213464e-105
674           	-3.649425e-105
675           	-2.554597e-105
676           	-1.788218e-105
677           	-1.251753e-105
678           	-8.762269e-106
679           	-6.133588e-106
680           	-4.293512e-106
681           	-3.005458e-106
682           	-2.103821e-106
683           	-1.472675e-106
684           	-1.030872e-106
685           	-7.216105e-107
686           	-5.051274e-107
687           	-3.535892e-107
688           	-2.475124e-107
689           	-1.732587e-107
690           	-1.212811e-107
691           	-8.489676e-108
692           	-5.942773e-108
693           	-4.159941e-108
694           	-2.911959e-108
695           	-2.038371e-108
696           	-1.426860e-108
697           	-9.988019e-109
698           	-6.991613e-109
699           	-4.894129e-109
700           	-3.425890e-109
701           	-2.398123e-109
702           	-1.678686e-109
703           	-1.175080e-109
704           	-8.225563e-110
705           	-5.757894e-110
706           	-4.030526e-110
707           	-2.821368e-110
708           	-1.974958e-110
709           	-1.382470e-110
710           	-9.677293e-111
711           	-6.774105e-111
712           	-4.741873e-111
713           	-3.319311e-111
714           	-2.323518e-111
715           	-1.626463e-111
716           	-1.138524e-111
717           	-7.969667e-112
718           	-5.578767e-112
719           	-3.905137e-112
720           	-2.733596e-112
721           	-1.913517e-112
722           	-1.339462e-112
723           	-9.376233e-113
724           	-6.563363e-113
725           	-4.594354e-113
726           	-3.216048e-113
727           	-2.251234e-113
728           	-1.575863e-113
729           	-1.103104e-113
730           	-7.721731e-114
731           	-5.405212e-114
732           	-3.783648e-114
733           	-2.648554e-114
734           	-1.853988e-114
735           	-1.297791e-114
736           	-9.084539e-115
737           	-6.359178e-115
738           	-4.451424e-115
739           	-3.115997e-115
740           	-2.181198e-115
741           	-1.526839e-115
742           	-1.068787e-115
743           	-7.481509e-116
744           	-5.237056e-116
745           	-3.665939e-116
746           	-2.566158e-116
747           	-1.796310e-116
748           	-1.257417e-116
749           	-8.801920e-117
750           	-6.161344e-117
751           	-4.312941e-117
752           	-3.019059e-117
753           	-2.113341e-117
754           	-1.479339e-117
755           	-1.035537e-117
756           	-7.248760e-118
757           	-5.074132e-118
758           	-3.551892e-118
759           	-2.486325e-118
760           	-1.740427e-118
761           	-1.218299e-118
762           	-8.528093e-119
763           	-5.969665e-119
764           	-4.178766e-119
765           	-2.925136e-119
766           	-2.047595e-119
767           	-1.433317e-119
768           	-1.003322e-119
769           	-7.023252e-120
770           	-4.916276e-120
771           	-3.441393e-120
772           	-2.408975e-120
773           	-1.686283e-120
774           	-1.180398e-120
775           	-8.262785e-121
776           	-5.783950e-121
777           	-4.048765e-121
778           	-2.834135e-121
779           	-1.983895e-121
780           	-1.388726e-121
781           	-9.721084e-122
782           	-6.804759e-122
783           	-4.763331e-122
784           	-3.334332e-122
785           	-2.334032e-122
786           	-1.633823e-122
787           	-1.143676e-122
788           	-8.005731e-123
789           	-5.604012e-123
790           	-3.922808e-123
791           	-2.745966e-123
792           	-1.922176e-123
793           	-1.345523e-123
794           	-9.418662e-124
795           	-6.593064e-124
796           	-4.615145e-124
797           	-3.230601e-124
798           	-2.261421e-124
799           	-1.582995e-124
800           	-1.108096e-124
801           	-7.756674e-125
802           	-5.429671e-125
803           	-3.800770e-125
804           	-2.660539e-125
805           	-1.862377e-125
806           	-1.303664e-125
807           	-9.125649e-126
808           	-6.387954e-126
809           	-4.471568e-126
810           	-3.130098e-126
811           	-2.191068e-126
812           	-1.533748e-126
813           	-1.073623e-126
814           	-7.515364e-127
815           	-5.260755e-127
816           	-3.682528e-127
817           	-2.577770e-127
818           	-1.804439e-127
819           	-1.263107e-127
820           	-8.841751e-128
821           	-6.189226e-128
822           	-4.332458e-128
823           	-3.032721e-128
824           	-2.122904e-128
825           	-1.486033e-128
826           	-1.040223e-128
827           	-7.281562e-129
828           	-5.097093e-129
829           	-3.567965e-129
830           	-2.497576e-129
831           	-1.748303e-129
832           	-1.223812e-129
833           	-8.566685e-130
834           	-5.996679e-130
835           	-4.197676e-130
836           	-2.938373e-130
837           	-2.056861e-130
838           	-1.439803e-130
839           	-1.007862e-130
840           	-7.055033e-131
841           	-4.938523e-131
842           	-3.456966e-131
843           	-2.419876e-131
844           	-1.693914e-131
845           	-1.185739e-131
846           	-8.300176e-132
847           	-5.810123e-132
848           	-4.067086e-132
849           	-2.846960e-132
850           	-1.992872e-132
851           	-1.395011e-132
852           	-9.765074e-133
853           	-6.835552e-133
854           	-4.784886e-133
855           	-3.349420e-133
856           	-2.344594e-133
857           	-1.641216e-133
858           	-1.148851e-133
859           	-8.041959e-134
860           	-5.629371e-134
861           	-3.940560e-134
862           	-2.758392e-134
863           	-1.930874e-134
864           	-1.351612e-134
865           	-9.461284e-135
866           	-6.622899e-135
867           	-4.636029e-135
868           	-3.245220e-135
869           	-2.271654e-135
870           	-1.590158e-135
871           	-1.113111e-135
872           	-7.791774e-136
873           	-5.454242e-136
874           	-3.817969e-136
875           	-2.672579e-136
876           	-1.870805e-136
877           	-1.309563e-136
878           	-9.166944e-137
879           	-6.416861e-137
880           	-4.491803e-137
881           	-3.144262e-137
882           	-2.200983e-137
883           	-1.540688e-137
884           	-1.078482e-137
885           	-7.549373e-138
886           	-5.284561e-138
887           	-3.699193e-138
888           	-2.589435e-138
889           	-1.812604e-138
890           	-1.268823e-138
891           	-8.881762e-139
892           	-6.217233e-139
893           	-4.352063e-139
894           	-3.046444e-139
895           	-2.132511e-139
896           	-1.492758e-139
897           	-1.044930e-139
898           	-7.314513e-140
899           	-5.120159e-140
900           	-3.584111e-140
901           	-2.508878e-140
902           	-1.756214e-140
903           	-1.229350e-140
904           	-8.605451e-141
905           	-6.023816e-141
906           	-4.216671e-141
907           	-2.951670e-141
908           	-2.066169e-141
909           	-1.446318e-141
910           	-1.012423e-141
911           	-7.086959e-142
912           	-4.960871e-142
913           	-3.472610e-142
914           	-2.430827e-142
915           	-1.701579e-142
916           	-1.191105e-142
917           	-8.337736e-143
918           	-5.836415e-143
919           	-4.085491e-143
920           	-2.859844e-143
921           	-2.001890e-143
922           	-1.401323e-143
923           	-9.809263e-144
924           	-6.866484e-144
925           	-4.806539e-144
926           	-3.364577e-144
927           	-2.355204e-144
928           	-1.648643e-144
929           	-1.154050e-144
930           	-8.078350e-145
931           	-5.654845e-145
932           	-3.958392e-145
933           	-2.770874e-145
934           	-1.939612e-145
935           	-1.357728e-145
936           	-9.504098e-146
937           	-6.652869e-146
938           	-4.657008e-146
939           	-3.259906e-146
940           	-2.281934e-146
941           	-1.597354e-146
942           	-1.118148e-146
943           	-7.827034e-147
944           	-5.478923e-147
945           	-3.835246e-147
946           	-2.684673e-147
947           	-1.879271e-147
948           	-1.315490e-147
949           	-9.208427e-148
950           	-6.445899e-148
951           	-4.512129e-148
952           	-3.158490e-148
953           	-2.210943e-148
954           	-1.547660e-148
955           	-1.083362e-148
956           	-7.583535e-149
957           	-5.308475e-149
958           	-3.715932e-149
959           	-2.601153e-149
960           	-1.820807e-149
961           	-1.274565e-149
962           	-8.921953e-150
963           	-6.245367e-150
964           	-4.371757e-150
965           	-3.060230e-150
966           	-2.142161e-150
967           	-1.499513e-150
968           	-1.049659e-150
969           	-7.347612e-151
970           	-5.143329e-151
971           	-3.600330e-151
972           	-2.520231e-151
973           	-1.764162e-151
974           	-1.234913e-151
975           	-8.644392e-152
976           	-6.051075e-152
977           	-4.235752e-152
978           	-2.965027e-152
979           	-2.075519e-152
980           	-1.452863e-152
981           	-1.017004e-152
982           	-7.119029e-153
983           	-4.983320e-153
984           	-3.488324e-153
985           	-2.441827e-153
986           	-1.709279e-153
987           	-1.196495e-153
988           	-8.375466e-154
989           	-5.862826e-154
990           	-4.103978e-154
991           	-2.872785e-154
992           	-2.010949e-154
993           	-1.407665e-154
994           	-9.853652e-155
995           	-6.897557e-155
996           	-4.828290e-155
997           	-3.379803e-155
998           	-2.365862e-155
999           	-1.656103e-155
1000          	-1.159272e-155
1001          	-8.114906e-156
1002          	-5.680434e-156
1003          	-3.976304e-156
1004          	-2.783413e-156
1005          	-1.948389e-156
1006          	-1.363872e-156
1007          	-9.547106e-157
1008          	-6.682974e-157
1009          	-4.678082e-157
1010          	-3.274657e-157
1011          	-2.292260e-157
1012          	-1.604582e-157
1013          	-1.123208e-157
1014          	-7.862453e-158
1015          	-5.503717e-158
1016          	-3.852602e-158
1017          	-2.696821e-158
1018          	-1.887775e-158
1019          	-1.321442e-158
1020          	-9.250097e-159
1021          	-6.475068e-159
1022          	-4.532547e-159
1023          	-3.172783e-159
1024          	-2.220948e-159
1025          	-1.554664e-159
1026          	-1.088265e-159
1027          	-7.617852e-160
1028          	-5.332497e-160
1029          	-3.732748e-160
1030          	-2.612923e-160
1031          	-1.829046e-160
1032          	-1.280332e-160
1033          	-8.962327e-161
1034          	-6.273629e-161
1035          	-4.391540e-161
1036          	-3.074078e-161
1037          	-2.151855e-161
1038          	-1.506298e-161
1039          	-1.054409e-161
1040          	-7.380862e-162
1041          	-5.166603e-162
1042          	-3.616622e-162
1043          	-2.531636e-162
1044          	-1.772145e-162
1045          	-1.240501e-162
1046          	-8.683510e-163
1047          	-6.078457e-163
1048          	-4.254920e-163
1049          	-2.978444e-163
1050          	-2.084911e-163
1051          	-1.459438e-163
1052          	-1.021606e-163
1053          	-7.151244e-164
1054          	-5.005871e-164
1055          	-3.504110e-164
1056          	-2.452877e-164
1057          	-1.717014e-164
1058          	-1.201910e-164
1059          	-8.413367e-165
1060          	-5.889357e-165
1061          	-4.122550e-165
1062          	-2.885785e-165
1063          	-2.020049e-165
1064          	-1.414035e-165
1065          	-9.898242e-166
1066          	-6.928770e-166
1067          	-4.850139e-166
1068          	-3.395097e-166
1069          	-2.376568e-166
1070          	-1.663598e-166
1071          	-1.164518e-166
1072          	-8.151628e-167
1073          	-5.706140e-167
1074          	-3.994298e-167
1075          	-2.796008e-167
1076          	-1.957206e-167
1077          	-1.370044e-167
1078          	-9.590309e-168
1079          	-6.713216e-168
1080          	-4.699251e-168
1081          	-3.289476e-168
1082          	-2.302633e-168
1083          	-1.611843e-168
1084          	-1.128290e-168
1085          	-7.898032e-169
1086          	-5.528622e-169
1087          	-3.870036e-169
1088          	-2.709025e-169
1089          	-1.896317e-169
1090          	-1.327422e-169
1091          	-9.291955e-170
1092          	-6.504369e-170
1093          	-4.553058e-170
1094          	-3.187141e-170
1095          	-2.230998e-170
1096          	-1.561699e-170
1097          	-1.093189e-170
1098          	-7.652325e-171
1099          	-5.356627e-171
1100          	-3.749639e-171
1101          	-2.624747e-171
1102          	-1.837323e-171
1103          	-1.286126e-171
1104          	-9.002884e-172
1105          	-6.302019e-172
1106          	-4.411413e-172
1107          	-3.087989e-172
1108          	-2.161592e-172
1109          	-1.513115e-172
1110          	-1.059180e-172
1111          	-7.414262e-173
1112          	-5.189983e-173
1113          	-3.632988e-173
1114          	-2.543092e-173
1115          	-1.780164e-173
1116          	-1.246115e-173
1117          	-8.722805e-174
1118          	-6.105963e-174
1119          	-4.274174e-174
1120          	-2.991922e-174
1121          	-2.094345e-174
1122          	-1.466042e-174
1123          	-1.026229e-174
1124          	-7.183605e-175
1125          	-5.028523e-175
1126          	-3.519966e-175
1127          	-2.463976e-175
1128          	-1.724784e-175
1129          	-1.207348e-175
1130          	-8.451439e-176
1131          	-5.916008e-176
1132          	-4.141205e-176
1133          	-2.898844e-176
1134          	-2.029191e-176
1135          	-1.420433e-176
1136          	-9.943034e-177
1137          	-6.960124e-177
1138          	-4.872087e-177
1139          	-3.410461e-177
1140          	-2.387322e-177
1141          	-1.671126e-177
1142          	-1.169788e-177
1143          	-8.188516e-178
1144          	-5.731961e-178
1145          	-4.012373e-178
1146          	-2.808661e-178
1147          	-1.966063e-178
1148          	-1.376244e-178
1149          	-9.633707e-179
1150          	-6.743595e-179
1151          	-4.720516e-179
1152          	-3.304362e-179
1153          	-2.313053e-179
1154          	-1.619137e-179
1155          	-1.133396e-179
1156          	-7.933772e-180
1157          	-5.553640e-180
1158          	-3.887548e-180
1159          	-2.721284e-180
1160          	-1.904899e-180
1161          	-1.333429e-180
1162          	-9.334003e-181
1163          	-6.533802e-181
1164          	-4.573662e-181
1165          	-3.201563e-181
1166          	-2.241094e-181
1167          	-1.568766e-181
1168          	-1.098136e-181
1169          	-7.686953e-182
1170          	-5.380867e-182
1171          	-3.766607e-182
1172          	-2.636625e-182
1173          	-1.845637e-182
1174          	-1.291946e-182
1175          	-9.043624e-183
1176          	-6.330537e-183
1177          	-4.431376e-183
1178          	-3.101963e-183
1179          	-2.171374e-183
1180          	-1.519962e-183
1181          	-1.063973e-183
1182          	-7.447813e-184
1183          	-5.213469e-184
1184          	-3.649428e-184
1185          	-2.554600e-184
1186          	-1.788220e-184
1187          	-1.251754e-184
1188          	-8.762277e-185
1189          	-6.133594e-185
1190          	-4.293516e-185
1191          	-3.005461e-185
1192          	-2.103823e-185
1193          	-1.472676e-185
1194          	-1.030873e-185
1195          	-7.216112e-186
1196          	-5.051279e-186
1197          	-3.535895e-186
1198          	-2.475126e-186
1199          	-1.732589e-186
1200          	-1.212812e-186
1201          	-8.489684e-187
1202          	-5.942779e-187
1203          	-4.159945e-187
1204          	-2.911962e-187
1205          	-2.038373e-187
1206          	-1.426861e-187
1207          	-9.988028e-188
1208          	-6.991620e-188
1209          	-4.894134e-188
1210          	-3.425894e-188
1211          	-2.398126e-188
1212          	-1.678688e-188
1213          	-1.175082e-188
1214          	-8.225571e-189
1215          	-5.757899e-189
1216          	-4.030530e-189
1217          	-2.821371e-189
1218          	-1.974960e-189
1219          	-1.382472e-189
1220          	-9.677302e-190
1221          	-6.774111e-190
1222          	-4.741878e-190
1223          	-3.319314e-190
1224          	-2.323520e-190
1225          	-1.626464e-190
1226          	-1.138525e-190
1227          	-7.969674e-191
1228          	-5.578772e-191
1229          	-3.905140e-191
1230          	-2.733598e-191
1231          	-1.913519e-191
1232          	-1.339463e-191
1233          	-9.376242e-192
1234          	-6.563369e-192
1235          	-4.594358e-192
1236          	-3.216051e-192
1237          	-2.251236e-192
1238          	-1.575865e-192
1239          	-1.103105e-192
1240          	-7.721738e-193
1241          	-5.405217e-193
1242          	-3.783652e-193
1243          	-2.648556e-193
1244          	-1.853989e-193
1245          	-1.297793e-193
1246          	-9.084548e-194
1247          	-6.359184e-194
1248          	-4.451428e-194
1249          	-3.116000e-194
1250          	-2.181200e-194
1251          	-1.526840e-194
1252          	-1.068788e-194
1253          	-7.481516e-195
1254          	-5.237061e-195
1255          	-3.665943e-195
1256          	-2.566160e-195
1257          	-1.796312e-195
1258          	-1.257418e-195
1259          	-8.801929e-196
1260          	-6.161350e-196
1261          	-4.312945e-196
1262          	-3.019061e-196
1263          	-2.113343e-196
1264          	-1.479340e-196
1265          	-1.035538e-196
1266          	-7.248767e-197
1267          	-5.074137e-197
1268          	-3.551896e-197
1269          	-2.486327e-197
1270          	-1.740429e-197
1271          	-1.218300e-197
1272          	-8.528101e-198
1273          	-5.969671e-198
1274          	-4.178770e-198
1275          	-2.925139e-198
1276          	-2.047597e-198
1277          	-1.433318e-198
1278          	-1.003323e-198
1279          	-7.023258e-199
1280          	-4.916281e-199
1281          	-3.441397e-199
1282          	-2.408978e-199
1283          	-1.686284e-199
1284          	-1.180399e-199
1285          	-8.262793e-200
1286          	-5.783955e-200
1287          	-4.048769e-200
1288          	-2.834138e-200
1289          	-1.983897e-200
1290          	-1.388728e-200
1291          	-9.721093e-201
1292          	-6.804765e-201
1293          	-4.763336e-201
1294          	-3.334335e-201
1295          	-2.334035e-201
1296          	-1.633824e-201
1297          	-1.143677e-201
1298          	-8.005738e-202
1299          	-5.604017e-202
1300          	-3.922812e-202
1301          	-2.745968e-202
1302          	-1.922178e-202
1303          	-1.345524e-202
1304          	-9.418671e-203
1305          	-6.593070e-203
1306          	-4.615149e-203
1307          	-3.230604e-203
1308          	-2.261423e-203
1309          	-1.582996e-203
1310          	-1.108097e-203
1311          	-7.756681e-204
1312          	-5.429677e-204
1313          	-3.800774e-204
1314          	-2.660542e-204
1315          	-1.862379e-204
1316          	-1.303665e-204
1317          	-9.125657e-205
1318          	-6.387960e-205
1319          	-4.471572e-205
1320          	-3.130100e-205
1321          	-2.191070e-205
1322          	-1.533749e-205
1323          	-1.073624e-205
1324          	-7.515371e-206
1325          	-5.260760e-206
1326          	-3.682532e-206
1327          	-2.577772e-206
1328          	-1.804441e-206
1329          	-1.263108e-206
1330          	-8.841759e-207
1331          	-6.189231e-207
1332          	-4.332462e-207
1333          	-3.032723e-207
1334          	-2.122906e-207
1335          	-1.486034e-207
1336          	-1.040224e-207
1337          	-7.281569e-208
1338          	-5.097098e-208
1339          	-3.567969e-208
1340          	-2.497578e-208
1341          	-1.748305e-208
1342          	-1.223813e-208
1343          	-8.566693e-209
1344          	-5.996685e-209
1345          	-4.197680e-209
1346          	-2.938376e-209
1347          	-2.056863e-209
1348          	-1.439804e-209
1349          	-1.007863e-209
1350          	-7.055040e-210
1351          	-4.938528e-210
1352          	-3.456970e-210
1353          	-2.419879e-210
1354          	-1.693915e-210
1355          	-1.185741e-210
1356          	-8.300184e-211
1357          	-5.810129e-211
1358          	-4.067090e-211
1359          	-2.846963e-211
1360          	-1.992874e-211
1361          	-1.395012e-211
1362          	-9.765083e-212
1363          	-6.835558e-212
1364          	-4.784891e-212
1365          	-3.349424e-212
1366          	-2.344597e-212
1367          	-1.641218e-212
1368          	-1.148852e-212
1369          	-8.041966e-213
1370          	-5.629376e-213
1371          	-3.940563e-213
1372          	-2.758394e-213
1373          	-1.930876e-213
1374          	-1.351613e-213
1375          	-9.461293e-214
1376          	-6.622905e-214
1377          	-4.636033e-214
1378          	-3.245223e-214
1379          	-2.271656e-214
1380          	-1.590159e-214
1381          	-1.113112e-214
1382          	-7.791781e-215
1383          	-5.454247e-215
1384          	-3.817973e-215
1385          	-2.672581e-215
1386          	-1.870807e-215
1387          	-1.309565e-215
1388          	-9.166953e-216
1389          	-6.416867e-216
1390          	-4.491807e-216
1391          	-3.144265e-216
1392          	-2.200985e-216
1393          	-1.540690e-216
1394          	-1.078483e-216
1395          	-7.549380e-217
1396          	-5.284566e-217
1397          	-3.699196e-217
1398          	-2.589437e-217
1399          	-1.812606e-217
1400          	-1.268824e-217
1401          	-8.881770e-218
1402          	-6.217239e-218
1403          	-4.352067e-218
1404          	-3.046447e-218
1405          	-2.132513e-218
1406          	-1.492759e-218
1407          	-1.044931e-218
1408          	-7.314519e-219
1409          	-5.120164e-219
1410          	-3.584115e-219
1411          	-2.508880e-219
1412          	-1.756216e-219
1413          	-1.229351e-219
1414          	-8.605459e-220
1415          	-6.023821e-220
1416          	-4.216675e-220
1417          	-2.951672e-220
1418          	-2.066171e-220
1419          	-1.446319e-220
1420          	-1.012424e-220
1421          	-7.086966e-221
1422          	-4.960876e-221
1423          	-3.472613e-221
1424          	-2.430829e-221
1425          	-1.701580e-221
1426          	-1.191106e-221
1427          	-8.337744e-222
1428          	-5.836421e-222
1429          	-4.085495e-222
1430          	-2.859846e-222
1431          	-2.001892e-222
1432          	-1.401325e-222
1433          	-9.809273e-223
1434          	-6.866491e-223
1435          	-4.806544e-223
1436          	-3.364580e-223
1437          	-2.355206e-223
1438          	-1.648644e-223
1439          	-1.154051e-223
1440          	-8.078358e-224
1441          	-5.654850e-224
1442          	-3.958395e-224
1443          	-2.770877e-224
1444          	-1.939614e-224
1445          	-1.357730e-224
1446          	-9.504107e-225
1447          	-6.652875e-225
1448          	-4.657012e-225
1449          	-3.259909e-225
1450          	-2.281936e-225
1451          	-1.597355e-225
1452          	-1.118149e-225
1453          	-7.827041e-226
1454          	-5.478929e-226
1455          	-3.835250e-226
1456          	-2.684675e-226
1457          	-1.879273e-226
1458          	-1.315491e-226
1459          	-9.208435e-227
1460          	-6.445905e-227
1461          	-4.512133e-227
1462          	-3.158493e-227
1463          	-2.210945e-227
1464          	-1.547662e-227
1465          	-1.083363e-227
1466          	-7.583542e-228
1467          	-5.308480e-228
1468          	-3.715936e-228
1469          	-2.601155e-228
1470          	-1.820809e-228
1471          	-1.274566e-228
1472          	-8.921962e-229
1473          	-6.245373e-229
1474          	-4.371761e-229
1475          	-3.060233e-229
1476          	-2.142163e-229
1477          	-1.499514e-229
1478          	-1.049660e-229
1479          	-7.347619e-230
1480          	-5.143333e-230
1481          	-3.600333e-230
1482          	-2.520233e-230
1483          	-1.764163e-230
1484          	-1.234914e-230
1485          	-8.644401e-231
1486          	-6.051080e-231
1487          	-4.235756e-231
1488          	-2.965029e-231
1489          	-2.075521e-231
1490          	-1.452864e-231
1491          	-1.017005e-231
1492          	-7.119036e-232
1493          	-4.983325e-232
1494          	-3.488327e-232
1495          	-2.441829e-232
1496          	-1.709280e-232
1497          	-1.196496e-232
1498          	-8.375474e-233
1499          	-5.862832e-233
1500          	-4.103982e-233
1501          	-2.872788e-233
1502          	-2.010951e-233
1503          	-1.407666e-233
1504          	-9.853662e-234
1505          	-6.897563e-234
1506          	-4.828294e-234
1507          	-3.379806e-234
1508          	-2.365864e-234
1509          	-1.656105e-234
1510          	-1.159273e-234
1511          	-8.114914e-235
1512          	-5.680440e-235
1513          	-3.976308e-235
1514          	-2.783416e-235
1515          	-1.948391e-235
1516          	-1.363874e-235
1517          	-9.547115e-236
1518          	-6.682981e-236
1519          	-4.678086e-236
1520          	-3.274661e-236
1521          	-2.292262e-236
1522          	-1.604584e-236
1523          	-1.123209e-236
1524          	-7.862460e-237
1525          	-5.503722e-237
1526          	-3.852605e-237
1527          	-2.696824e-237
1528          	-1.887777e-237
1529          	-1.321444e-237
1530          	-9.250105e-238
1531          	-6.475074e-238
1532          	-4.532552e-238
1533          	-3.172786e-238
1534          	-2.220950e-238
1535          	-1.554665e-238
1536          	-1.088266e-238
1537          	-7.617860e-239
1538          	-5.332502e-239
1539          	-3.732751e-239
1540          	-2.612926e-239
1541          	-1.829048e-239
1542          	-1.280334e-239
1543          	-8.962336e-240
1544          	-6.273635e-240
1545          	-4.391544e-240
1546          	-3.074081e-240
1547          	-2.151857e-240
1548          	-1.506300e-240
1549          	-1.054410e-240
1550          	-7.380869e-241
1551          	-5.166608e-241
1552          	-3.616626e-241
1553          	-2.531638e-241
1554          	-1.772147e-241
1555          	-1.240503e-241
1556          	-8.683518e-242
1557          	-6.078463e-242
1558          	-4.254924e-242
1559          	-2.978447e-242
1560          	-2.084913e-242
1561          	-1.459439e-242
1562          	-1.021607e-242
1563          	-7.151251e-243
1564          	-5.005875e-243
1565          	-3.504113e-243
1566          	-2.452879e-243
1567          	-1.717015e-243
1568          	-1.201911e-243
1569          	-8.413375e-244
1570          	-5.889362e-244
1571          	-4.122554e-244
1572          	-2.885788e-244
1573          	-2.020051e-244
1574          	-1.414036e-244
1575          	-9.898251e-245
1576          	-6.928776e-245
1577          	-4.850143e-245
1578          	-3.395100e-245
1579          	-2.376570e-245
1580          	-1.663599e-245
1581          	-1.164519e-245
1582          	-8.151636e-246
1583          	-5.706145e-246
1584          	-3.994302e-246
1585          	-2.796011e-246
1586          	-1.957208e-246
1587          	-1.370045e-246
1588          	-9.590318e-247
1589          	-6.713223e-247
1590          	-4.699256e-247
1591          	-3.289479e-247
1592          	-2.302635e-247
1593          	-1.611845e-247
1594          	-1.128291e-247
1595          	-7.898039e-248
1596          	-5.528627e-248
1597          	-3.870039e-248
1598          	-2.709027e-248
1599          	-1.896319e-248
1600          	-1.327423e-248
1601          	-9.291964e-249
1602          	-6.504375e-249
1603          	-4.553062e-249
1604          	-3.187144e-249
1605          	-2.231001e-249
1606          	-1.561700e-249
1607          	-1.093190e-249
1608          	-7.652332e-250
1609          	-5.356632e-250
1610          	-3.749643e-250
1611          	-2.624750e-250
1612          	-1.837325e-250
1613          	-1.286127e-250
1614          	-9.002892e-251
1615          	-6.302024e-251
1616          	-4.411417e-251
1617          	-3.087992e-251
1618          	-2.161594e-251
1619          	-1.513116e-251
1620          	-1.059181e-251
1621          	-7.414269e-252
1622          	-5.189988e-252
1623          	-3.632992e-252
1624          	-2.543094e-252
1625          	-1.780166e-252
1626          	-1.246116e-252
1627          	-8.722813e-253
1628          	-6.105969e-253
1629          	-4.274178e-253
1630          	-2.991925e-253
1631          	-2.094347e-253
1632          	-1.466043e-253
1633          	-1.026230e-253
1634          	-7.183612e-254
1635          	-5.028528e-254
1636          	-3.519970e-254
1637          	-2.463979e-254
1638          	-1.724785e-254
1639          	-1.207350e-254
1640          	-8.451447e-255
1641          	-5.916013e-255
1642          	-4.141209e-255
1643          	-2.898846e-255
1644          	-2.029192e-255
1645          	-1.420435e-255
1646          	-9.943043e-256
1647          	-6.960130e-256
1648          	-4.872091e-256
1649          	-3.410464e-256
1650          	-2.387325e-256
1651          	-1.671127e-256
1652          	-1.169789e-256
1653          	-8.188524e-257
1654          	-5.731967e-257
1655          	-4.012377e-257
1656          	-2.808664e-257
1657          	-1.966065e-257
1658          	-1.376245e-257
1659          	-9.633716e-258
1660          	-6.743601e-258
1661          	-4.720521e-258
1662          	-3.304365e-258
1663          	-2.313055e-258
1664          	-1.619139e-258
1665          	-1.133397e-258
1666          	-7.933779e-259
1667          	-5.553646e-259
1668          	-3.887552e-259
1669          	-2.721286e-259
1670          	-1.904900e-259
1671          	-1.333430e-259
1672          	-9.334012e-260
1673          	-6.533809e-260
1674          	-4.573666e-260
1675          	-3.201566e-260
1676          	-2.241096e-260
1677          	-1.568767e-260
1678          	-1.098137e-260
1679          	-7.686960e-261
1680          	-5.380872e-261
1681          	-3.766611e-261
1682          	-2.636627e-261
1683          	-1.845639e-261
1684          	-1.291947e-261
1685          	-9.043632e-262
1686          	-6.330542e-262
1687          	-4.431380e-262
1688          	-3.101966e-262
1689          	-2.171376e-262
1690          	-1.519963e-262
1691          	-1.063974e-262
1692          	-7.447820e-263
1693          	-5.213474e-263
1694          	-3.649432e-263
1695          	-2.554602e-263
1696          	-1.788222e-263
1697          	-1.251755e-263
1698          	-8.762286e-264
1699          	-6.133600e-264
1700          	-4.293520e-264
1701          	-3.005464e-264
1702          	-2.103825e-264
1703          	-1.472677e-264
1704          	-1.030874e-264
1705          	-7.216119e-265
1706          	-5.051283e-265
1707          	-3.535898e-265
1708          	-2.475129e-265
1709          	-1.732590e-265
1710          	-1.212813e-265
1711          	-8.489692e-266
1712          	-5.942784e-266
1713          	-4.159949e-266
1714          	-2.911964e-266
1715          	-2.038375e-266
1716          	-1.426863e-266
1717          	-9.988038e-267
1718          	-6.991626e-267
1719          	-4.894138e-267
1720          	-3.425897e-267
1721          	-2.398128e-267
1722          	-1.678689e-267
1723          	-1.175083e-267
1724          	-8.225578e-268
1725          	-5.757905e-268
1726          	-4.030533e-268
1727          	-2.821373e-268
1728          	-1.974961e-268
1729          	-1.382473e-268
1730          	-9.677311e-269
1731          	-6.774118e-269
1732          	-4.741882e-269
1733          	-3.319318e-269
1734          	-2.323522e-269
1735          	-1.626466e-269
1736          	-1.138526e-269
1737          	-7.969682e-270
1738          	-5.578777e-270
1739          	-3.905144e-270
1740          	-2.733601e-270
1741          	-1.913521e-270
1742          	-1.339464e-270
1743          	-9.376251e-271
1744          	-6.563375e-271
1745          	-4.594363e-271
1746          	-3.216054e-271
1747          	-2.251238e-271
1748          	-1.575866e-271
1749          	-1.103107e-271
1750          	-7.721746e-272
1751          	-5.405222e-272
1752          	-3.783655e-272
1753          	-2.648559e-272
1754          	-1.853991e-272
1755          	-1.297794e-272
1756          	-9.084556e-273
1757          	-6.359189e-273
1758          	-4.451433e-273
1759          	-3.116003e-273
1760          	-2.181202e-273
1761          	-1.526841e-273
1762          	-1.068789e-273
1763          	-7.481523e-274
1764          	-5.237066e-274
1765          	-3.665946e-274
1766          	-2.566162e-274
1767          	-1.796314e-274
1768          	-1.257420e-274
1769          	-8.801937e-275
1770          	-6.161356e-275
1771          	-4.312949e-275
1772          	-3.019064e-275
1773          	-2.113345e-275
1774          	-1.479342e-275
1775          	-1.035539e-275
1776          	-7.248773e-276
1777          	-5.074141e-276
1778          	-3.551899e-276
1779          	-2.486329e-276
1780          	-1.740431e-276
1781          	-1.218301e-276
1782          	-8.528109e-277
1783          	-5.969677e-277
1784          	-4.178774e-277
1785          	-2.925142e-277
1786          	-2.047599e-277
1787          	-1.433319e-277
1788          	-1.003324e-277
1789          	-7.023265e-278
1790          	-4.916285e-278
1791          	-3.441400e-278
1792          	-2.408980e-278
1793          	-1.686286e-278
1794          	-1.180400e-278
1795          	-8.262801e-279
1796          	-5.783961e-279
1797          	-4.048772e-279
1798          	-2.834141e-279
1799          	-1.983898e-279
1800          	-1.388729e-279
1801          	-9.721103e-280
1802          	-6.804772e-280
1803          	-4.763340e-280
1804          	-3.334338e-280
1805          	-2.334037e-280
1806          	-1.633826e-280
1807          	-1.143678e-280
1808          	-8.005746e-281
1809          	-5.604022e-281
1810          	-3.922816e-281
1811          	-2.745971e-281
1812          	-1.922180e-281
1813          	-1.345526e-281
1814          	-9.418680e-282
1815          	-6.593076e-282
1816          	-4.615153e-282
1817          	-3.230607e-282
1818          	-2.261425e-282
1819          	-1.582998e-282
1820          	-1.108098e-282
1821          	-7.756688e-283
1822          	-5.429682e-283
1823          	-3.800777e-283
1824          	-2.660544e-283
1825          	-1.862381e-283
1826          	-1.303667e-283
1827          	-9.125666e-284
1828          	-6.387966e-284
1829          	-4.471576e-284
1830          	-3.130103e-284
1831          	-2.191072e-284
1832          	-1.533751e-284
1833          	-1.073625e-284
1834          	-7.515378e-285
1835          	-5.260765e-285
1836          	-3.682535e-285
1837          	-2.577775e-285
1838          	-1.804442e-285
1839          	-1.263110e-285
1840          	-8.841767e-286
1841          	-6.189237e-286
1842          	-4.332466e-286
1843          	-3.032726e-286
1844          	-2.122908e-286
1845          	-1.486036e-286
1846          	-1.040225e-286
1847          	-7.281576e-287
1848          	-5.097103e-287
1849          	-3.567972e-287
1850          	-2.497580e-287
1851          	-1.748306e-287
1852          	-1.223814e-287
1853          	-8.566701e-288
1854          	-5.996691e-288
1855          	-4.197683e-288
1856          	-2.938378e-288
1857          	-2.056865e-288
1858          	-1.439805e-288
1859          	-1.007864e-288
1860          	-7.055047e-289
1861          	-4.938533e-289
1862          	-3.456973e-289
1863          	-2.419881e-289
1864          	-1.693917e-289
1865          	-1.185742e-289
1866          	-8.300192e-290
1867          	-5.810134e-290
1868          	-4.067094e-290
1869          	-2.846966e-290
1870          	-1.992876e-290
1871          	-1.395013e-290
1872          	-9.765093e-291
1873          	-6.835565e-291
1874          	-4.784895e-291
1875          	-3.349427e-291
1876          	-2.344599e-291
1877          	-1.641219e-291
1878          	-1.148853e-291
1879          	-8.041974e-292
1880          	-5.629382e-292
1881          	-3.940567e-292
1882          	-2.758397e-292
1883          	-1.930878e-292
1884          	-1.351615e-292
1885          	-9.461302e-293
1886          	-6.622911e-293
1887          	-4.636038e-293
1888          	-3.245226e-293
1889          	-2.271659e-293
1890          	-1.590161e-293
1891          	-1.113113e-293
1892          	-7.791789e-294
1893          	-5.454252e-294
