# Region type : patch out
# Faces  :    64
# Area   :    1.250000e-07
# Time        	areaAverage(p)
0             	0.000000e+00
1             	0.000000e+00
2             	0.000000e+00
3             	0.000000e+00
4             	0.000000e+00
5             	-5.694774e-02
6             	-5.541928e-02
7             	-4.589078e-02
8             	-3.717990e-02
9             	-2.940926e-02
10            	-2.108914e-02
11            	-1.476240e-02
12            	-1.033368e-02
13            	-7.233575e-03
14            	-5.063503e-03
15            	-3.544452e-03
16            	-2.481116e-03
17            	-1.736781e-03
18            	-1.215747e-03
19            	-8.510229e-04
20            	-5.957160e-04
21            	-4.170012e-04
22            	-2.919009e-04
23            	-2.043306e-04
24            	-1.430314e-04
25            	-1.001220e-04
26            	-7.008540e-05
27            	-4.905978e-05
28            	-3.434184e-05
29            	-2.403929e-05
30            	-1.682750e-05
31            	-1.177925e-05
32            	-8.245477e-06
33            	-5.771834e-06
34            	-4.040284e-06
35            	-2.828198e-06
36            	-1.979739e-06
37            	-1.385817e-06
38            	-9.700721e-07
39            	-6.790505e-07
40            	-4.753353e-07
41            	-3.327347e-07
42            	-2.329143e-07
43            	-1.630400e-07
44            	-1.141280e-07
45            	-7.988961e-08
46            	-5.592273e-08
47            	-3.914591e-08
48            	-2.740214e-08
49            	-1.918149e-08
50            	-1.342705e-08
51            	-9.398932e-09
52            	-6.579253e-09
53            	-4.605477e-09
54            	-3.223834e-09
55            	-2.256684e-09
56            	-1.579679e-09
57            	-1.105775e-09
58            	-7.740425e-10
59            	-5.418298e-10
60            	-3.792808e-10
61            	-2.654966e-10
62            	-1.858476e-10
63            	-1.300933e-10
64            	-9.106533e-11
65            	-6.374573e-11
66            	-4.462201e-11
67            	-3.123541e-11
68            	-2.186478e-11
69            	-1.530535e-11
70            	-1.071374e-11
71            	-7.499621e-12
72            	-5.249735e-12
73            	-3.674814e-12
74            	-2.572370e-12
75            	-1.800659e-12
76            	-1.260461e-12
77            	-8.823229e-13
78            	-6.176261e-13
79            	-4.323382e-13
80            	-3.026368e-13
81            	-2.118457e-13
82            	-1.482920e-13
83            	-1.038044e-13
84            	-7.266309e-14
85            	-5.086416e-14
86            	-3.560491e-14
87            	-2.492344e-14
88            	-1.744641e-14
89            	-1.221249e-14
90            	-8.548740e-15
91            	-5.984118e-15
92            	-4.188882e-15
93            	-2.932218e-15
94            	-2.052552e-15
95            	-1.436787e-15
96            	-1.005751e-15
97            	-7.040255e-16
98            	-4.928178e-16
99            	-3.449725e-16
100           	-2.414807e-16
101           	-1.690365e-16
102           	-1.183256e-16
103           	-8.282789e-17
104           	-5.797952e-17
105           	-4.058567e-17
106           	-2.840997e-17
107           	-1.988698e-17
108           	-1.392088e-17
109           	-9.744619e-18
110           	-6.821233e-18
111           	-4.774863e-18
112           	-3.342404e-18
113           	-2.339683e-18
114           	-1.637778e-18
115           	-1.146445e-18
116           	-8.025112e-19
117           	-5.617579e-19
118           	-3.932305e-19
119           	-2.752614e-19
120           	-1.926830e-19
121           	-1.348781e-19
122           	-9.441465e-20
123           	-6.609025e-20
124           	-4.626318e-20
125           	-3.238422e-20
126           	-2.266896e-20
127           	-1.586827e-20
128           	-1.110779e-20
129           	-7.775452e-21
130           	-5.442816e-21
131           	-3.809972e-21
132           	-2.666980e-21
133           	-1.866886e-21
134           	-1.306820e-21
135           	-9.147742e-22
136           	-6.403419e-22
137           	-4.482393e-22
138           	-3.137675e-22
139           	-2.196373e-22
140           	-1.537461e-22
141           	-1.076223e-22
142           	-7.533559e-23
143           	-5.273491e-23
144           	-3.691444e-23
145           	-2.584011e-23
146           	-1.808807e-23
147           	-1.266165e-23
148           	-8.863156e-24
149           	-6.204209e-24
150           	-4.342947e-24
151           	-3.040063e-24
152           	-2.128044e-24
153           	-1.489631e-24
154           	-1.042741e-24
155           	-7.299190e-25
156           	-5.109433e-25
157           	-3.576603e-25
158           	-2.503622e-25
159           	-1.752536e-25
160           	-1.226775e-25
161           	-8.587424e-26
162           	-6.011197e-26
163           	-4.207838e-26
164           	-2.945487e-26
165           	-2.061841e-26
166           	-1.443288e-26
167           	-1.010302e-26
168           	-7.072113e-27
169           	-4.950479e-27
170           	-3.465336e-27
171           	-2.425735e-27
172           	-1.698014e-27
173           	-1.188610e-27
174           	-8.320271e-28
175           	-5.824189e-28
176           	-4.076933e-28
177           	-2.853853e-28
178           	-1.997697e-28
179           	-1.398388e-28
180           	-9.788715e-29
181           	-6.852101e-29
182           	-4.796470e-29
183           	-3.357529e-29
184           	-2.350270e-29
185           	-1.645189e-29
186           	-1.151633e-29
187           	-8.061428e-30
188           	-5.642999e-30
189           	-3.950100e-30
190           	-2.765070e-30
191           	-1.935549e-30
192           	-1.354884e-30
193           	-9.484189e-31
194           	-6.638932e-31
195           	-4.647253e-31
196           	-3.253077e-31
197           	-2.277154e-31
198           	-1.594008e-31
199           	-1.115805e-31
200           	-7.810638e-32
201           	-5.467446e-32
202           	-3.827212e-32
203           	-2.679049e-32
204           	-1.875334e-32
205           	-1.312734e-32
206           	-9.189137e-33
207           	-6.432396e-33
208           	-4.502677e-33
209           	-3.151874e-33
210           	-2.206312e-33
211           	-1.544418e-33
212           	-1.081093e-33
213           	-7.567650e-34
214           	-5.297355e-34
215           	-3.708148e-34
216           	-2.595704e-34
217           	-1.816993e-34
218           	-1.271895e-34
219           	-8.903264e-35
220           	-6.232285e-35
221           	-4.362599e-35
222           	-3.053820e-35
223           	-2.137674e-35
224           	-1.496372e-35
225           	-1.047460e-35
226           	-7.332221e-36
227           	-5.132555e-36
228           	-3.592788e-36
229           	-2.514952e-36
230           	-1.760466e-36
231           	-1.232326e-36
232           	-8.626284e-37
233           	-6.038399e-37
234           	-4.226879e-37
235           	-2.958816e-37
236           	-2.071171e-37
237           	-1.449820e-37
238           	-1.014874e-37
239           	-7.104116e-38
240           	-4.972881e-38
241           	-3.481017e-38
242           	-2.436712e-38
243           	-1.705698e-38
244           	-1.193989e-38
245           	-8.357922e-39
246           	-5.850545e-39
247           	-4.095382e-39
248           	-2.866767e-39
249           	-2.006737e-39
250           	-1.404716e-39
251           	-9.833011e-40
252           	-6.883108e-40
253           	-4.818175e-40
254           	-3.372723e-40
255           	-2.360906e-40
256           	-1.652634e-40
257           	-1.156844e-40
258           	-8.097907e-41
259           	-5.668535e-41
260           	-3.967975e-41
261           	-2.777582e-41
262           	-1.944308e-41
263           	-1.361015e-41
264           	-9.527107e-42
265           	-6.668975e-42
266           	-4.668283e-42
267           	-3.267798e-42
268           	-2.287458e-42
269           	-1.601221e-42
270           	-1.120855e-42
271           	-7.845982e-43
272           	-5.492188e-43
273           	-3.844531e-43
274           	-2.691172e-43
275           	-1.883820e-43
276           	-1.318674e-43
277           	-9.230720e-44
278           	-6.461504e-44
279           	-4.523053e-44
280           	-3.166137e-44
281           	-2.216296e-44
282           	-1.551407e-44
283           	-1.085985e-44
284           	-7.601895e-45
285           	-5.321326e-45
286           	-3.724928e-45
287           	-2.607450e-45
288           	-1.825215e-45
289           	-1.277650e-45
290           	-8.943553e-46
291           	-6.260487e-46
292           	-4.382341e-46
293           	-3.067639e-46
294           	-2.147347e-46
295           	-1.503143e-46
296           	-1.052200e-46
297           	-7.365401e-47
298           	-5.155780e-47
299           	-3.609046e-47
300           	-2.526332e-47
301           	-1.768433e-47
302           	-1.237903e-47
303           	-8.665320e-48
304           	-6.065724e-48
305           	-4.246007e-48
306           	-2.972205e-48
307           	-2.080543e-48
308           	-1.456380e-48
309           	-1.019466e-48
310           	-7.136264e-49
311           	-4.995385e-49
312           	-3.496769e-49
313           	-2.447738e-49
314           	-1.713417e-49
315           	-1.199392e-49
316           	-8.395743e-50
317           	-5.877020e-50
318           	-4.113914e-50
319           	-2.879740e-50
320           	-2.015818e-50
321           	-1.411073e-50
322           	-9.877508e-51
323           	-6.914255e-51
324           	-4.839979e-51
325           	-3.387985e-51
326           	-2.371590e-51
327           	-1.660113e-51
328           	-1.162079e-51
329           	-8.134552e-52
330           	-5.694187e-52
331           	-3.985931e-52
332           	-2.790151e-52
333           	-1.953106e-52
334           	-1.367174e-52
335           	-9.570219e-53
336           	-6.699154e-53
337           	-4.689407e-53
338           	-3.282585e-53
339           	-2.297810e-53
340           	-1.608467e-53
341           	-1.125927e-53
342           	-7.881487e-54
343           	-5.517041e-54
344           	-3.861929e-54
345           	-2.703350e-54
346           	-1.892345e-54
347           	-1.324642e-54
348           	-9.272491e-55
349           	-6.490744e-55
350           	-4.543520e-55
351           	-3.180464e-55
352           	-2.226325e-55
353           	-1.558428e-55
354           	-1.090899e-55
355           	-7.636295e-56
356           	-5.345406e-56
357           	-3.741784e-56
358           	-2.619249e-56
359           	-1.833474e-56
360           	-1.283432e-56
361           	-8.984025e-57
362           	-6.288817e-57
363           	-4.402172e-57
364           	-3.081520e-57
365           	-2.157064e-57
366           	-1.509945e-57
367           	-1.056962e-57
368           	-7.398731e-58
369           	-5.179111e-58
370           	-3.625378e-58
371           	-2.537765e-58
372           	-1.776435e-58
373           	-1.243505e-58
374           	-8.704533e-59
375           	-6.093173e-59
376           	-4.265221e-59
377           	-2.985655e-59
378           	-2.089958e-59
379           	-1.462971e-59
380           	-1.024080e-59
381           	-7.168557e-60
382           	-5.017990e-60
383           	-3.512593e-60
384           	-2.458815e-60
385           	-1.721170e-60
386           	-1.204819e-60
387           	-8.433735e-61
388           	-5.903615e-61
389           	-4.132530e-61
390           	-2.892771e-61
391           	-2.024940e-61
392           	-1.417458e-61
393           	-9.922205e-62
394           	-6.945544e-62
395           	-4.861881e-62
396           	-3.403316e-62
397           	-2.382322e-62
398           	-1.667625e-62
399           	-1.167338e-62
400           	-8.171363e-63
401           	-5.719954e-63
402           	-4.003968e-63
403           	-2.802777e-63
404           	-1.961944e-63
405           	-1.373361e-63
406           	-9.613527e-64
407           	-6.729469e-64
408           	-4.710628e-64
409           	-3.297440e-64
410           	-2.308208e-64
411           	-1.615745e-64
412           	-1.131022e-64
413           	-7.917153e-65
414           	-5.542007e-65
415           	-3.879405e-65
416           	-2.715583e-65
417           	-1.900908e-65
418           	-1.330636e-65
419           	-9.314451e-66
420           	-6.520116e-66
421           	-4.564081e-66
422           	-3.194857e-66
423           	-2.236400e-66
424           	-1.565480e-66
425           	-1.095836e-66
426           	-7.670851e-67
427           	-5.369596e-67
428           	-3.758717e-67
429           	-2.631102e-67
430           	-1.841771e-67
431           	-1.289240e-67
432           	-9.024679e-68
433           	-6.317275e-68
434           	-4.422093e-68
435           	-3.095465e-68
436           	-2.166825e-68
437           	-1.516778e-68
438           	-1.061744e-68
439           	-7.432211e-69
440           	-5.202548e-69
441           	-3.641784e-69
442           	-2.549249e-69
443           	-1.784474e-69
444           	-1.249132e-69
445           	-8.743922e-70
446           	-6.120746e-70
447           	-4.284522e-70
448           	-2.999165e-70
449           	-2.099416e-70
450           	-1.469591e-70
451           	-1.028714e-70
452           	-7.200996e-71
453           	-5.040697e-71
454           	-3.528488e-71
455           	-2.469942e-71
456           	-1.728959e-71
457           	-1.210271e-71
458           	-8.471900e-72
459           	-5.930330e-72
460           	-4.151231e-72
461           	-2.905862e-72
462           	-2.034103e-72
463           	-1.423872e-72
464           	-9.967105e-73
465           	-6.976974e-73
466           	-4.883882e-73
467           	-3.418717e-73
468           	-2.393102e-73
469           	-1.675171e-73
470           	-1.172620e-73
471           	-8.208340e-74
472           	-5.745838e-74
473           	-4.022087e-74
474           	-2.815461e-74
475           	-1.970822e-74
476           	-1.379576e-74
477           	-9.657030e-75
478           	-6.759921e-75
479           	-4.731945e-75
480           	-3.312361e-75
481           	-2.318653e-75
482           	-1.623057e-75
483           	-1.136140e-75
484           	-7.952979e-76
485           	-5.567086e-76
486           	-3.896960e-76
487           	-2.727872e-76
488           	-1.909510e-76
489           	-1.336657e-76
490           	-9.356601e-77
491           	-6.549620e-77
492           	-4.584734e-77
493           	-3.209314e-77
494           	-2.246520e-77
495           	-1.572564e-77
496           	-1.100795e-77
497           	-7.705563e-78
498           	-5.393894e-78
499           	-3.775726e-78
500           	-2.643008e-78
501           	-1.850106e-78
502           	-1.295074e-78
503           	-9.065518e-79
504           	-6.345862e-79
505           	-4.442104e-79
506           	-3.109473e-79
507           	-2.176631e-79
508           	-1.523642e-79
509           	-1.066549e-79
510           	-7.465844e-80
511           	-5.226091e-80
512           	-3.658263e-80
513           	-2.560784e-80
514           	-1.792549e-80
515           	-1.254784e-80
516           	-8.783490e-81
517           	-6.148443e-81
518           	-4.303910e-81
519           	-3.012737e-81
520           	-2.108916e-81
521           	-1.476241e-81
522           	-1.033369e-81
523           	-7.233582e-82
524           	-5.063507e-82
525           	-3.544455e-82
526           	-2.481119e-82
527           	-1.736783e-82
528           	-1.215748e-82
529           	-8.510237e-83
530           	-5.957166e-83
531           	-4.170016e-83
532           	-2.919011e-83
533           	-2.043308e-83
534           	-1.430316e-83
535           	-1.001221e-83
536           	-7.008546e-84
537           	-4.905982e-84
538           	-3.434188e-84
539           	-2.403931e-84
540           	-1.682752e-84
541           	-1.177926e-84
542           	-8.245484e-85
543           	-5.771839e-85
544           	-4.040287e-85
545           	-2.828201e-85
546           	-1.979741e-85
547           	-1.385819e-85
548           	-9.700730e-86
549           	-6.790511e-86
550           	-4.753358e-86
551           	-3.327350e-86
552           	-2.329145e-86
553           	-1.630402e-86
554           	-1.141281e-86
555           	-7.988968e-87
556           	-5.592278e-87
557           	-3.914594e-87
558           	-2.740216e-87
559           	-1.918151e-87
560           	-1.342706e-87
561           	-9.398941e-88
562           	-6.579259e-88
563           	-4.605481e-88
564           	-3.223837e-88
565           	-2.256686e-88
566           	-1.579680e-88
567           	-1.105776e-88
568           	-7.740432e-89
569           	-5.418303e-89
570           	-3.792812e-89
571           	-2.654968e-89
572           	-1.858478e-89
573           	-1.300934e-89
574           	-9.106541e-90
575           	-6.374579e-90
576           	-4.462205e-90
577           	-3.123544e-90
578           	-2.186481e-90
579           	-1.530536e-90
580           	-1.071375e-90
581           	-7.499628e-91
582           	-5.249740e-91
583           	-3.674818e-91
584           	-2.572372e-91
585           	-1.800661e-91
586           	-1.260463e-91
587           	-8.823238e-92
588           	-6.176266e-92
589           	-4.323386e-92
590           	-3.026370e-92
591           	-2.118459e-92
592           	-1.482922e-92
593           	-1.038045e-92
594           	-7.266316e-93
595           	-5.086421e-93
596           	-3.560495e-93
597           	-2.492346e-93
598           	-1.744642e-93
599           	-1.221250e-93
600           	-8.548748e-94
601           	-5.984123e-94
602           	-4.188886e-94
603           	-2.932220e-94
604           	-2.052554e-94
605           	-1.436788e-94
606           	-1.005752e-94
607           	-7.040261e-95
608           	-4.928183e-95
609           	-3.449728e-95
610           	-2.414810e-95
611           	-1.690367e-95
612           	-1.183257e-95
613           	-8.282797e-96
614           	-5.797958e-96
615           	-4.058571e-96
616           	-2.840999e-96
617           	-1.988700e-96
618           	-1.392090e-96
619           	-9.744628e-97
620           	-6.821239e-97
621           	-4.774868e-97
622           	-3.342407e-97
623           	-2.339685e-97
624           	-1.637780e-97
625           	-1.146446e-97
626           	-8.025120e-98
627           	-5.617584e-98
628           	-3.932309e-98
629           	-2.752616e-98
630           	-1.926831e-98
631           	-1.348782e-98
632           	-9.441473e-99
633           	-6.609031e-99
634           	-4.626322e-99
635           	-3.238425e-99
636           	-2.266898e-99
637           	-1.586828e-99
638           	-1.110780e-99
639           	-7.775459e-100
640           	-5.442822e-100
641           	-3.809975e-100
642           	-2.666983e-100
643           	-1.866888e-100
644           	-1.306821e-100
645           	-9.147750e-101
646           	-6.403425e-101
647           	-4.482398e-101
648           	-3.137678e-101
649           	-2.196375e-101
650           	-1.537462e-101
651           	-1.076224e-101
652           	-7.533566e-102
653           	-5.273496e-102
654           	-3.691447e-102
655           	-2.584013e-102
656           	-1.808809e-102
657           	-1.266166e-102
658           	-8.863165e-103
659           	-6.204215e-103
660           	-4.342951e-103
661           	-3.040065e-103
662           	-2.128046e-103
663           	-1.489632e-103
664           	-1.042742e-103
665           	-7.299197e-104
666           	-5.109438e-104
667           	-3.576607e-104
668           	-2.503625e-104
669           	-1.752537e-104
670           	-1.226776e-104
671           	-8.587432e-105
672           	-6.011203e-105
673           	-4.207842e-105
674           	-2.945489e-105
675           	-2.061843e-105
676           	-1.443290e-105
677           	-1.010303e-105
678           	-7.072120e-106
679           	-4.950484e-106
680           	-3.465339e-106
681           	-2.425737e-106
682           	-1.698016e-106
683           	-1.188611e-106
684           	-8.320278e-107
685           	-5.824195e-107
686           	-4.076936e-107
687           	-2.853855e-107
688           	-1.997699e-107
689           	-1.398389e-107
690           	-9.788724e-108
691           	-6.852107e-108
692           	-4.796475e-108
693           	-3.357532e-108
694           	-2.350273e-108
695           	-1.645191e-108
696           	-1.151634e-108
697           	-8.061435e-109
698           	-5.643005e-109
699           	-3.950103e-109
700           	-2.765072e-109
701           	-1.935551e-109
702           	-1.354885e-109
703           	-9.484198e-110
704           	-6.638939e-110
705           	-4.647257e-110
706           	-3.253080e-110
707           	-2.277156e-110
708           	-1.594009e-110
709           	-1.115806e-110
710           	-7.810645e-111
711           	-5.467451e-111
712           	-3.827216e-111
713           	-2.679051e-111
714           	-1.875336e-111
715           	-1.312735e-111
716           	-9.189146e-112
717           	-6.432402e-112
718           	-4.502681e-112
719           	-3.151877e-112
720           	-2.206314e-112
721           	-1.544420e-112
722           	-1.081094e-112
723           	-7.567657e-113
724           	-5.297360e-113
725           	-3.708152e-113
726           	-2.595706e-113
727           	-1.816994e-113
728           	-1.271896e-113
729           	-8.903272e-114
730           	-6.232291e-114
731           	-4.362603e-114
732           	-3.053822e-114
733           	-2.137676e-114
734           	-1.496373e-114
735           	-1.047461e-114
736           	-7.332228e-115
737           	-5.132559e-115
738           	-3.592792e-115
739           	-2.514954e-115
740           	-1.760468e-115
741           	-1.232327e-115
742           	-8.626292e-116
743           	-6.038405e-116
744           	-4.226883e-116
745           	-2.958818e-116
746           	-2.071173e-116
747           	-1.449821e-116
748           	-1.014875e-116
749           	-7.104123e-117
750           	-4.972886e-117
751           	-3.481020e-117
752           	-2.436714e-117
753           	-1.705700e-117
754           	-1.193990e-117
755           	-8.357929e-118
756           	-5.850551e-118
757           	-4.095385e-118
758           	-2.866770e-118
759           	-2.006739e-118
760           	-1.404717e-118
761           	-9.833020e-119
762           	-6.883114e-119
763           	-4.818180e-119
764           	-3.372726e-119
765           	-2.360908e-119
766           	-1.652636e-119
767           	-1.156845e-119
768           	-8.097915e-120
769           	-5.668541e-120
770           	-3.967978e-120
771           	-2.777585e-120
772           	-1.944309e-120
773           	-1.361017e-120
774           	-9.527116e-121
775           	-6.668981e-121
776           	-4.668287e-121
777           	-3.267801e-121
778           	-2.287461e-121
779           	-1.601222e-121
780           	-1.120856e-121
781           	-7.845990e-122
782           	-5.492193e-122
783           	-3.844535e-122
784           	-2.691174e-122
785           	-1.883822e-122
786           	-1.318676e-122
787           	-9.230729e-123
788           	-6.461510e-123
789           	-4.523057e-123
790           	-3.166140e-123
791           	-2.216298e-123
792           	-1.551409e-123
793           	-1.085986e-123
794           	-7.601902e-124
795           	-5.321331e-124
796           	-3.724932e-124
797           	-2.607452e-124
798           	-1.825217e-124
799           	-1.277652e-124
800           	-8.943562e-125
801           	-6.260493e-125
802           	-4.382345e-125
803           	-3.067642e-125
804           	-2.147349e-125
805           	-1.503144e-125
806           	-1.052201e-125
807           	-7.365407e-126
808           	-5.155785e-126
809           	-3.609050e-126
810           	-2.526335e-126
811           	-1.768434e-126
812           	-1.237904e-126
813           	-8.665328e-127
814           	-6.065730e-127
815           	-4.246011e-127
816           	-2.972208e-127
817           	-2.080545e-127
818           	-1.456382e-127
819           	-1.019467e-127
820           	-7.136270e-128
821           	-4.995389e-128
822           	-3.496773e-128
823           	-2.447741e-128
824           	-1.713419e-128
825           	-1.199393e-128
826           	-8.395751e-129
827           	-5.877026e-129
828           	-4.113918e-129
829           	-2.879743e-129
830           	-2.015820e-129
831           	-1.411074e-129
832           	-9.877517e-130
833           	-6.914262e-130
834           	-4.839983e-130
835           	-3.387988e-130
836           	-2.371592e-130
837           	-1.660114e-130
838           	-1.162080e-130
839           	-8.134560e-131
840           	-5.694192e-131
841           	-3.985934e-131
842           	-2.790154e-131
843           	-1.953108e-131
844           	-1.367175e-131
845           	-9.570228e-132
846           	-6.699160e-132
847           	-4.689412e-132
848           	-3.282588e-132
849           	-2.297812e-132
850           	-1.608468e-132
851           	-1.125928e-132
852           	-7.881495e-133
853           	-5.517046e-133
854           	-3.861932e-133
855           	-2.703353e-133
856           	-1.892347e-133
857           	-1.324643e-133
858           	-9.272500e-134
859           	-6.490750e-134
860           	-4.543525e-134
861           	-3.180467e-134
862           	-2.226327e-134
863           	-1.558429e-134
864           	-1.090900e-134
865           	-7.636302e-135
866           	-5.345411e-135
867           	-3.741788e-135
868           	-2.619252e-135
869           	-1.833476e-135
870           	-1.283433e-135
871           	-8.984033e-136
872           	-6.288823e-136
873           	-4.402176e-136
874           	-3.081523e-136
875           	-2.157066e-136
876           	-1.509946e-136
877           	-1.056962e-136
878           	-7.398737e-137
879           	-5.179116e-137
880           	-3.625381e-137
881           	-2.537767e-137
882           	-1.776437e-137
883           	-1.243506e-137
884           	-8.704541e-138
885           	-6.093178e-138
886           	-4.265225e-138
887           	-2.985657e-138
888           	-2.089960e-138
889           	-1.462972e-138
890           	-1.024081e-138
891           	-7.168564e-139
892           	-5.017994e-139
893           	-3.512596e-139
894           	-2.458817e-139
895           	-1.721172e-139
896           	-1.204820e-139
897           	-8.433743e-140
898           	-5.903620e-140
899           	-4.132534e-140
900           	-2.892774e-140
901           	-2.024942e-140
902           	-1.417459e-140
903           	-9.922215e-141
904           	-6.945550e-141
905           	-4.861885e-141
906           	-3.403320e-141
907           	-2.382324e-141
908           	-1.667627e-141
909           	-1.167339e-141
910           	-8.171370e-142
911           	-5.719959e-142
912           	-4.003972e-142
913           	-2.802780e-142
914           	-1.961946e-142
915           	-1.373362e-142
916           	-9.613536e-143
917           	-6.729475e-143
918           	-4.710632e-143
919           	-3.297443e-143
920           	-2.308210e-143
921           	-1.615747e-143
922           	-1.131023e-143
923           	-7.917160e-144
924           	-5.542012e-144
925           	-3.879408e-144
926           	-2.715586e-144
927           	-1.900910e-144
928           	-1.330637e-144
929           	-9.314460e-145
930           	-6.520122e-145
931           	-4.564085e-145
932           	-3.194860e-145
933           	-2.236402e-145
934           	-1.565481e-145
935           	-1.095837e-145
936           	-7.670858e-146
937           	-5.369601e-146
938           	-3.758720e-146
939           	-2.631104e-146
940           	-1.841773e-146
941           	-1.289241e-146
942           	-9.024688e-147
943           	-6.317281e-147
944           	-4.422097e-147
945           	-3.095468e-147
946           	-2.166828e-147
947           	-1.516779e-147
948           	-1.061745e-147
949           	-7.432218e-148
950           	-5.202553e-148
951           	-3.641787e-148
952           	-2.549251e-148
953           	-1.784476e-148
954           	-1.249133e-148
955           	-8.743931e-149
956           	-6.120751e-149
957           	-4.284526e-149
958           	-2.999168e-149
959           	-2.099418e-149
960           	-1.469592e-149
961           	-1.028715e-149
962           	-7.201003e-150
963           	-5.040702e-150
964           	-3.528491e-150
965           	-2.469944e-150
966           	-1.728961e-150
967           	-1.210273e-150
968           	-8.471908e-151
969           	-5.930335e-151
970           	-4.151235e-151
971           	-2.905864e-151
972           	-2.034105e-151
973           	-1.423874e-151
974           	-9.967115e-152
975           	-6.976980e-152
976           	-4.883886e-152
977           	-3.418720e-152
978           	-2.393104e-152
979           	-1.675173e-152
980           	-1.172621e-152
981           	-8.208348e-153
982           	-5.745843e-153
983           	-4.022090e-153
984           	-2.815463e-153
985           	-1.970824e-153
986           	-1.379577e-153
987           	-9.657039e-154
988           	-6.759927e-154
989           	-4.731949e-154
990           	-3.312364e-154
991           	-2.318655e-154
992           	-1.623059e-154
993           	-1.136141e-154
994           	-7.952987e-155
995           	-5.567091e-155
996           	-3.896964e-155
997           	-2.727874e-155
998           	-1.909512e-155
999           	-1.336658e-155
1000          	-9.356609e-156
1001          	-6.549627e-156
1002          	-4.584739e-156
1003          	-3.209317e-156
1004          	-2.246522e-156
1005          	-1.572565e-156
1006          	-1.100796e-156
1007          	-7.705570e-157
1008          	-5.393899e-157
1009          	-3.775729e-157
1010          	-2.643011e-157
1011          	-1.850107e-157
1012          	-1.295075e-157
1013          	-9.065526e-158
1014          	-6.345868e-158
1015          	-4.442108e-158
1016          	-3.109476e-158
1017          	-2.176633e-158
1018          	-1.523643e-158
1019          	-1.066550e-158
1020          	-7.465851e-159
1021          	-5.226095e-159
1022          	-3.658267e-159
1023          	-2.560787e-159
1024          	-1.792551e-159
1025          	-1.254786e-159
1026          	-8.783499e-160
1027          	-6.148449e-160
1028          	-4.303914e-160
1029          	-3.012740e-160
1030          	-2.108918e-160
1031          	-1.476243e-160
1032          	-1.033370e-160
1033          	-7.233589e-161
1034          	-5.063512e-161
1035          	-3.544459e-161
1036          	-2.481121e-161
1037          	-1.736785e-161
1038          	-1.215749e-161
1039          	-8.510245e-162
1040          	-5.957171e-162
1041          	-4.170020e-162
1042          	-2.919014e-162
1043          	-2.043310e-162
1044          	-1.430317e-162
1045          	-1.001222e-162
1046          	-7.008553e-163
1047          	-4.905987e-163
1048          	-3.434191e-163
1049          	-2.403934e-163
1050          	-1.682753e-163
1051          	-1.177927e-163
1052          	-8.245492e-164
1053          	-5.771844e-164
1054          	-4.040291e-164
1055          	-2.828204e-164
1056          	-1.979743e-164
1057          	-1.385820e-164
1058          	-9.700739e-165
1059          	-6.790517e-165
1060          	-4.753362e-165
1061          	-3.327353e-165
1062          	-2.329147e-165
1063          	-1.630403e-165
1064          	-1.141282e-165
1065          	-7.988976e-166
1066          	-5.592283e-166
1067          	-3.914598e-166
1068          	-2.740219e-166
1069          	-1.918153e-166
1070          	-1.342707e-166
1071          	-9.398950e-167
1072          	-6.579265e-167
1073          	-4.605486e-167
1074          	-3.223840e-167
1075          	-2.256688e-167
1076          	-1.579682e-167
1077          	-1.105777e-167
1078          	-7.740440e-168
1079          	-5.418308e-168
1080          	-3.792815e-168
1081          	-2.654971e-168
1082          	-1.858480e-168
1083          	-1.300936e-168
1084          	-9.106550e-169
1085          	-6.374585e-169
1086          	-4.462209e-169
1087          	-3.123547e-169
1088          	-2.186483e-169
1089          	-1.530538e-169
1090          	-1.071376e-169
1091          	-7.499635e-170
1092          	-5.249745e-170
1093          	-3.674821e-170
1094          	-2.572375e-170
1095          	-1.800662e-170
1096          	-1.260464e-170
1097          	-8.823246e-171
1098          	-6.176272e-171
1099          	-4.323390e-171
1100          	-3.026373e-171
1101          	-2.118461e-171
1102          	-1.482923e-171
1103          	-1.038046e-171
1104          	-7.266322e-172
1105          	-5.086426e-172
1106          	-3.560498e-172
1107          	-2.492349e-172
1108          	-1.744644e-172
1109          	-1.221251e-172
1110          	-8.548756e-173
1111          	-5.984129e-173
1112          	-4.188890e-173
1113          	-2.932223e-173
1114          	-2.052556e-173
1115          	-1.436789e-173
1116          	-1.005753e-173
1117          	-7.040268e-174
1118          	-4.928187e-174
1119          	-3.449731e-174
1120          	-2.414812e-174
1121          	-1.690368e-174
1122          	-1.183258e-174
1123          	-8.282805e-175
1124          	-5.797963e-175
1125          	-4.058574e-175
1126          	-2.841002e-175
1127          	-1.988701e-175
1128          	-1.392091e-175
1129          	-9.744637e-176
1130          	-6.821246e-176
1131          	-4.774872e-176
1132          	-3.342410e-176
1133          	-2.339687e-176
1134          	-1.637781e-176
1135          	-1.146447e-176
1136          	-8.025128e-177
1137          	-5.617589e-177
1138          	-3.932312e-177
1139          	-2.752619e-177
1140          	-1.926833e-177
1141          	-1.348783e-177
1142          	-9.441482e-178
1143          	-6.609038e-178
1144          	-4.626326e-178
1145          	-3.238428e-178
1146          	-2.266900e-178
1147          	-1.586830e-178
1148          	-1.110781e-178
1149          	-7.775467e-179
1150          	-5.442827e-179
1151          	-3.809979e-179
1152          	-2.666985e-179
1153          	-1.866890e-179
1154          	-1.306823e-179
1155          	-9.147759e-180
1156          	-6.403431e-180
1157          	-4.482402e-180
1158          	-3.137681e-180
1159          	-2.196377e-180
1160          	-1.537464e-180
1161          	-1.076225e-180
1162          	-7.533573e-181
1163          	-5.273501e-181
1164          	-3.691451e-181
1165          	-2.584015e-181
1166          	-1.808811e-181
1167          	-1.266168e-181
1168          	-8.863173e-182
1169          	-6.204221e-182
1170          	-4.342955e-182
1171          	-3.040068e-182
1172          	-2.128048e-182
1173          	-1.489633e-182
1174          	-1.042743e-182
1175          	-7.299204e-183
1176          	-5.109443e-183
1177          	-3.576610e-183
1178          	-2.503627e-183
1179          	-1.752539e-183
1180          	-1.226777e-183
1181          	-8.587441e-184
1182          	-6.011208e-184
1183          	-4.207846e-184
1184          	-2.945492e-184
1185          	-2.061844e-184
1186          	-1.443291e-184
1187          	-1.010304e-184
1188          	-7.072127e-185
1189          	-4.950489e-185
1190          	-3.465342e-185
1191          	-2.425739e-185
1192          	-1.698018e-185
1193          	-1.188612e-185
1194          	-8.320286e-186
1195          	-5.824200e-186
1196          	-4.076940e-186
1197          	-2.853858e-186
1198          	-1.997701e-186
1199          	-1.398390e-186
1200          	-9.788733e-187
1201          	-6.852113e-187
1202          	-4.796479e-187
1203          	-3.357536e-187
1204          	-2.350275e-187
1205          	-1.645192e-187
1206          	-1.151635e-187
1207          	-8.061443e-188
1208          	-5.643010e-188
1209          	-3.950107e-188
1210          	-2.765075e-188
1211          	-1.935552e-188
1212          	-1.354887e-188
1213          	-9.484207e-189
1214          	-6.638945e-189
1215          	-4.647261e-189
1216          	-3.253083e-189
1217          	-2.277158e-189
1218          	-1.594011e-189
1219          	-1.115807e-189
1220          	-7.810652e-190
1221          	-5.467457e-190
1222          	-3.827220e-190
1223          	-2.679054e-190
1224          	-1.875338e-190
1225          	-1.312736e-190
1226          	-9.189154e-191
1227          	-6.432408e-191
1228          	-4.502686e-191
1229          	-3.151880e-191
1230          	-2.206316e-191
1231          	-1.544421e-191
1232          	-1.081095e-191
1233          	-7.567664e-192
1234          	-5.297365e-192
1235          	-3.708155e-192
1236          	-2.595709e-192
1237          	-1.816996e-192
1238          	-1.271897e-192
1239          	-8.903281e-193
1240          	-6.232296e-193
1241          	-4.362608e-193
1242          	-3.053825e-193
1243          	-2.137678e-193
1244          	-1.496374e-193
1245          	-1.047462e-193
1246          	-7.332234e-194
1247          	-5.132564e-194
1248          	-3.592795e-194
1249          	-2.514956e-194
1250          	-1.760469e-194
1251          	-1.232329e-194
1252          	-8.626301e-195
1253          	-6.038410e-195
1254          	-4.226887e-195
1255          	-2.958821e-195
1256          	-2.071175e-195
1257          	-1.449822e-195
1258          	-1.014876e-195
1259          	-7.104129e-196
1260          	-4.972891e-196
1261          	-3.481023e-196
1262          	-2.436716e-196
1263          	-1.705701e-196
1264          	-1.193991e-196
1265          	-8.357937e-197
1266          	-5.850556e-197
1267          	-4.095389e-197
1268          	-2.866772e-197
1269          	-2.006741e-197
1270          	-1.404719e-197
1271          	-9.833030e-198
1272          	-6.883121e-198
1273          	-4.818184e-198
1274          	-3.372729e-198
1275          	-2.360910e-198
1276          	-1.652637e-198
1277          	-1.156846e-198
1278          	-8.097923e-199
1279          	-5.668546e-199
1280          	-3.967982e-199
1281          	-2.777587e-199
1282          	-1.944311e-199
1283          	-1.361018e-199
1284          	-9.527125e-200
1285          	-6.668988e-200
1286          	-4.668291e-200
1287          	-3.267804e-200
1288          	-2.287463e-200
1289          	-1.601224e-200
1290          	-1.120857e-200
1291          	-7.845997e-201
1292          	-5.492198e-201
1293          	-3.844539e-201
1294          	-2.691177e-201
1295          	-1.883824e-201
1296          	-1.318677e-201
1297          	-9.230737e-202
1298          	-6.461516e-202
1299          	-4.523061e-202
1300          	-3.166143e-202
1301          	-2.216300e-202
1302          	-1.551410e-202
1303          	-1.085987e-202
1304          	-7.601909e-203
1305          	-5.321336e-203
1306          	-3.724935e-203
1307          	-2.607455e-203
1308          	-1.825218e-203
1309          	-1.277653e-203
1310          	-8.943570e-204
1311          	-6.260499e-204
1312          	-4.382349e-204
1313          	-3.067644e-204
1314          	-2.147351e-204
1315          	-1.503146e-204
1316          	-1.052202e-204
1317          	-7.365414e-205
1318          	-5.155790e-205
1319          	-3.609053e-205
1320          	-2.526337e-205
1321          	-1.768436e-205
1322          	-1.237905e-205
1323          	-8.665336e-206
1324          	-6.065735e-206
1325          	-4.246015e-206
1326          	-2.972210e-206
1327          	-2.080547e-206
1328          	-1.456383e-206
1329          	-1.019468e-206
1330          	-7.136277e-207
1331          	-4.995394e-207
1332          	-3.496776e-207
1333          	-2.447743e-207
1334          	-1.713420e-207
1335          	-1.199394e-207
1336          	-8.395759e-208
1337          	-5.877031e-208
1338          	-4.113922e-208
1339          	-2.879745e-208
1340          	-2.015822e-208
1341          	-1.411075e-208
1342          	-9.877526e-209
1343          	-6.914268e-209
1344          	-4.839988e-209
1345          	-3.387991e-209
1346          	-2.371594e-209
1347          	-1.660116e-209
1348          	-1.162081e-209
1349          	-8.134567e-210
1350          	-5.694197e-210
1351          	-3.985938e-210
1352          	-2.790157e-210
1353          	-1.953110e-210
1354          	-1.367177e-210
1355          	-9.570237e-211
1356          	-6.699166e-211
1357          	-4.689416e-211
1358          	-3.282591e-211
1359          	-2.297814e-211
1360          	-1.608470e-211
1361          	-1.125929e-211
1362          	-7.881502e-212
1363          	-5.517051e-212
1364          	-3.861936e-212
1365          	-2.703355e-212
1366          	-1.892349e-212
1367          	-1.324644e-212
1368          	-9.272508e-213
1369          	-6.490756e-213
1370          	-4.543529e-213
1371          	-3.180470e-213
1372          	-2.226329e-213
1373          	-1.558430e-213
1374          	-1.090901e-213
1375          	-7.636309e-214
1376          	-5.345416e-214
1377          	-3.741792e-214
1378          	-2.619254e-214
1379          	-1.833478e-214
1380          	-1.283434e-214
1381          	-8.984041e-215
1382          	-6.288829e-215
1383          	-4.402180e-215
1384          	-3.081526e-215
1385          	-2.157068e-215
1386          	-1.509948e-215
1387          	-1.056963e-215
1388          	-7.398744e-216
1389          	-5.179121e-216
1390          	-3.625385e-216
1391          	-2.537769e-216
1392          	-1.776439e-216
1393          	-1.243507e-216
1394          	-8.704549e-217
1395          	-6.093184e-217
1396          	-4.265229e-217
1397          	-2.985660e-217
1398          	-2.089962e-217
1399          	-1.462974e-217
1400          	-1.024081e-217
1401          	-7.168570e-218
1402          	-5.017999e-218
1403          	-3.512599e-218
1404          	-2.458820e-218
1405          	-1.721174e-218
1406          	-1.204822e-218
1407          	-8.433751e-219
1408          	-5.903626e-219
1409          	-4.132538e-219
1410          	-2.892777e-219
1411          	-2.024944e-219
1412          	-1.417461e-219
1413          	-9.922224e-220
1414          	-6.945557e-220
1415          	-4.861890e-220
1416          	-3.403323e-220
1417          	-2.382326e-220
1418          	-1.667628e-220
1419          	-1.167340e-220
1420          	-8.171378e-221
1421          	-5.719965e-221
1422          	-4.003975e-221
1423          	-2.802783e-221
1424          	-1.961948e-221
1425          	-1.373364e-221
1426          	-9.613545e-222
1427          	-6.729481e-222
1428          	-4.710637e-222
1429          	-3.297446e-222
1430          	-2.308212e-222
1431          	-1.615748e-222
1432          	-1.131024e-222
1433          	-7.917167e-223
1434          	-5.542017e-223
1435          	-3.879412e-223
1436          	-2.715588e-223
1437          	-1.900912e-223
1438          	-1.330638e-223
1439          	-9.314468e-224
1440          	-6.520128e-224
1441          	-4.564089e-224
1442          	-3.194863e-224
1443          	-2.236404e-224
1444          	-1.565483e-224
1445          	-1.095838e-224
1446          	-7.670865e-225
1447          	-5.369606e-225
1448          	-3.758724e-225
1449          	-2.631107e-225
1450          	-1.841775e-225
1451          	-1.289242e-225
1452          	-9.024696e-226
1453          	-6.317287e-226
1454          	-4.422101e-226
1455          	-3.095471e-226
1456          	-2.166830e-226
1457          	-1.516781e-226
1458          	-1.061746e-226
1459          	-7.432225e-227
1460          	-5.202558e-227
1461          	-3.641790e-227
1462          	-2.549253e-227
1463          	-1.784477e-227
1464          	-1.249134e-227
1465          	-8.743939e-228
1466          	-6.120757e-228
1467          	-4.284530e-228
1468          	-2.999171e-228
1469          	-2.099420e-228
1470          	-1.469594e-228
1471          	-1.028716e-228
1472          	-7.201010e-229
1473          	-5.040707e-229
1474          	-3.528495e-229
1475          	-2.469946e-229
1476          	-1.728962e-229
1477          	-1.210274e-229
1478          	-8.471916e-230
1479          	-5.930341e-230
1480          	-4.151239e-230
1481          	-2.905867e-230
1482          	-2.034107e-230
1483          	-1.423875e-230
1484          	-9.967124e-231
1485          	-6.976987e-231
1486          	-4.883891e-231
1487          	-3.418724e-231
1488          	-2.393107e-231
1489          	-1.675175e-231
1490          	-1.172622e-231
1491          	-8.208355e-232
1492          	-5.745849e-232
1493          	-4.022094e-232
1494          	-2.815466e-232
1495          	-1.970826e-232
1496          	-1.379578e-232
1497          	-9.657048e-233
1498          	-6.759934e-233
1499          	-4.731953e-233
1500          	-3.312367e-233
1501          	-2.318657e-233
1502          	-1.623060e-233
1503          	-1.136142e-233
1504          	-7.952994e-234
1505          	-5.567096e-234
1506          	-3.896967e-234
1507          	-2.727877e-234
1508          	-1.909514e-234
1509          	-1.336660e-234
1510          	-9.356618e-235
1511          	-6.549633e-235
1512          	-4.584743e-235
1513          	-3.209320e-235
1514          	-2.246524e-235
1515          	-1.572567e-235
1516          	-1.100797e-235
1517          	-7.705577e-236
1518          	-5.393904e-236
1519          	-3.775733e-236
1520          	-2.643013e-236
1521          	-1.850109e-236
1522          	-1.295076e-236
1523          	-9.065535e-237
1524          	-6.345874e-237
1525          	-4.442112e-237
1526          	-3.109478e-237
1527          	-2.176635e-237
1528          	-1.523644e-237
1529          	-1.066551e-237
1530          	-7.465858e-238
1531          	-5.226100e-238
1532          	-3.658270e-238
1533          	-2.560789e-238
1534          	-1.792552e-238
1535          	-1.254787e-238
1536          	-8.783507e-239
1537          	-6.148455e-239
1538          	-4.303918e-239
1539          	-3.012743e-239
1540          	-2.108920e-239
1541          	-1.476244e-239
1542          	-1.033371e-239
1543          	-7.233596e-240
1544          	-5.063517e-240
1545          	-3.544462e-240
1546          	-2.481123e-240
1547          	-1.736786e-240
1548          	-1.215750e-240
1549          	-8.510253e-241
1550          	-5.957177e-241
1551          	-4.170024e-241
1552          	-2.919017e-241
1553          	-2.043312e-241
1554          	-1.430318e-241
1555          	-1.001223e-241
1556          	-7.008559e-242
1557          	-4.905991e-242
1558          	-3.434194e-242
1559          	-2.403936e-242
1560          	-1.682755e-242
1561          	-1.177929e-242
1562          	-8.245500e-243
1563          	-5.771850e-243
1564          	-4.040295e-243
1565          	-2.828206e-243
1566          	-1.979745e-243
1567          	-1.385821e-243
1568          	-9.700748e-244
1569          	-6.790524e-244
1570          	-4.753367e-244
1571          	-3.327357e-244
1572          	-2.329150e-244
1573          	-1.630405e-244
1574          	-1.141283e-244
1575          	-7.988983e-245
1576          	-5.592288e-245
1577          	-3.914602e-245
1578          	-2.740221e-245
1579          	-1.918155e-245
1580          	-1.342708e-245
1581          	-9.398959e-246
1582          	-6.579271e-246
1583          	-4.605490e-246
1584          	-3.223843e-246
1585          	-2.256690e-246
1586          	-1.579683e-246
1587          	-1.105778e-246
1588          	-7.740447e-247
1589          	-5.418313e-247
1590          	-3.792819e-247
1591          	-2.654973e-247
1592          	-1.858481e-247
1593          	-1.300937e-247
1594          	-9.106558e-248
1595          	-6.374591e-248
1596          	-4.462214e-248
1597          	-3.123549e-248
1598          	-2.186485e-248
1599          	-1.530539e-248
1600          	-1.071377e-248
1601          	-7.499642e-249
1602          	-5.249750e-249
1603          	-3.674825e-249
1604          	-2.572377e-249
1605          	-1.800664e-249
1606          	-1.260465e-249
1607          	-8.823254e-250
1608          	-6.176278e-250
1609          	-4.323395e-250
1610          	-3.026376e-250
1611          	-2.118463e-250
1612          	-1.482924e-250
1613          	-1.038047e-250
1614          	-7.266329e-251
1615          	-5.086430e-251
1616          	-3.560501e-251
1617          	-2.492351e-251
1618          	-1.744646e-251
1619          	-1.221252e-251
1620          	-8.548764e-252
1621          	-5.984135e-252
1622          	-4.188894e-252
1623          	-2.932226e-252
1624          	-2.052558e-252
1625          	-1.436791e-252
1626          	-1.005753e-252
1627          	-7.040274e-253
1628          	-4.928192e-253
1629          	-3.449734e-253
1630          	-2.414814e-253
1631          	-1.690370e-253
1632          	-1.183259e-253
1633          	-8.282812e-254
1634          	-5.797969e-254
1635          	-4.058578e-254
1636          	-2.841005e-254
1637          	-1.988703e-254
1638          	-1.392092e-254
1639          	-9.744646e-255
1640          	-6.821252e-255
1641          	-4.774877e-255
1642          	-3.342414e-255
1643          	-2.339690e-255
1644          	-1.637783e-255
1645          	-1.146448e-255
1646          	-8.025135e-256
1647          	-5.617595e-256
1648          	-3.932316e-256
1649          	-2.752621e-256
1650          	-1.926835e-256
1651          	-1.348784e-256
1652          	-9.441491e-257
1653          	-6.609044e-257
1654          	-4.626331e-257
1655          	-3.238431e-257
1656          	-2.266902e-257
1657          	-1.586831e-257
1658          	-1.110782e-257
1659          	-7.775474e-258
1660          	-5.442832e-258
1661          	-3.809982e-258
1662          	-2.666988e-258
1663          	-1.866891e-258
1664          	-1.306824e-258
1665          	-9.147767e-259
1666          	-6.403437e-259
1667          	-4.482406e-259
1668          	-3.137684e-259
1669          	-2.196379e-259
1670          	-1.537465e-259
1671          	-1.076226e-259
1672          	-7.533580e-260
1673          	-5.273506e-260
1674          	-3.691454e-260
1675          	-2.584018e-260
1676          	-1.808812e-260
1677          	-1.266169e-260
1678          	-8.863181e-261
1679          	-6.204227e-261
1680          	-4.342959e-261
1681          	-3.040071e-261
1682          	-2.128050e-261
1683          	-1.489635e-261
1684          	-1.042744e-261
1685          	-7.299211e-262
1686          	-5.109448e-262
1687          	-3.576613e-262
1688          	-2.503629e-262
1689          	-1.752541e-262
1690          	-1.226778e-262
1691          	-8.587449e-263
1692          	-6.011214e-263
1693          	-4.207850e-263
1694          	-2.945495e-263
1695          	-2.061846e-263
1696          	-1.443292e-263
1697          	-1.010305e-263
1698          	-7.072133e-264
1699          	-4.950493e-264
1700          	-3.465345e-264
1701          	-2.425742e-264
1702          	-1.698019e-264
1703          	-1.188613e-264
1704          	-8.320294e-265
1705          	-5.824206e-265
1706          	-4.076944e-265
1707          	-2.853861e-265
1708          	-1.997703e-265
1709          	-1.398392e-265
1710          	-9.788743e-266
1711          	-6.852120e-266
1712          	-4.796484e-266
1713          	-3.357539e-266
1714          	-2.350277e-266
1715          	-1.645194e-266
1716          	-1.151636e-266
1717          	-8.061450e-267
1718          	-5.643015e-267
1719          	-3.950111e-267
1720          	-2.765078e-267
1721          	-1.935554e-267
1722          	-1.354888e-267
1723          	-9.484216e-268
1724          	-6.638951e-268
1725          	-4.647266e-268
1726          	-3.253086e-268
1727          	-2.277160e-268
1728          	-1.594012e-268
1729          	-1.115809e-268
1730          	-7.810660e-269
1731          	-5.467462e-269
1732          	-3.827223e-269
1733          	-2.679056e-269
1734          	-1.875339e-269
1735          	-1.312738e-269
1736          	-9.189163e-270
1737          	-6.432414e-270
1738          	-4.502690e-270
1739          	-3.151883e-270
1740          	-2.206318e-270
1741          	-1.544423e-270
1742          	-1.081096e-270
1743          	-7.567671e-271
1744          	-5.297370e-271
1745          	-3.708159e-271
1746          	-2.595711e-271
1747          	-1.816998e-271
1748          	-1.271898e-271
1749          	-8.903289e-272
1750          	-6.232302e-272
1751          	-4.362612e-272
1752          	-3.053828e-272
1753          	-2.137680e-272
1754          	-1.496376e-272
1755          	-1.047463e-272
1756          	-7.332241e-273
1757          	-5.132569e-273
1758          	-3.592798e-273
1759          	-2.514959e-273
1760          	-1.760471e-273
1761          	-1.232330e-273
1762          	-8.626309e-274
1763          	-6.038416e-274
1764          	-4.226891e-274
1765          	-2.958824e-274
1766          	-2.071177e-274
1767          	-1.449824e-274
1768          	-1.014877e-274
1769          	-7.104136e-275
1770          	-4.972895e-275
1771          	-3.481027e-275
1772          	-2.436719e-275
1773          	-1.705703e-275
1774          	-1.193992e-275
1775          	-8.357945e-276
1776          	-5.850562e-276
1777          	-4.095393e-276
1778          	-2.866775e-276
1779          	-2.006743e-276
1780          	-1.404720e-276
1781          	-9.833039e-277
1782          	-6.883127e-277
1783          	-4.818189e-277
1784          	-3.372732e-277
1785          	-2.360913e-277
1786          	-1.652639e-277
1787          	-1.156847e-277
1788          	-8.097930e-278
1789          	-5.668551e-278
1790          	-3.967986e-278
1791          	-2.777590e-278
1792          	-1.944313e-278
1793          	-1.361019e-278
1794          	-9.527134e-279
1795          	-6.668994e-279
1796          	-4.668296e-279
1797          	-3.267807e-279
1798          	-2.287465e-279
1799          	-1.601225e-279
1800          	-1.120858e-279
1801          	-7.846004e-280
1802          	-5.492203e-280
1803          	-3.844542e-280
1804          	-2.691180e-280
1805          	-1.883826e-280
1806          	-1.318678e-280
1807          	-9.230746e-281
1808          	-6.461522e-281
1809          	-4.523065e-281
1810          	-3.166146e-281
1811          	-2.216302e-281
1812          	-1.551411e-281
1813          	-1.085988e-281
1814          	-7.601916e-282
1815          	-5.321341e-282
1816          	-3.724939e-282
1817          	-2.607457e-282
1818          	-1.825220e-282
1819          	-1.277654e-282
1820          	-8.943578e-283
1821          	-6.260505e-283
1822          	-4.382353e-283
1823          	-3.067647e-283
1824          	-2.147353e-283
1825          	-1.503147e-283
1826          	-1.052203e-283
1827          	-7.365421e-284
1828          	-5.155795e-284
1829          	-3.609056e-284
1830          	-2.526340e-284
1831          	-1.768438e-284
1832          	-1.237906e-284
1833          	-8.665344e-285
1834          	-6.065741e-285
1835          	-4.246019e-285
1836          	-2.972213e-285
1837          	-2.080549e-285
1838          	-1.456384e-285
1839          	-1.019469e-285
1840          	-7.136284e-286
1841          	-4.995399e-286
1842          	-3.496779e-286
1843          	-2.447745e-286
1844          	-1.713422e-286
1845          	-1.199395e-286
1846          	-8.395767e-287
1847          	-5.877037e-287
1848          	-4.113926e-287
1849          	-2.879748e-287
1850          	-2.015824e-287
1851          	-1.411076e-287
1852          	-9.877535e-288
1853          	-6.914275e-288
1854          	-4.839992e-288
1855          	-3.387995e-288
1856          	-2.371596e-288
1857          	-1.660117e-288
1858          	-1.162082e-288
1859          	-8.134575e-289
1860          	-5.694203e-289
1861          	-3.985942e-289
1862          	-2.790159e-289
1863          	-1.953111e-289
1864          	-1.367178e-289
1865          	-9.570246e-290
1866          	-6.699172e-290
1867          	-4.689421e-290
1868          	-3.282594e-290
1869          	-2.297816e-290
1870          	-1.608471e-290
1871          	-1.125930e-290
1872          	-7.881509e-291
1873          	-5.517057e-291
1874          	-3.861940e-291
1875          	-2.703358e-291
1876          	-1.892350e-291
1877          	-1.324645e-291
1878          	-9.272517e-292
1879          	-6.490762e-292
1880          	-4.543533e-292
1881          	-3.180473e-292
1882          	-2.226331e-292
1883          	-1.558432e-292
1884          	-1.090902e-292
1885          	-7.636316e-293
1886          	-5.345421e-293
1887          	-3.741795e-293
1888          	-2.619257e-293
1889          	-1.833480e-293
1890          	-1.283436e-293
1891          	-8.984050e-294
1892          	-6.288835e-294
1893          	-4.402184e-294
1894          	-3.081529e-294
1895          	-2.157070e-294
1896          	-1.509949e-294
1897          	-1.056964e-294
1898          	-7.398751e-295
1899          	-5.179126e-295
1900          	-3.625388e-295
1901          	-2.537772e-295
1902          	-1.776440e-295
1903          	-1.243508e-295
1904          	-8.704557e-296
1905          	-6.093190e-296
1906          	-4.265233e-296
1907          	-2.985663e-296
1908          	-2.089964e-296
1909          	-1.462975e-296
1910          	-1.024082e-296
1911          	-7.168577e-297
1912          	-5.018004e-297
1913          	-3.512603e-297
1914          	-2.458822e-297
1915          	-1.721175e-297
1916          	-1.204823e-297
1917          	-8.433759e-298
1918          	-5.903631e-298
1919          	-4.132542e-298
1920          	-2.892779e-298
1921          	-2.024946e-298
1922          	-1.417462e-298
1923          	-9.922233e-299
1924          	-6.945563e-299
1925          	-4.861894e-299
1926          	-3.403326e-299
1927          	-2.382328e-299
1928          	-1.667630e-299
1929          	-1.167341e-299
1930          	-8.171386e-300
1931          	-5.719970e-300
1932          	-4.003979e-300
1933          	-2.802785e-300
1934          	-1.961950e-300
1935          	-1.373365e-300
1936          	-9.613554e-301
1937          	-6.729488e-301
1938          	-4.710641e-301
1939          	-3.297449e-301
1940          	-2.308214e-301
1941          	-1.615750e-301
1942          	-1.131025e-301
1943          	-7.917175e-302
1944          	-5.542022e-302
1945          	-3.879416e-302
1946          	-2.715591e-302
1947          	-1.900914e-302
1948          	-1.330640e-302
1949          	-9.314477e-303
1950          	-6.520134e-303
1951          	-4.564094e-303
1952          	-3.194866e-303
1953          	-2.236406e-303
1954          	-1.565484e-303
1955          	-1.095839e-303
1956          	-7.670872e-304
1957          	-5.369611e-304
1958          	-3.758727e-304
1959          	-2.631109e-304
1960          	-1.841776e-304
1961          	-1.289244e-304
1962          	-9.024705e-305
1963          	-6.317293e-305
1964          	-4.422105e-305
1965          	-3.095474e-305
1966          	-2.166832e-305
1967          	-1.516782e-305
1968          	-1.061747e-305
1969          	-7.432232e-306
1970          	-5.202563e-306
1971          	-3.641794e-306
1972          	-2.549256e-306
1973          	-1.784479e-306
1974          	-1.249135e-306
1975          	-8.743947e-307
1976          	-6.120763e-307
1977          	-4.284534e-307
1978          	-2.999174e-307
1979          	-2.099422e-307
1980          	-1.469595e-307
1981          	-1.028717e-307
1982          	-7.201016e-308
1983          	-5.040711e-308
1984          	-3.528498e-308
1985          	-2.469949e-308
1986          	-1.728964e-308
1987          	-1.210275e-308
1988          	-8.471924e-309
1989          	-5.930347e-309
1990          	-4.151243e-309
1991          	-2.905870e-309
1992          	-2.034109e-309
1993          	-1.423876e-309
1994          	-9.967134e-310
1995          	-6.976994e-310
1996          	-4.883895e-310
1997          	-3.418728e-310
1998          	-2.393109e-310
1999          	-1.675176e-310
2000          	-1.172624e-310
2001          	-8.208375e-311
2002          	-5.745845e-311
2003          	-4.022101e-311
2004          	-2.815471e-311
2005          	-1.970828e-311
2006          	-1.379574e-311
2007          	-9.657007e-312
2008          	-6.759925e-312
2009          	-4.731924e-312
2010          	-3.312414e-312
2011          	-2.318749e-312
2012          	-1.623065e-312
2013          	-1.136035e-312
2014          	-7.952876e-313
2015          	-5.565946e-313
2016          	-3.896004e-313
2017          	-2.728823e-313
2018          	-1.909860e-313
2019          	-1.337139e-313
2020          	-9.351675e-314
2021          	-6.553287e-314
2022          	-4.588882e-314
2023          	-3.205498e-314
2024          	-2.248987e-314
2025          	-1.569152e-314
2026          	-1.102755e-314
2027          	-7.667899e-315
2028          	-5.335909e-315
2029          	-3.794424e-315
2030          	-2.766768e-315
2031          	-1.897212e-315
2032          	-1.225283e-315
2033          	-8.300303e-316
2034          	-5.533535e-316
2035          	-3.557273e-316
2036          	-1.581010e-316
2037          	-1.185758e-316
2038          	-7.905050e-317
2039          	0.000000e+00
2040          	0.000000e+00
2041          	0.000000e+00
2042          	0.000000e+00
2043          	0.000000e+00
2044          	0.000000e+00
2045          	0.000000e+00
2046          	0.000000e+00
2047          	0.000000e+00
2048          	0.000000e+00
2049          	0.000000e+00
2050          	0.000000e+00
2051          	0.000000e+00
2052          	0.000000e+00
2053          	0.000000e+00
2054          	0.000000e+00
2055          	0.000000e+00
2056          	0.000000e+00
2057          	0.000000e+00
2058          	0.000000e+00
2059          	0.000000e+00
2060          	0.000000e+00
2061          	0.000000e+00
2062          	0.000000e+00
2063          	0.000000e+00
2064          	0.000000e+00
2065          	0.000000e+00
2066          	0.000000e+00
2067          	0.000000e+00
2068          	0.000000e+00
2069          	0.000000e+00
2070          	0.000000e+00
2071          	0.000000e+00
2072          	0.000000e+00
2073          	0.000000e+00
2074          	0.000000e+00
2075          	0.000000e+00
2076          	0.000000e+00
2077          	0.000000e+00
2078          	0.000000e+00
2079          	0.000000e+00
2080          	0.000000e+00
2081          	0.000000e+00
2082          	0.000000e+00
2083          	0.000000e+00
2084          	0.000000e+00
2085          	0.000000e+00
2086          	0.000000e+00
2087          	0.000000e+00
2088          	0.000000e+00
2089          	0.000000e+00
2090          	0.000000e+00
2091          	0.000000e+00
2092          	0.000000e+00
2093          	0.000000e+00
2094          	0.000000e+00
2095          	0.000000e+00
2096          	0.000000e+00
2097          	0.000000e+00
2098          	0.000000e+00
2099          	0.000000e+00
2100          	0.000000e+00
2101          	0.000000e+00
2102          	0.000000e+00
2103          	0.000000e+00
2104          	0.000000e+00
2105          	0.000000e+00
2106          	0.000000e+00
2107          	0.000000e+00
2108          	0.000000e+00
2109          	0.000000e+00
2110          	0.000000e+00
2111          	0.000000e+00
2112          	0.000000e+00
2113          	0.000000e+00
2114          	0.000000e+00
2115          	0.000000e+00
2116          	0.000000e+00
2117          	0.000000e+00
2118          	0.000000e+00
2119          	0.000000e+00
2120          	0.000000e+00
2121          	0.000000e+00
2122          	0.000000e+00
2123          	0.000000e+00
2124          	0.000000e+00
2125          	0.000000e+00
2126          	0.000000e+00
2127          	0.000000e+00
2128          	0.000000e+00
2129          	0.000000e+00
2130          	0.000000e+00
2131          	0.000000e+00
2132          	0.000000e+00
2133          	0.000000e+00
2134          	0.000000e+00
2135          	0.000000e+00
2136          	0.000000e+00
2137          	0.000000e+00
2138          	0.000000e+00
2139          	0.000000e+00
2140          	0.000000e+00
2141          	0.000000e+00
2142          	0.000000e+00
2143          	0.000000e+00
2144          	0.000000e+00
2145          	0.000000e+00
2146          	0.000000e+00
2147          	0.000000e+00
2148          	0.000000e+00
2149          	0.000000e+00
2150          	0.000000e+00
2151          	0.000000e+00
2152          	0.000000e+00
2153          	0.000000e+00
2154          	0.000000e+00
2155          	0.000000e+00
2156          	0.000000e+00
2157          	0.000000e+00
2158          	0.000000e+00
2159          	0.000000e+00
2160          	0.000000e+00
2161          	0.000000e+00
2162          	0.000000e+00
2163          	0.000000e+00
2164          	0.000000e+00
2165          	0.000000e+00
2166          	0.000000e+00
2167          	0.000000e+00
2168          	0.000000e+00
2169          	0.000000e+00
2170          	0.000000e+00
2171          	0.000000e+00
2172          	0.000000e+00
2173          	0.000000e+00
2174          	0.000000e+00
2175          	0.000000e+00
2176          	0.000000e+00
2177          	0.000000e+00
2178          	0.000000e+00
2179          	0.000000e+00
2180          	0.000000e+00
2181          	0.000000e+00
2182          	0.000000e+00
2183          	0.000000e+00
2184          	0.000000e+00
2185          	0.000000e+00
2186          	0.000000e+00
2187          	0.000000e+00
2188          	0.000000e+00
2189          	0.000000e+00
2190          	0.000000e+00
2191          	0.000000e+00
2192          	0.000000e+00
2193          	0.000000e+00
2194          	0.000000e+00
2195          	0.000000e+00
2196          	0.000000e+00
2197          	0.000000e+00
2198          	0.000000e+00
2199          	0.000000e+00
2200          	0.000000e+00
2201          	0.000000e+00
2202          	0.000000e+00
2203          	0.000000e+00
2204          	0.000000e+00
2205          	0.000000e+00
2206          	0.000000e+00
2207          	0.000000e+00
2208          	0.000000e+00
2209          	0.000000e+00
2210          	0.000000e+00
2211          	0.000000e+00
2212          	0.000000e+00
2213          	0.000000e+00
2214          	0.000000e+00
2215          	0.000000e+00
2216          	0.000000e+00
2217          	0.000000e+00
2218          	0.000000e+00
2219          	0.000000e+00
2220          	0.000000e+00
2221          	0.000000e+00
2222          	0.000000e+00
2223          	0.000000e+00
2224          	0.000000e+00
2225          	0.000000e+00
2226          	0.000000e+00
2227          	0.000000e+00
2228          	0.000000e+00
2229          	0.000000e+00
2230          	0.000000e+00
2231          	0.000000e+00
2232          	0.000000e+00
2233          	0.000000e+00
2234          	0.000000e+00
2235          	0.000000e+00
2236          	0.000000e+00
2237          	0.000000e+00
2238          	0.000000e+00
2239          	0.000000e+00
2240          	0.000000e+00
2241          	0.000000e+00
2242          	0.000000e+00
2243          	0.000000e+00
2244          	0.000000e+00
2245          	0.000000e+00
2246          	0.000000e+00
2247          	0.000000e+00
2248          	0.000000e+00
2249          	0.000000e+00
2250          	0.000000e+00
2251          	0.000000e+00
2252          	0.000000e+00
2253          	0.000000e+00
2254          	0.000000e+00
2255          	0.000000e+00
2256          	0.000000e+00
2257          	0.000000e+00
2258          	0.000000e+00
2259          	0.000000e+00
2260          	0.000000e+00
2261          	0.000000e+00
2262          	0.000000e+00
2263          	0.000000e+00
2264          	0.000000e+00
2265          	0.000000e+00
2266          	0.000000e+00
2267          	0.000000e+00
2268          	0.000000e+00
2269          	0.000000e+00
2270          	0.000000e+00
2271          	0.000000e+00
2272          	0.000000e+00
2273          	0.000000e+00
2274          	0.000000e+00
2275          	0.000000e+00
2276          	0.000000e+00
2277          	0.000000e+00
2278          	0.000000e+00
2279          	0.000000e+00
2280          	0.000000e+00
2281          	0.000000e+00
2282          	0.000000e+00
2283          	0.000000e+00
2284          	0.000000e+00
2285          	0.000000e+00
2286          	0.000000e+00
2287          	0.000000e+00
2288          	0.000000e+00
2289          	0.000000e+00
2290          	0.000000e+00
2291          	0.000000e+00
2292          	0.000000e+00
2293          	0.000000e+00
2294          	0.000000e+00
2295          	0.000000e+00
2296          	0.000000e+00
2297          	0.000000e+00
2298          	0.000000e+00
2299          	0.000000e+00
2300          	0.000000e+00
2301          	0.000000e+00
2302          	0.000000e+00
2303          	0.000000e+00
2304          	0.000000e+00
2305          	0.000000e+00
2306          	0.000000e+00
2307          	0.000000e+00
2308          	0.000000e+00
2309          	0.000000e+00
2310          	0.000000e+00
2311          	0.000000e+00
2312          	0.000000e+00
2313          	0.000000e+00
2314          	0.000000e+00
2315          	0.000000e+00
2316          	0.000000e+00
2317          	0.000000e+00
2318          	0.000000e+00
2319          	0.000000e+00
2320          	0.000000e+00
2321          	0.000000e+00
2322          	0.000000e+00
2323          	0.000000e+00
2324          	0.000000e+00
2325          	0.000000e+00
2326          	0.000000e+00
2327          	0.000000e+00
2328          	0.000000e+00
2329          	0.000000e+00
2330          	0.000000e+00
2331          	0.000000e+00
2332          	0.000000e+00
2333          	0.000000e+00
2334          	0.000000e+00
2335          	0.000000e+00
2336          	0.000000e+00
2337          	0.000000e+00
2338          	0.000000e+00
2339          	0.000000e+00
2340          	0.000000e+00
2341          	0.000000e+00
2342          	0.000000e+00
2343          	0.000000e+00
2344          	0.000000e+00
2345          	0.000000e+00
2346          	0.000000e+00
2347          	0.000000e+00
2348          	0.000000e+00
2349          	0.000000e+00
2350          	0.000000e+00
2351          	0.000000e+00
2352          	0.000000e+00
2353          	0.000000e+00
2354          	0.000000e+00
2355          	0.000000e+00
2356          	0.000000e+00
2357          	0.000000e+00
2358          	0.000000e+00
2359          	0.000000e+00
2360          	0.000000e+00
2361          	0.000000e+00
2362          	0.000000e+00
2363          	0.000000e+00
2364          	0.000000e+00
2365          	0.000000e+00
2366          	0.000000e+00
2367          	0.000000e+00
2368          	0.000000e+00
2369          	0.000000e+00
2370          	0.000000e+00
2371          	0.000000e+00
2372          	0.000000e+00
2373          	0.000000e+00
2374          	0.000000e+00
2375          	0.000000e+00
2376          	0.000000e+00
2377          	0.000000e+00
2378          	0.000000e+00
2379          	0.000000e+00
2380          	0.000000e+00
2381          	0.000000e+00
2382          	0.000000e+00
2383          	0.000000e+00
2384          	0.000000e+00
2385          	0.000000e+00
2386          	0.000000e+00
2387          	0.000000e+00
2388          	0.000000e+00
2389          	0.000000e+00
2390          	0.000000e+00
2391          	0.000000e+00
2392          	0.000000e+00
2393          	0.000000e+00
2394          	0.000000e+00
2395          	0.000000e+00
2396          	0.000000e+00
2397          	0.000000e+00
2398          	0.000000e+00
2399          	0.000000e+00
2400          	0.000000e+00
2401          	0.000000e+00
2402          	0.000000e+00
2403          	0.000000e+00
2404          	0.000000e+00
2405          	0.000000e+00
2406          	0.000000e+00
2407          	0.000000e+00
2408          	0.000000e+00
2409          	0.000000e+00
2410          	0.000000e+00
2411          	0.000000e+00
2412          	0.000000e+00
2413          	0.000000e+00
2414          	0.000000e+00
2415          	0.000000e+00
2416          	0.000000e+00
2417          	0.000000e+00
2418          	0.000000e+00
2419          	0.000000e+00
2420          	0.000000e+00
2421          	0.000000e+00
2422          	0.000000e+00
2423          	0.000000e+00
2424          	0.000000e+00
2425          	0.000000e+00
2426          	0.000000e+00
2427          	0.000000e+00
2428          	0.000000e+00
2429          	0.000000e+00
2430          	0.000000e+00
2431          	0.000000e+00
2432          	0.000000e+00
2433          	0.000000e+00
2434          	0.000000e+00
2435          	0.000000e+00
2436          	0.000000e+00
2437          	0.000000e+00
2438          	0.000000e+00
2439          	0.000000e+00
2440          	0.000000e+00
2441          	0.000000e+00
2442          	0.000000e+00
2443          	0.000000e+00
2444          	0.000000e+00
2445          	0.000000e+00
2446          	0.000000e+00
2447          	0.000000e+00
2448          	0.000000e+00
2449          	0.000000e+00
2450          	0.000000e+00
2451          	0.000000e+00
2452          	0.000000e+00
2453          	0.000000e+00
2454          	0.000000e+00
2455          	0.000000e+00
2456          	0.000000e+00
2457          	0.000000e+00
2458          	0.000000e+00
2459          	0.000000e+00
2460          	0.000000e+00
2461          	0.000000e+00
2462          	0.000000e+00
2463          	0.000000e+00
2464          	0.000000e+00
2465          	0.000000e+00
2466          	0.000000e+00
2467          	0.000000e+00
2468          	0.000000e+00
2469          	0.000000e+00
2470          	0.000000e+00
2471          	0.000000e+00
2472          	0.000000e+00
2473          	0.000000e+00
2474          	0.000000e+00
2475          	0.000000e+00
2476          	0.000000e+00
2477          	0.000000e+00
2478          	0.000000e+00
2479          	0.000000e+00
2480          	0.000000e+00
2481          	0.000000e+00
2482          	0.000000e+00
2483          	0.000000e+00
2484          	0.000000e+00
2485          	0.000000e+00
2486          	0.000000e+00
2487          	0.000000e+00
2488          	0.000000e+00
2489          	0.000000e+00
2490          	0.000000e+00
2491          	0.000000e+00
2492          	0.000000e+00
2493          	0.000000e+00
2494          	0.000000e+00
2495          	0.000000e+00
2496          	0.000000e+00
2497          	0.000000e+00
2498          	0.000000e+00
2499          	0.000000e+00
2500          	0.000000e+00
2501          	0.000000e+00
2502          	0.000000e+00
2503          	0.000000e+00
2504          	0.000000e+00
2505          	0.000000e+00
2506          	0.000000e+00
2507          	0.000000e+00
2508          	0.000000e+00
2509          	0.000000e+00
2510          	0.000000e+00
2511          	0.000000e+00
2512          	0.000000e+00
2513          	0.000000e+00
2514          	0.000000e+00
2515          	0.000000e+00
2516          	0.000000e+00
2517          	0.000000e+00
2518          	0.000000e+00
2519          	0.000000e+00
2520          	0.000000e+00
2521          	0.000000e+00
2522          	0.000000e+00
2523          	0.000000e+00
2524          	0.000000e+00
2525          	0.000000e+00
2526          	0.000000e+00
2527          	0.000000e+00
2528          	0.000000e+00
2529          	0.000000e+00
2530          	0.000000e+00
2531          	0.000000e+00
2532          	0.000000e+00
2533          	0.000000e+00
2534          	0.000000e+00
2535          	0.000000e+00
2536          	0.000000e+00
2537          	0.000000e+00
2538          	0.000000e+00
2539          	0.000000e+00
2540          	0.000000e+00
2541          	0.000000e+00
2542          	0.000000e+00
2543          	0.000000e+00
2544          	0.000000e+00
2545          	0.000000e+00
2546          	0.000000e+00
2547          	0.000000e+00
2548          	0.000000e+00
2549          	0.000000e+00
2550          	0.000000e+00
2551          	0.000000e+00
2552          	0.000000e+00
2553          	0.000000e+00
2554          	0.000000e+00
2555          	0.000000e+00
2556          	0.000000e+00
2557          	0.000000e+00
2558          	0.000000e+00
2559          	0.000000e+00
2560          	0.000000e+00
2561          	0.000000e+00
2562          	0.000000e+00
2563          	0.000000e+00
2564          	0.000000e+00
2565          	0.000000e+00
2566          	0.000000e+00
2567          	0.000000e+00
2568          	0.000000e+00
2569          	0.000000e+00
2570          	0.000000e+00
2571          	0.000000e+00
2572          	0.000000e+00
2573          	0.000000e+00
2574          	0.000000e+00
2575          	0.000000e+00
2576          	0.000000e+00
2577          	0.000000e+00
2578          	0.000000e+00
2579          	0.000000e+00
2580          	0.000000e+00
2581          	0.000000e+00
2582          	0.000000e+00
2583          	0.000000e+00
2584          	0.000000e+00
2585          	0.000000e+00
2586          	0.000000e+00
2587          	0.000000e+00
2588          	0.000000e+00
2589          	0.000000e+00
2590          	0.000000e+00
2591          	0.000000e+00
2592          	0.000000e+00
2593          	0.000000e+00
2594          	0.000000e+00
2595          	0.000000e+00
2596          	0.000000e+00
2597          	0.000000e+00
2598          	0.000000e+00
2599          	0.000000e+00
2600          	0.000000e+00
2601          	0.000000e+00
2602          	0.000000e+00
2603          	0.000000e+00
2604          	0.000000e+00
2605          	0.000000e+00
2606          	0.000000e+00
2607          	0.000000e+00
2608          	0.000000e+00
2609          	0.000000e+00
2610          	0.000000e+00
2611          	0.000000e+00
2612          	0.000000e+00
2613          	0.000000e+00
2614          	0.000000e+00
2615          	0.000000e+00
2616          	0.000000e+00
2617          	0.000000e+00
2618          	0.000000e+00
2619          	0.000000e+00
2620          	0.000000e+00
2621          	0.000000e+00
2622          	0.000000e+00
2623          	0.000000e+00
2624          	0.000000e+00
2625          	0.000000e+00
2626          	0.000000e+00
2627          	0.000000e+00
2628          	0.000000e+00
2629          	0.000000e+00
2630          	0.000000e+00
2631          	0.000000e+00
2632          	0.000000e+00
2633          	0.000000e+00
2634          	0.000000e+00
2635          	0.000000e+00
2636          	0.000000e+00
2637          	0.000000e+00
2638          	0.000000e+00
2639          	0.000000e+00
2640          	0.000000e+00
2641          	0.000000e+00
2642          	0.000000e+00
2643          	0.000000e+00
2644          	0.000000e+00
2645          	0.000000e+00
2646          	0.000000e+00
2647          	0.000000e+00
2648          	0.000000e+00
2649          	0.000000e+00
2650          	0.000000e+00
2651          	0.000000e+00
2652          	0.000000e+00
2653          	0.000000e+00
2654          	0.000000e+00
2655          	0.000000e+00
2656          	0.000000e+00
2657          	0.000000e+00
2658          	0.000000e+00
2659          	0.000000e+00
2660          	0.000000e+00
2661          	0.000000e+00
2662          	0.000000e+00
2663          	0.000000e+00
2664          	0.000000e+00
2665          	0.000000e+00
2666          	0.000000e+00
2667          	0.000000e+00
2668          	0.000000e+00
2669          	0.000000e+00
2670          	0.000000e+00
2671          	0.000000e+00
2672          	0.000000e+00
2673          	0.000000e+00
2674          	0.000000e+00
2675          	0.000000e+00
2676          	0.000000e+00
2677          	0.000000e+00
2678          	0.000000e+00
2679          	0.000000e+00
2680          	0.000000e+00
2681          	0.000000e+00
2682          	0.000000e+00
2683          	0.000000e+00
2684          	0.000000e+00
2685          	0.000000e+00
2686          	0.000000e+00
2687          	0.000000e+00
2688          	0.000000e+00
2689          	0.000000e+00
2690          	0.000000e+00
2691          	0.000000e+00
2692          	0.000000e+00
2693          	0.000000e+00
2694          	0.000000e+00
2695          	0.000000e+00
2696          	0.000000e+00
2697          	0.000000e+00
2698          	0.000000e+00
2699          	0.000000e+00
2700          	0.000000e+00
2701          	0.000000e+00
2702          	0.000000e+00
2703          	0.000000e+00
2704          	0.000000e+00
2705          	0.000000e+00
2706          	0.000000e+00
2707          	0.000000e+00
2708          	0.000000e+00
2709          	0.000000e+00
2710          	0.000000e+00
2711          	0.000000e+00
2712          	0.000000e+00
2713          	0.000000e+00
2714          	0.000000e+00
2715          	0.000000e+00
2716          	0.000000e+00
2717          	0.000000e+00
2718          	0.000000e+00
2719          	0.000000e+00
2720          	0.000000e+00
2721          	0.000000e+00
2722          	0.000000e+00
2723          	0.000000e+00
2724          	0.000000e+00
2725          	0.000000e+00
2726          	0.000000e+00
2727          	0.000000e+00
2728          	0.000000e+00
2729          	0.000000e+00
2730          	0.000000e+00
2731          	0.000000e+00
2732          	0.000000e+00
2733          	0.000000e+00
2734          	0.000000e+00
2735          	0.000000e+00
2736          	0.000000e+00
2737          	0.000000e+00
2738          	0.000000e+00
2739          	0.000000e+00
2740          	0.000000e+00
2741          	0.000000e+00
2742          	0.000000e+00
2743          	0.000000e+00
2744          	0.000000e+00
2745          	0.000000e+00
2746          	0.000000e+00
2747          	0.000000e+00
2748          	0.000000e+00
2749          	0.000000e+00
2750          	0.000000e+00
2751          	0.000000e+00
2752          	0.000000e+00
2753          	0.000000e+00
2754          	0.000000e+00
2755          	0.000000e+00
2756          	0.000000e+00
2757          	0.000000e+00
2758          	0.000000e+00
2759          	0.000000e+00
2760          	0.000000e+00
2761          	0.000000e+00
2762          	0.000000e+00
2763          	0.000000e+00
2764          	0.000000e+00
2765          	0.000000e+00
2766          	0.000000e+00
2767          	0.000000e+00
2768          	0.000000e+00
2769          	0.000000e+00
2770          	0.000000e+00
2771          	0.000000e+00
2772          	0.000000e+00
2773          	0.000000e+00
2774          	0.000000e+00
2775          	0.000000e+00
2776          	0.000000e+00
2777          	0.000000e+00
2778          	0.000000e+00
2779          	0.000000e+00
2780          	0.000000e+00
2781          	0.000000e+00
2782          	0.000000e+00
2783          	0.000000e+00
2784          	0.000000e+00
2785          	0.000000e+00
2786          	0.000000e+00
2787          	0.000000e+00
2788          	0.000000e+00
2789          	0.000000e+00
2790          	0.000000e+00
2791          	0.000000e+00
2792          	0.000000e+00
2793          	0.000000e+00
2794          	0.000000e+00
2795          	0.000000e+00
2796          	0.000000e+00
2797          	0.000000e+00
2798          	0.000000e+00
2799          	0.000000e+00
2800          	0.000000e+00
2801          	0.000000e+00
2802          	0.000000e+00
2803          	0.000000e+00
2804          	0.000000e+00
2805          	0.000000e+00
2806          	0.000000e+00
2807          	0.000000e+00
2808          	0.000000e+00
2809          	0.000000e+00
2810          	0.000000e+00
2811          	0.000000e+00
2812          	0.000000e+00
2813          	0.000000e+00
2814          	0.000000e+00
2815          	0.000000e+00
2816          	0.000000e+00
2817          	0.000000e+00
2818          	0.000000e+00
2819          	0.000000e+00
2820          	0.000000e+00
2821          	0.000000e+00
2822          	0.000000e+00
2823          	0.000000e+00
2824          	0.000000e+00
2825          	0.000000e+00
2826          	0.000000e+00
2827          	0.000000e+00
2828          	0.000000e+00
2829          	0.000000e+00
2830          	0.000000e+00
2831          	0.000000e+00
2832          	0.000000e+00
2833          	0.000000e+00
2834          	0.000000e+00
2835          	0.000000e+00
