# Region type : patch ent
# Faces  :    238
# Area   :    1.250000e-07
# Time        	areaAverage(p)
0             	0.000000e+00
1             	7.494257e+04
2             	6.509440e+04
3             	3.601920e+04
4             	6.951692e+03
5             	-1.409737e+04
6             	-2.364878e+04
7             	-2.369650e+04
8             	-1.746302e+04
9             	-8.531619e+03
10            	-2.594901e+02
11            	5.354582e+03
12            	7.712198e+03
13            	7.298650e+03
14            	5.173456e+03
15            	2.489748e+03
16            	1.611087e+02
17            	-1.297711e+03
18            	-1.777588e+03
19            	-1.482350e+03
20            	-7.498943e+02
21            	6.942974e+01
22            	7.162580e+02
23            	1.061185e+03
24            	1.104878e+03
25            	9.296057e+02
26            	6.507234e+02
27            	3.749595e+02
28            	1.741375e+02
29            	7.655907e+01
30            	7.321582e+01
31            	1.314860e+02
32            	2.134124e+02
33            	2.868314e+02
34            	3.312387e+02
35            	3.419872e+02
36            	3.246763e+02
37            	2.909675e+02
38            	2.535373e+02
39            	2.222114e+02
40            	2.021756e+02
41            	1.937947e+02
42            	1.940047e+02
43            	1.986222e+02
44            	2.037496e+02
45            	2.066204e+02
46            	2.058745e+02
47            	2.017890e+02
48            	1.953494e+02
49            	1.880714e+02
50            	1.812211e+02
51            	1.756369e+02
52            	1.715513e+02
53            	1.686685e+02
54            	1.665859e+02
55            	1.648402e+02
56            	1.630512e+02
57            	1.609351e+02
58            	1.585054e+02
59            	1.558994e+02
60            	1.531790e+02
61            	1.505050e+02
62            	1.479920e+02
63            	1.456907e+02
64            	1.436170e+02
65            	1.417161e+02
66            	1.399087e+02
67            	1.381601e+02
68            	1.364673e+02
69            	1.348209e+02
70            	1.331723e+02
71            	1.315247e+02
72            	1.299035e+02
73            	1.283342e+02
74            	1.268268e+02
75            	1.253756e+02
76            	1.239986e+02
77            	1.226479e+02
78            	1.213495e+02
79            	1.200910e+02
80            	1.188640e+02
81            	1.176689e+02
82            	1.165056e+02
83            	1.153586e+02
84            	1.142396e+02
85            	1.131541e+02
86            	1.120974e+02
87            	1.110666e+02
88            	1.100620e+02
89            	1.090801e+02
90            	1.081217e+02
91            	1.071822e+02
92            	1.062716e+02
93            	1.053842e+02
94            	1.045133e+02
95            	1.036605e+02
96            	1.028258e+02
97            	1.019988e+02
98            	1.012150e+02
99            	1.004215e+02
100           	9.964979e+01
101           	9.890445e+01
102           	9.817070e+01
103           	9.745208e+01
104           	9.674766e+01
105           	9.605788e+01
106           	9.538141e+01
107           	9.472618e+01
108           	9.407094e+01
109           	9.342702e+01
110           	9.279595e+01
111           	9.217782e+01
112           	9.157016e+01
113           	9.097623e+01
114           	9.039362e+01
115           	8.982211e+01
116           	8.925742e+01
117           	8.871632e+01
118           	8.816015e+01
119           	8.761393e+01
120           	8.708395e+01
121           	8.658087e+01
122           	8.606547e+01
123           	8.556124e+01
124           	8.506692e+01
125           	8.458100e+01
126           	8.410467e+01
127           	8.363774e+01
128           	8.317712e+01
129           	8.272122e+01
130           	8.227655e+01
131           	8.183199e+01
132           	8.139346e+01
133           	8.096311e+01
134           	8.053592e+01
135           	8.011984e+01
136           	7.971440e+01
137           	7.930495e+01
138           	7.890673e+01
139           	7.850913e+01
140           	7.813174e+01
141           	7.773582e+01
142           	7.736343e+01
143           	7.698906e+01
144           	7.661580e+01
145           	7.624714e+01
146           	7.588420e+01
147           	7.552803e+01
148           	7.517791e+01
149           	7.483297e+01
150           	7.449265e+01
151           	7.415620e+01
152           	7.382439e+01
153           	7.349640e+01
154           	7.317117e+01
155           	7.284936e+01
156           	7.252831e+01
157           	7.221290e+01
158           	7.190637e+01
159           	7.160576e+01
160           	7.130831e+01
161           	7.100992e+01
162           	7.071479e+01
163           	7.042370e+01
164           	7.013668e+01
165           	6.985288e+01
166           	6.958426e+01
167           	6.931528e+01
168           	6.902772e+01
169           	6.875317e+01
170           	6.847841e+01
171           	6.820833e+01
172           	6.794491e+01
173           	6.768466e+01
174           	6.742725e+01
175           	6.717637e+01
176           	6.692601e+01
177           	6.667933e+01
178           	6.643361e+01
179           	6.619087e+01
180           	6.594908e+01
181           	6.571124e+01
182           	6.547593e+01
183           	6.524309e+01
184           	6.501265e+01
185           	6.478329e+01
186           	6.456222e+01
187           	6.433736e+01
188           	6.411183e+01
189           	6.389608e+01
190           	6.368057e+01
191           	6.346629e+01
192           	6.325454e+01
193           	6.304443e+01
194           	6.283742e+01
195           	6.263201e+01
196           	6.242873e+01
197           	6.222754e+01
198           	6.202691e+01
199           	6.182947e+01
200           	6.163640e+01
201           	6.144621e+01
202           	6.125874e+01
203           	6.107260e+01
204           	6.088258e+01
205           	6.069574e+01
206           	6.050950e+01
207           	6.032756e+01
208           	6.015089e+01
209           	5.997211e+01
210           	5.979052e+01
211           	5.961163e+01
212           	5.943657e+01
213           	5.926775e+01
214           	5.909879e+01
215           	5.892960e+01
216           	5.876240e+01
217           	5.859771e+01
218           	5.843506e+01
219           	5.827413e+01
220           	5.811433e+01
221           	5.795574e+01
222           	5.779865e+01
223           	5.764309e+01
224           	5.748904e+01
225           	5.733646e+01
226           	5.718508e+01
227           	5.703545e+01
228           	5.688721e+01
229           	5.674044e+01
230           	5.659514e+01
231           	5.645132e+01
232           	5.630912e+01
233           	5.616831e+01
234           	5.602848e+01
235           	5.588978e+01
236           	5.575371e+01
237           	5.561853e+01
238           	5.548409e+01
239           	5.535113e+01
240           	5.521863e+01
241           	5.508779e+01
242           	5.495731e+01
243           	5.483088e+01
244           	5.469961e+01
245           	5.457142e+01
246           	5.444601e+01
247           	5.432265e+01
248           	5.420135e+01
249           	5.408309e+01
250           	5.396664e+01
251           	5.385298e+01
252           	5.373703e+01
253           	5.362062e+01
254           	5.350564e+01
255           	5.338792e+01
256           	5.326771e+01
257           	5.314905e+01
258           	5.303403e+01
259           	5.292010e+01
260           	5.281255e+01
261           	5.270149e+01
262           	5.259162e+01
263           	5.248366e+01
264           	5.237599e+01
265           	5.226978e+01
266           	5.216698e+01
267           	5.206437e+01
268           	5.196285e+01
269           	5.186243e+01
270           	5.176155e+01
271           	5.165767e+01
272           	5.155631e+01
273           	5.145800e+01
274           	5.136092e+01
275           	5.126463e+01
276           	5.116859e+01
277           	5.107330e+01
278           	5.098003e+01
279           	5.088720e+01
280           	5.079404e+01
281           	5.070118e+01
282           	5.060941e+01
283           	5.051848e+01
284           	5.042881e+01
285           	5.033999e+01
286           	5.025190e+01
287           	5.016462e+01
288           	5.007813e+01
289           	4.999364e+01
290           	4.991003e+01
291           	4.983265e+01
292           	4.975985e+01
293           	4.968155e+01
294           	4.960456e+01
295           	4.951625e+01
296           	4.942673e+01
297           	4.933847e+01
298           	4.925248e+01
299           	4.916839e+01
300           	4.908866e+01
301           	4.901020e+01
302           	4.893440e+01
303           	4.885996e+01
304           	4.878887e+01
305           	4.871576e+01
306           	4.863973e+01
307           	4.856163e+01
308           	4.848679e+01
309           	4.841236e+01
310           	4.833543e+01
311           	4.826098e+01
312           	4.819054e+01
313           	4.812137e+01
314           	4.805188e+01
315           	4.798313e+01
316           	4.791587e+01
317           	4.784907e+01
318           	4.778145e+01
319           	4.771196e+01
320           	4.764382e+01
321           	4.757780e+01
322           	4.751211e+01
323           	4.744707e+01
324           	4.738255e+01
325           	4.731846e+01
326           	4.725504e+01
327           	4.719238e+01
328           	4.713025e+01
329           	4.706821e+01
330           	4.700632e+01
331           	4.694460e+01
332           	4.688416e+01
333           	4.682440e+01
334           	4.676507e+01
335           	4.670791e+01
336           	4.664912e+01
337           	4.659100e+01
338           	4.653352e+01
339           	4.647684e+01
340           	4.642018e+01
341           	4.636174e+01
342           	4.630453e+01
343           	4.625180e+01
344           	4.619768e+01
345           	4.614031e+01
346           	4.608519e+01
347           	4.603183e+01
348           	4.597892e+01
349           	4.592750e+01
350           	4.587522e+01
351           	4.582371e+01
352           	4.577127e+01
353           	4.571929e+01
354           	4.566803e+01
355           	4.561905e+01
356           	4.556673e+01
357           	4.551488e+01
358           	4.546870e+01
359           	4.541893e+01
360           	4.536953e+01
361           	4.532030e+01
362           	4.527361e+01
363           	4.522713e+01
364           	4.518024e+01
365           	4.513170e+01
366           	4.508355e+01
367           	4.503678e+01
368           	4.499110e+01
369           	4.494605e+01
370           	4.490141e+01
371           	4.485762e+01
372           	4.481420e+01
373           	4.477087e+01
374           	4.472735e+01
375           	4.468371e+01
376           	4.464011e+01
377           	4.459723e+01
378           	4.455469e+01
379           	4.451261e+01
380           	4.447106e+01
381           	4.443003e+01
382           	4.438968e+01
383           	4.434967e+01
384           	4.431033e+01
385           	4.426894e+01
386           	4.423122e+01
387           	4.419464e+01
388           	4.415779e+01
389           	4.412023e+01
390           	4.408194e+01
391           	4.404122e+01
392           	4.400173e+01
393           	4.396305e+01
394           	4.392593e+01
395           	4.389117e+01
396           	4.385338e+01
397           	4.381710e+01
398           	4.378268e+01
399           	4.374880e+01
400           	4.371451e+01
401           	4.367952e+01
402           	4.364541e+01
403           	4.361042e+01
404           	4.357605e+01
405           	4.354277e+01
406           	4.350967e+01
407           	4.347711e+01
408           	4.344492e+01
409           	4.341271e+01
410           	4.338086e+01
411           	4.334910e+01
412           	4.331801e+01
413           	4.328701e+01
414           	4.325604e+01
415           	4.322566e+01
416           	4.319365e+01
417           	4.316469e+01
418           	4.313688e+01
419           	4.310822e+01
420           	4.307944e+01
421           	4.305177e+01
422           	4.302237e+01
423           	4.299262e+01
424           	4.296291e+01
425           	4.293335e+01
426           	4.290502e+01
427           	4.288024e+01
428           	4.285211e+01
429           	4.282446e+01
430           	4.279841e+01
431           	4.277106e+01
432           	4.274390e+01
433           	4.271717e+01
434           	4.269100e+01
435           	4.266513e+01
436           	4.263950e+01
437           	4.261433e+01
438           	4.258934e+01
439           	4.256432e+01
440           	4.253959e+01
441           	4.251491e+01
442           	4.249077e+01
443           	4.246662e+01
444           	4.244241e+01
445           	4.241807e+01
446           	4.239417e+01
447           	4.237100e+01
448           	4.234824e+01
449           	4.232567e+01
450           	4.230372e+01
451           	4.228543e+01
452           	4.226876e+01
453           	4.225089e+01
454           	4.223026e+01
455           	4.220699e+01
456           	4.218200e+01
457           	4.215784e+01
458           	4.213560e+01
459           	4.211503e+01
460           	4.209471e+01
461           	4.207488e+01
462           	4.205588e+01
463           	4.203603e+01
464           	4.201598e+01
465           	4.199565e+01
466           	4.197511e+01
467           	4.195515e+01
468           	4.193551e+01
469           	4.191642e+01
470           	4.189787e+01
471           	4.187921e+01
472           	4.186150e+01
473           	4.184431e+01
474           	4.182705e+01
475           	4.180976e+01
476           	4.179251e+01
477           	4.177586e+01
478           	4.175923e+01
479           	4.174255e+01
480           	4.172560e+01
481           	4.170875e+01
482           	4.169273e+01
483           	4.167723e+01
484           	4.166177e+01
485           	4.164626e+01
486           	4.163053e+01
487           	4.161538e+01
488           	4.160064e+01
489           	4.158623e+01
490           	4.157091e+01
491           	4.155759e+01
492           	4.154875e+01
493           	4.154059e+01
494           	4.153150e+01
495           	4.152017e+01
496           	4.150455e+01
497           	4.148666e+01
498           	4.146749e+01
499           	4.144924e+01
500           	4.143378e+01
501           	4.141841e+01
502           	4.140468e+01
503           	4.139160e+01
504           	4.137849e+01
505           	4.136557e+01
506           	4.135306e+01
507           	4.134086e+01
508           	4.132865e+01
509           	4.131596e+01
510           	4.130306e+01
511           	4.129002e+01
512           	4.127800e+01
513           	4.126622e+01
514           	4.125476e+01
515           	4.124315e+01
516           	4.123147e+01
517           	4.122014e+01
518           	4.120933e+01
519           	4.119857e+01
520           	4.118772e+01
521           	4.117655e+01
522           	4.116615e+01
523           	4.115591e+01
524           	4.114609e+01
525           	4.113631e+01
526           	4.112658e+01
527           	4.111718e+01
528           	4.110777e+01
529           	4.109860e+01
530           	4.108974e+01
531           	4.108117e+01
532           	4.107261e+01
533           	4.106532e+01
534           	4.105866e+01
535           	4.105164e+01
536           	4.104411e+01
537           	4.103800e+01
538           	4.102982e+01
539           	4.102119e+01
540           	4.101313e+01
541           	4.100503e+01
542           	4.099805e+01
543           	4.099306e+01
544           	4.098601e+01
545           	4.097848e+01
546           	4.097156e+01
547           	4.096527e+01
548           	4.095887e+01
549           	4.095345e+01
550           	4.094515e+01
551           	4.093657e+01
552           	4.092895e+01
553           	4.092122e+01
554           	4.091373e+01
555           	4.090592e+01
556           	4.089768e+01
557           	4.088944e+01
558           	4.088121e+01
559           	4.087289e+01
560           	4.086480e+01
561           	4.085685e+01
562           	4.084951e+01
563           	4.084216e+01
564           	4.083464e+01
565           	4.082681e+01
566           	4.081918e+01
567           	4.081204e+01
568           	4.080512e+01
569           	4.079800e+01
570           	4.079074e+01
571           	4.078338e+01
572           	4.077692e+01
573           	4.077035e+01
574           	4.076584e+01
575           	4.076494e+01
576           	4.076455e+01
577           	4.076375e+01
578           	4.076012e+01
579           	4.075323e+01
580           	4.074386e+01
581           	4.073313e+01
582           	4.072313e+01
583           	4.071585e+01
584           	4.070853e+01
585           	4.070263e+01
586           	4.069771e+01
587           	4.069396e+01
588           	4.069016e+01
589           	4.068606e+01
590           	4.068165e+01
591           	4.067695e+01
592           	4.067227e+01
593           	4.066758e+01
594           	4.066273e+01
595           	4.065794e+01
596           	4.065343e+01
597           	4.064968e+01
598           	4.064603e+01
599           	4.064221e+01
600           	4.063789e+01
601           	4.063340e+01
602           	4.062944e+01
603           	4.062578e+01
604           	4.062191e+01
605           	4.061782e+01
606           	4.061337e+01
607           	4.060938e+01
608           	4.060570e+01
609           	4.060213e+01
610           	4.059820e+01
611           	4.059406e+01
612           	4.059004e+01
613           	4.058611e+01
614           	4.058271e+01
615           	4.057849e+01
616           	4.057513e+01
617           	4.057269e+01
618           	4.056969e+01
619           	4.056591e+01
620           	4.056292e+01
621           	4.055712e+01
622           	4.055162e+01
623           	4.054681e+01
624           	4.054209e+01
625           	4.053745e+01
626           	4.053440e+01
627           	4.053000e+01
628           	4.052546e+01
629           	4.052064e+01
630           	4.051569e+01
631           	4.051061e+01
632           	4.050634e+01
633           	4.050223e+01
634           	4.049801e+01
635           	4.049332e+01
636           	4.048832e+01
637           	4.048350e+01
638           	4.047903e+01
639           	4.047442e+01
640           	4.046958e+01
641           	4.046430e+01
642           	4.045924e+01
643           	4.045408e+01
644           	4.044910e+01
645           	4.044336e+01
646           	4.043834e+01
647           	4.043667e+01
648           	4.043590e+01
649           	4.043317e+01
650           	4.042803e+01
651           	4.042171e+01
652           	4.041409e+01
653           	4.040604e+01
654           	4.039901e+01
655           	4.039059e+01
656           	4.038273e+01
657           	4.037642e+01
658           	4.037087e+01
659           	4.036538e+01
660           	4.035974e+01
661           	4.035372e+01
662           	4.034821e+01
663           	4.034256e+01
664           	4.033649e+01
665           	4.032986e+01
666           	4.032296e+01
667           	4.031636e+01
668           	4.031030e+01
669           	4.030405e+01
670           	4.029790e+01
671           	4.029147e+01
672           	4.028515e+01
673           	4.027875e+01
674           	4.027255e+01
675           	4.026618e+01
676           	4.025963e+01
677           	4.025318e+01
678           	4.024669e+01
679           	4.023988e+01
680           	4.023341e+01
681           	4.022827e+01
682           	4.022413e+01
683           	4.021951e+01
684           	4.021321e+01
685           	4.020716e+01
686           	4.019878e+01
687           	4.019011e+01
688           	4.018207e+01
689           	4.017426e+01
690           	4.016773e+01
691           	4.015962e+01
692           	4.015312e+01
693           	4.014799e+01
694           	4.014245e+01
695           	4.013640e+01
696           	4.012925e+01
697           	4.012171e+01
698           	4.011438e+01
699           	4.010701e+01
700           	4.009911e+01
701           	4.009136e+01
702           	4.008413e+01
703           	4.007740e+01
704           	4.007083e+01
705           	4.006453e+01
706           	4.005783e+01
707           	4.005119e+01
708           	4.004412e+01
709           	4.003677e+01
710           	4.003049e+01
711           	4.002243e+01
712           	4.001574e+01
713           	4.000938e+01
714           	4.000283e+01
715           	3.999556e+01
716           	3.998896e+01
717           	3.998038e+01
718           	3.997263e+01
719           	3.996584e+01
720           	3.995816e+01
721           	3.995015e+01
722           	3.994298e+01
723           	3.993608e+01
724           	3.993024e+01
725           	3.992122e+01
726           	3.991268e+01
727           	3.990486e+01
728           	3.989801e+01
729           	3.989060e+01
730           	3.988457e+01
731           	3.987611e+01
732           	3.986766e+01
733           	3.985945e+01
734           	3.985160e+01
735           	3.984337e+01
736           	3.983522e+01
737           	3.982752e+01
738           	3.981969e+01
739           	3.981159e+01
740           	3.980323e+01
741           	3.979453e+01
742           	3.978654e+01
743           	3.977885e+01
744           	3.977096e+01
745           	3.976292e+01
746           	3.975488e+01
747           	3.974733e+01
748           	3.973963e+01
749           	3.973163e+01
750           	3.972307e+01
751           	3.971432e+01
752           	3.970614e+01
753           	3.969828e+01
754           	3.969031e+01
755           	3.968206e+01
756           	3.967427e+01
757           	3.966507e+01
758           	3.965809e+01
759           	3.965160e+01
760           	3.964456e+01
761           	3.963655e+01
762           	3.962910e+01
763           	3.962105e+01
764           	3.961140e+01
765           	3.960183e+01
766           	3.959297e+01
767           	3.958462e+01
768           	3.957625e+01
769           	3.956826e+01
770           	3.956182e+01
771           	3.955358e+01
772           	3.954556e+01
773           	3.953712e+01
774           	3.952773e+01
775           	3.951788e+01
776           	3.950830e+01
777           	3.950001e+01
778           	3.949173e+01
779           	3.948323e+01
780           	3.947445e+01
781           	3.946549e+01
782           	3.945714e+01
783           	3.944875e+01
784           	3.944041e+01
785           	3.943197e+01
786           	3.942342e+01
787           	3.941516e+01
788           	3.940725e+01
789           	3.939916e+01
790           	3.939074e+01
791           	3.938189e+01
792           	3.937330e+01
793           	3.936468e+01
794           	3.935632e+01
795           	3.934787e+01
796           	3.933935e+01
797           	3.933102e+01
798           	3.932267e+01
799           	3.931526e+01
800           	3.931035e+01
801           	3.931079e+01
802           	3.931233e+01
803           	3.931068e+01
804           	3.930374e+01
805           	3.929312e+01
806           	3.927649e+01
807           	3.925964e+01
808           	3.924465e+01
809           	3.923187e+01
810           	3.922087e+01
811           	3.921230e+01
812           	3.920496e+01
813           	3.919782e+01
814           	3.919066e+01
815           	3.918207e+01
816           	3.917307e+01
817           	3.916384e+01
818           	3.915450e+01
819           	3.914530e+01
820           	3.913598e+01
821           	3.912658e+01
822           	3.911781e+01
823           	3.910931e+01
824           	3.910134e+01
825           	3.909314e+01
826           	3.908453e+01
827           	3.907605e+01
828           	3.906720e+01
829           	3.905816e+01
830           	3.904903e+01
831           	3.903992e+01
832           	3.903151e+01
833           	3.902321e+01
834           	3.901480e+01
835           	3.900609e+01
836           	3.899778e+01
837           	3.898963e+01
838           	3.898146e+01
839           	3.897283e+01
840           	3.896391e+01
841           	3.895478e+01
842           	3.894636e+01
843           	3.893819e+01
844           	3.893000e+01
845           	3.892199e+01
846           	3.891236e+01
847           	3.890488e+01
848           	3.889844e+01
849           	3.889151e+01
850           	3.888367e+01
851           	3.887583e+01
852           	3.886551e+01
853           	3.885497e+01
854           	3.884578e+01
855           	3.883725e+01
856           	3.882876e+01
857           	3.882176e+01
858           	3.881269e+01
859           	3.880294e+01
860           	3.879369e+01
861           	3.878441e+01
862           	3.877577e+01
863           	3.876743e+01
864           	3.875893e+01
865           	3.875038e+01
866           	3.874210e+01
867           	3.873443e+01
868           	3.872665e+01
869           	3.871818e+01
870           	3.870921e+01
871           	3.870019e+01
872           	3.869183e+01
873           	3.868388e+01
874           	3.867577e+01
875           	3.866748e+01
876           	3.865885e+01
877           	3.865065e+01
878           	3.864349e+01
879           	3.863538e+01
880           	3.862800e+01
881           	3.862098e+01
882           	3.861366e+01
883           	3.860625e+01
884           	3.859915e+01
885           	3.858943e+01
886           	3.857964e+01
887           	3.857106e+01
888           	3.856269e+01
889           	3.855450e+01
890           	3.854809e+01
891           	3.853985e+01
892           	3.853166e+01
893           	3.852378e+01
894           	3.851749e+01
895           	3.850897e+01
896           	3.850026e+01
897           	3.849247e+01
898           	3.848535e+01
899           	3.847769e+01
900           	3.847109e+01
901           	3.846184e+01
902           	3.845285e+01
903           	3.844476e+01
904           	3.843716e+01
905           	3.842925e+01
906           	3.842094e+01
907           	3.841316e+01
908           	3.840533e+01
909           	3.839780e+01
910           	3.839003e+01
911           	3.838219e+01
912           	3.837469e+01
913           	3.836742e+01
914           	3.836009e+01
915           	3.835286e+01
916           	3.834509e+01
917           	3.833784e+01
918           	3.833038e+01
919           	3.832271e+01
920           	3.831521e+01
921           	3.830813e+01
922           	3.830113e+01
923           	3.829361e+01
924           	3.828634e+01
925           	3.827884e+01
926           	3.827140e+01
927           	3.826452e+01
928           	3.825768e+01
929           	3.825070e+01
930           	3.824379e+01
931           	3.823582e+01
932           	3.822987e+01
933           	3.822501e+01
934           	3.821929e+01
935           	3.821252e+01
936           	3.820622e+01
937           	3.819776e+01
938           	3.818943e+01
939           	3.818212e+01
940           	3.817496e+01
941           	3.816795e+01
942           	3.816286e+01
943           	3.815567e+01
944           	3.814838e+01
945           	3.814161e+01
946           	3.813482e+01
947           	3.812825e+01
948           	3.812149e+01
949           	3.811437e+01
950           	3.810749e+01
951           	3.810075e+01
952           	3.809441e+01
953           	3.808829e+01
954           	3.808198e+01
955           	3.807559e+01
956           	3.806926e+01
957           	3.806339e+01
958           	3.805747e+01
959           	3.805141e+01
960           	3.804492e+01
961           	3.803834e+01
962           	3.803238e+01
963           	3.802675e+01
964           	3.802096e+01
965           	3.801494e+01
966           	3.800943e+01
967           	3.800304e+01
968           	3.799810e+01
969           	3.799396e+01
970           	3.798893e+01
971           	3.798307e+01
972           	3.797815e+01
973           	3.797051e+01
974           	3.796354e+01
975           	3.795781e+01
976           	3.795227e+01
977           	3.794712e+01
978           	3.794168e+01
979           	3.793586e+01
980           	3.793119e+01
981           	3.792421e+01
982           	3.791889e+01
983           	3.791447e+01
984           	3.791003e+01
985           	3.790496e+01
986           	3.789943e+01
987           	3.789406e+01
988           	3.789006e+01
989           	3.788349e+01
990           	3.787734e+01
991           	3.787206e+01
992           	3.786770e+01
993           	3.786355e+01
994           	3.785888e+01
995           	3.785358e+01
996           	3.784715e+01
997           	3.784170e+01
998           	3.783906e+01
999           	3.783729e+01
1000          	3.783448e+01
1001          	3.783030e+01
1002          	3.782609e+01
1003          	3.781943e+01
1004          	3.781244e+01
1005          	3.780565e+01
1006          	3.779960e+01
1007          	3.779457e+01
1008          	3.779015e+01
1009          	3.778594e+01
1010          	3.778205e+01
1011          	3.777786e+01
1012          	3.777399e+01
1013          	3.776982e+01
1014          	3.776531e+01
1015          	3.776037e+01
1016          	3.775562e+01
1017          	3.775137e+01
1018          	3.774734e+01
1019          	3.774311e+01
1020          	3.773868e+01
1021          	3.773406e+01
1022          	3.773020e+01
1023          	3.772653e+01
1024          	3.772282e+01
1025          	3.771962e+01
1026          	3.771476e+01
1027          	3.771114e+01
1028          	3.770857e+01
1029          	3.770561e+01
1030          	3.770218e+01
1031          	3.769772e+01
1032          	3.769314e+01
1033          	3.769014e+01
1034          	3.768548e+01
1035          	3.768106e+01
1036          	3.767800e+01
1037          	3.767827e+01
1038          	3.767550e+01
1039          	3.767120e+01
1040          	3.766603e+01
1041          	3.766083e+01
1042          	3.765628e+01
1043          	3.765231e+01
1044          	3.764859e+01
1045          	3.764518e+01
1046          	3.764215e+01
1047          	3.763988e+01
1048          	3.763752e+01
1049          	3.763484e+01
1050          	3.763160e+01
1051          	3.762816e+01
1052          	3.762526e+01
1053          	3.762266e+01
1054          	3.761990e+01
1055          	3.761696e+01
1056          	3.761370e+01
1057          	3.761093e+01
1058          	3.760849e+01
1059          	3.760619e+01
1060          	3.760455e+01
1061          	3.760126e+01
1062          	3.759902e+01
1063          	3.759750e+01
1064          	3.759578e+01
1065          	3.759361e+01
1066          	3.759059e+01
1067          	3.758752e+01
1068          	3.758601e+01
1069          	3.758241e+01
1070          	3.757915e+01
1071          	3.757736e+01
1072          	3.757849e+01
1073          	3.757718e+01
1074          	3.757450e+01
1075          	3.757059e+01
1076          	3.756663e+01
1077          	3.756330e+01
1078          	3.756054e+01
1079          	3.755800e+01
1080          	3.755562e+01
1081          	3.755328e+01
1082          	3.755184e+01
1083          	3.755063e+01
1084          	3.754919e+01
1085          	3.754720e+01
1086          	3.754483e+01
1087          	3.754264e+01
1088          	3.754086e+01
1089          	3.753908e+01
1090          	3.753721e+01
1091          	3.753506e+01
1092          	3.753328e+01
1093          	3.753150e+01
1094          	3.752998e+01
1095          	3.752828e+01
1096          	3.752643e+01
1097          	3.752654e+01
1098          	3.752731e+01
1099          	3.752714e+01
1100          	3.752599e+01
1101          	3.752502e+01
1102          	3.752192e+01
1103          	3.751843e+01
1104          	3.751494e+01
1105          	3.751196e+01
1106          	3.751108e+01
1107          	3.750903e+01
1108          	3.750815e+01
1109          	3.750816e+01
1110          	3.750765e+01
1111          	3.750657e+01
1112          	3.750526e+01
1113          	3.750369e+01
1114          	3.750164e+01
1115          	3.749939e+01
1116          	3.749699e+01
1117          	3.749541e+01
1118          	3.749443e+01
1119          	3.749374e+01
1120          	3.749280e+01
1121          	3.749159e+01
1122          	3.749040e+01
1123          	3.748920e+01
1124          	3.748798e+01
1125          	3.748675e+01
1126          	3.748616e+01
1127          	3.748450e+01
1128          	3.748381e+01
1129          	3.748359e+01
1130          	3.748315e+01
1131          	3.748227e+01
1132          	3.748043e+01
1133          	3.747830e+01
1134          	3.747773e+01
1135          	3.747793e+01
1136          	3.747792e+01
1137          	3.747771e+01
1138          	3.747790e+01
1139          	3.747553e+01
1140          	3.747232e+01
1141          	3.746904e+01
1142          	3.746712e+01
1143          	3.746600e+01
1144          	3.746527e+01
1145          	3.746443e+01
1146          	3.746346e+01
1147          	3.746265e+01
1148          	3.746215e+01
1149          	3.746148e+01
1150          	3.746050e+01
1151          	3.745910e+01
1152          	3.745801e+01
1153          	3.745692e+01
1154          	3.745613e+01
1155          	3.745525e+01
1156          	3.745431e+01
1157          	3.745358e+01
1158          	3.745285e+01
1159          	3.745251e+01
1160          	3.745117e+01
1161          	3.745095e+01
1162          	3.745177e+01
1163          	3.745220e+01
1164          	3.745178e+01
1165          	3.745165e+01
1166          	3.744885e+01
1167          	3.744705e+01
1168          	3.744629e+01
1169          	3.744560e+01
1170          	3.744483e+01
1171          	3.744373e+01
1172          	3.744320e+01
1173          	3.744336e+01
1174          	3.744218e+01
1175          	3.744169e+01
1176          	3.744171e+01
1177          	3.744184e+01
1178          	3.744191e+01
1179          	3.744120e+01
1180          	3.743993e+01
1181          	3.743989e+01
1182          	3.743787e+01
1183          	3.743628e+01
1184          	3.743594e+01
1185          	3.743577e+01
1186          	3.743545e+01
1187          	3.743622e+01
1188          	3.743428e+01
1189          	3.743304e+01
1190          	3.743279e+01
1191          	3.743255e+01
1192          	3.743258e+01
1193          	3.743205e+01
1194          	3.743101e+01
1195          	3.742946e+01
1196          	3.742817e+01
1197          	3.742751e+01
1198          	3.742723e+01
1199          	3.742680e+01
1200          	3.742617e+01
1201          	3.742528e+01
1202          	3.742509e+01
1203          	3.742498e+01
1204          	3.742476e+01
1205          	3.742407e+01
1206          	3.742312e+01
1207          	3.742243e+01
1208          	3.742220e+01
1209          	3.742266e+01
1210          	3.742175e+01
1211          	3.742157e+01
1212          	3.742234e+01
1213          	3.742274e+01
1214          	3.742277e+01
1215          	3.742294e+01
1216          	3.742034e+01
1217          	3.741892e+01
1218          	3.741848e+01
1219          	3.741818e+01
1220          	3.741807e+01
1221          	3.741757e+01
1222          	3.741716e+01
1223          	3.741825e+01
1224          	3.741712e+01
1225          	3.741555e+01
1226          	3.741474e+01
1227          	3.741457e+01
1228          	3.741449e+01
1229          	3.741391e+01
1230          	3.741281e+01
1231          	3.741255e+01
1232          	3.741073e+01
1233          	3.741066e+01
1234          	3.741169e+01
1235          	3.741229e+01
1236          	3.741212e+01
1237          	3.741150e+01
1238          	3.741063e+01
1239          	3.740935e+01
1240          	3.740796e+01
1241          	3.740648e+01
1242          	3.740565e+01
1243          	3.740505e+01
1244          	3.740492e+01
1245          	3.740474e+01
1246          	3.740440e+01
1247          	3.740411e+01
1248          	3.740368e+01
1249          	3.740290e+01
1250          	3.740219e+01
1251          	3.740136e+01
1252          	3.740097e+01
1253          	3.740168e+01
1254          	3.739984e+01
1255          	3.739897e+01
1256          	3.739914e+01
1257          	3.739963e+01
1258          	3.739981e+01
1259          	3.739894e+01
1260          	3.739725e+01
1261          	3.739688e+01
1262          	3.739496e+01
1263          	3.739353e+01
1264          	3.739308e+01
1265          	3.739251e+01
1266          	3.739153e+01
1267          	3.739228e+01
1268          	3.739078e+01
1269          	3.738911e+01
1270          	3.738802e+01
1271          	3.738673e+01
1272          	3.738556e+01
1273          	3.738559e+01
1274          	3.738306e+01
1275          	3.738122e+01
1276          	3.738013e+01
1277          	3.737935e+01
1278          	3.737833e+01
1279          	3.737673e+01
1280          	3.737490e+01
1281          	3.737280e+01
1282          	3.737108e+01
1283          	3.736928e+01
1284          	3.736749e+01
1285          	3.736548e+01
1286          	3.736360e+01
1287          	3.736218e+01
1288          	3.736082e+01
1289          	3.735902e+01
1290          	3.735680e+01
1291          	3.735418e+01
1292          	3.735220e+01
1293          	3.735031e+01
1294          	3.734830e+01
1295          	3.734583e+01
1296          	3.734306e+01
1297          	3.734144e+01
1298          	3.733876e+01
1299          	3.733698e+01
1300          	3.733535e+01
1301          	3.733314e+01
1302          	3.733070e+01
1303          	3.732809e+01
1304          	3.732389e+01
1305          	3.732062e+01
1306          	3.731812e+01
1307          	3.731571e+01
1308          	3.731312e+01
1309          	3.731140e+01
1310          	3.730689e+01
1311          	3.730264e+01
1312          	3.729954e+01
1313          	3.729651e+01
1314          	3.729321e+01
1315          	3.728946e+01
1316          	3.728582e+01
1317          	3.728231e+01
1318          	3.727892e+01
1319          	3.727537e+01
1320          	3.727168e+01
1321          	3.726781e+01
1322          	3.726463e+01
1323          	3.726160e+01
1324          	3.725843e+01
1325          	3.725487e+01
1326          	3.725095e+01
1327          	3.724733e+01
1328          	3.724348e+01
1329          	3.724116e+01
1330          	3.723939e+01
1331          	3.723693e+01
1332          	3.723379e+01
1333          	3.723117e+01
1334          	3.722608e+01
1335          	3.722044e+01
1336          	3.721651e+01
1337          	3.721158e+01
1338          	3.720700e+01
1339          	3.720273e+01
1340          	3.719895e+01
1341          	3.719527e+01
1342          	3.719208e+01
1343          	3.718875e+01
1344          	3.718513e+01
1345          	3.718113e+01
1346          	3.717728e+01
1347          	3.717392e+01
1348          	3.717057e+01
1349          	3.716704e+01
1350          	3.716318e+01
1351          	3.715905e+01
1352          	3.715562e+01
1353          	3.715232e+01
1354          	3.714904e+01
1355          	3.714509e+01
1356          	3.714117e+01
1357          	3.713941e+01
1358          	3.713894e+01
1359          	3.713785e+01
1360          	3.713520e+01
1361          	3.713216e+01
1362          	3.712695e+01
1363          	3.712137e+01
1364          	3.711614e+01
1365          	3.711171e+01
1366          	3.710880e+01
1367          	3.710454e+01
1368          	3.710190e+01
1369          	3.710033e+01
1370          	3.709883e+01
1371          	3.709674e+01
1372          	3.709405e+01
1373          	3.709069e+01
1374          	3.708657e+01
1375          	3.708232e+01
1376          	3.707847e+01
1377          	3.707570e+01
1378          	3.707329e+01
1379          	3.707109e+01
1380          	3.706856e+01
1381          	3.706593e+01
1382          	3.706382e+01
1383          	3.706194e+01
1384          	3.705983e+01
1385          	3.705744e+01
1386          	3.705470e+01
1387          	3.705246e+01
1388          	3.705145e+01
1389          	3.704935e+01
1390          	3.704802e+01
1391          	3.704719e+01
1392          	3.704637e+01
1393          	3.704515e+01
1394          	3.704342e+01
1395          	3.704128e+01
1396          	3.704060e+01
1397          	3.703821e+01
1398          	3.703605e+01
1399          	3.703532e+01
1400          	3.703759e+01
1401          	3.703716e+01
1402          	3.703586e+01
1403          	3.703357e+01
1404          	3.703094e+01
1405          	3.702827e+01
1406          	3.702633e+01
1407          	3.702544e+01
1408          	3.702518e+01
1409          	3.702494e+01
1410          	3.702453e+01
1411          	3.702382e+01
1412          	3.702375e+01
1413          	3.702368e+01
1414          	3.702349e+01
1415          	3.702280e+01
1416          	3.702186e+01
1417          	3.702122e+01
1418          	3.702108e+01
1419          	3.702099e+01
1420          	3.702081e+01
1421          	3.702032e+01
1422          	3.702013e+01
1423          	3.702052e+01
1424          	3.702015e+01
1425          	3.702077e+01
1426          	3.702186e+01
1427          	3.702272e+01
1428          	3.702288e+01
1429          	3.702358e+01
1430          	3.702165e+01
1431          	3.702001e+01
1432          	3.701969e+01
1433          	3.701960e+01
1434          	3.701954e+01
1435          	3.701919e+01
1436          	3.701893e+01
1437          	3.701890e+01
1438          	3.701879e+01
1439          	3.702025e+01
1440          	3.702220e+01
1441          	3.702338e+01
1442          	3.702427e+01
1443          	3.702584e+01
1444          	3.702472e+01
1445          	3.702295e+01
1446          	3.702282e+01
1447          	3.702150e+01
1448          	3.702104e+01
1449          	3.702296e+01
1450          	3.702327e+01
1451          	3.702326e+01
1452          	3.702349e+01
1453          	3.702401e+01
1454          	3.702465e+01
1455          	3.702520e+01
1456          	3.702535e+01
1457          	3.702588e+01
1458          	3.702645e+01
1459          	3.702698e+01
1460          	3.702760e+01
1461          	3.702832e+01
1462          	3.702931e+01
1463          	3.703034e+01
1464          	3.703091e+01
1465          	3.703121e+01
1466          	3.703150e+01
1467          	3.703241e+01
1468          	3.703336e+01
1469          	3.703418e+01
1470          	3.703401e+01
1471          	3.703467e+01
1472          	3.703854e+01
1473          	3.704346e+01
1474          	3.704704e+01
1475          	3.704853e+01
1476          	3.704860e+01
1477          	3.704766e+01
1478          	3.704635e+01
1479          	3.704609e+01
1480          	3.704452e+01
1481          	3.704339e+01
1482          	3.704322e+01
1483          	3.704400e+01
1484          	3.704533e+01
1485          	3.704682e+01
1486          	3.704797e+01
1487          	3.704925e+01
1488          	3.705016e+01
1489          	3.705083e+01
1490          	3.705139e+01
1491          	3.705203e+01
1492          	3.705304e+01
1493          	3.705417e+01
1494          	3.705502e+01
1495          	3.705578e+01
1496          	3.705660e+01
1497          	3.705799e+01
1498          	3.705938e+01
1499          	3.706054e+01
1500          	3.706125e+01
1501          	3.706186e+01
1502          	3.706311e+01
1503          	3.706473e+01
1504          	3.706675e+01
1505          	3.706736e+01
1506          	3.706880e+01
1507          	3.707121e+01
1508          	3.707364e+01
1509          	3.707547e+01
1510          	3.707781e+01
1511          	3.707703e+01
1512          	3.707669e+01
1513          	3.707739e+01
1514          	3.707853e+01
1515          	3.707985e+01
1516          	3.708092e+01
1517          	3.708227e+01
1518          	3.708272e+01
1519          	3.708389e+01
1520          	3.708770e+01
1521          	3.709249e+01
1522          	3.709661e+01
1523          	3.709901e+01
1524          	3.710036e+01
1525          	3.710043e+01
1526          	3.709963e+01
1527          	3.710012e+01
1528          	3.710252e+01
1529          	3.710336e+01
1530          	3.710397e+01
1531          	3.710418e+01
1532          	3.710520e+01
1533          	3.710654e+01
1534          	3.710798e+01
1535          	3.710924e+01
1536          	3.711045e+01
1537          	3.711210e+01
1538          	3.711434e+01
1539          	3.711665e+01
1540          	3.711883e+01
1541          	3.712065e+01
1542          	3.712271e+01
1543          	3.712470e+01
1544          	3.712690e+01
1545          	3.712894e+01
1546          	3.713087e+01
1547          	3.713299e+01
1548          	3.713510e+01
1549          	3.713696e+01
1550          	3.713897e+01
1551          	3.714090e+01
1552          	3.714325e+01
1553          	3.714545e+01
1554          	3.714743e+01
1555          	3.714905e+01
1556          	3.715085e+01
1557          	3.715307e+01
1558          	3.715539e+01
1559          	3.715846e+01
1560          	3.715903e+01
1561          	3.716050e+01
1562          	3.716353e+01
1563          	3.716661e+01
1564          	3.716905e+01
1565          	3.717037e+01
1566          	3.717094e+01
1567          	3.717331e+01
1568          	3.717389e+01
1569          	3.717470e+01
1570          	3.717645e+01
1571          	3.717823e+01
1572          	3.718001e+01
1573          	3.718291e+01
1574          	3.718355e+01
1575          	3.718381e+01
1576          	3.718568e+01
1577          	3.718605e+01
1578          	3.718636e+01
1579          	3.718722e+01
1580          	3.718834e+01
1581          	3.718946e+01
1582          	3.719059e+01
1583          	3.719153e+01
1584          	3.719204e+01
1585          	3.719239e+01
1586          	3.719287e+01
1587          	3.719400e+01
1588          	3.719521e+01
1589          	3.719627e+01
1590          	3.719682e+01
1591          	3.719712e+01
1592          	3.719788e+01
1593          	3.719885e+01
1594          	3.719955e+01
1595          	3.719994e+01
1596          	3.719990e+01
1597          	3.720028e+01
1598          	3.720096e+01
1599          	3.720174e+01
1600          	3.720219e+01
1601          	3.720223e+01
1602          	3.720237e+01
1603          	3.720247e+01
1604          	3.720447e+01
1605          	3.720726e+01
1606          	3.720910e+01
1607          	3.720997e+01
1608          	3.721093e+01
1609          	3.720912e+01
1610          	3.720700e+01
1611          	3.720503e+01
1612          	3.720428e+01
1613          	3.720535e+01
1614          	3.720422e+01
1615          	3.720423e+01
1616          	3.720542e+01
1617          	3.720708e+01
1618          	3.720827e+01
1619          	3.720836e+01
1620          	3.720745e+01
1621          	3.720601e+01
1622          	3.720532e+01
1623          	3.720507e+01
1624          	3.720508e+01
1625          	3.720502e+01
1626          	3.720487e+01
1627          	3.720505e+01
1628          	3.720561e+01
1629          	3.720595e+01
1630          	3.720596e+01
1631          	3.720549e+01
1632          	3.720524e+01
1633          	3.720560e+01
1634          	3.720507e+01
1635          	3.720574e+01
1636          	3.720673e+01
1637          	3.720775e+01
1638          	3.720791e+01
1639          	3.720867e+01
1640          	3.720675e+01
1641          	3.720515e+01
1642          	3.720455e+01
1643          	3.720425e+01
1644          	3.720391e+01
1645          	3.720313e+01
1646          	3.720259e+01
1647          	3.720301e+01
1648          	3.720238e+01
1649          	3.720236e+01
1650          	3.720285e+01
1651          	3.720284e+01
1652          	3.720285e+01
1653          	3.720229e+01
1654          	3.720125e+01
1655          	3.720174e+01
1656          	3.719959e+01
1657          	3.719786e+01
1658          	3.719751e+01
1659          	3.719735e+01
1660          	3.719695e+01
1661          	3.719734e+01
1662          	3.719549e+01
1663          	3.719421e+01
1664          	3.719398e+01
1665          	3.719369e+01
1666          	3.719299e+01
1667          	3.719198e+01
1668          	3.719061e+01
1669          	3.718901e+01
1670          	3.718762e+01
1671          	3.718629e+01
1672          	3.718551e+01
1673          	3.718469e+01
1674          	3.718371e+01
1675          	3.718242e+01
1676          	3.718128e+01
1677          	3.718047e+01
1678          	3.717967e+01
1679          	3.717844e+01
1680          	3.717693e+01
1681          	3.717508e+01
1682          	3.717394e+01
1683          	3.717397e+01
1684          	3.717229e+01
1685          	3.717103e+01
1686          	3.717028e+01
1687          	3.716927e+01
1688          	3.716840e+01
1689          	3.716692e+01
1690          	3.716472e+01
1691          	3.716398e+01
1692          	3.716130e+01
1693          	3.715882e+01
1694          	3.715789e+01
1695          	3.715866e+01
1696          	3.715774e+01
1697          	3.715665e+01
1698          	3.715432e+01
1699          	3.715156e+01
1700          	3.714870e+01
1701          	3.714609e+01
1702          	3.714415e+01
1703          	3.714271e+01
1704          	3.714120e+01
1705          	3.713968e+01
1706          	3.713815e+01
1707          	3.713721e+01
1708          	3.713626e+01
1709          	3.713516e+01
1710          	3.713363e+01
1711          	3.713197e+01
1712          	3.713074e+01
1713          	3.712946e+01
1714          	3.712811e+01
1715          	3.712687e+01
1716          	3.712527e+01
1717          	3.712405e+01
1718          	3.712309e+01
1719          	3.712221e+01
1720          	3.712142e+01
1721          	3.711953e+01
1722          	3.711922e+01
1723          	3.711954e+01
1724          	3.711960e+01
1725          	3.711891e+01
1726          	3.711900e+01
1727          	3.711648e+01
1728          	3.711378e+01
1729          	3.711169e+01
1730          	3.711003e+01
1731          	3.710875e+01
1732          	3.710956e+01
1733          	3.711006e+01
1734          	3.710770e+01
1735          	3.710535e+01
1736          	3.710332e+01
1737          	3.710208e+01
1738          	3.710094e+01
1739          	3.709956e+01
1740          	3.709789e+01
1741          	3.709631e+01
1742          	3.709552e+01
1743          	3.709509e+01
1744          	3.709457e+01
1745          	3.709369e+01
1746          	3.709232e+01
1747          	3.709126e+01
1748          	3.709034e+01
1749          	3.708939e+01
1750          	3.708811e+01
1751          	3.708655e+01
1752          	3.708520e+01
1753          	3.708400e+01
1754          	3.708463e+01
1755          	3.708284e+01
1756          	3.708138e+01
1757          	3.708071e+01
1758          	3.707972e+01
1759          	3.707839e+01
1760          	3.707662e+01
1761          	3.707464e+01
1762          	3.707458e+01
1763          	3.707268e+01
1764          	3.707034e+01
1765          	3.706842e+01
1766          	3.706677e+01
1767          	3.706556e+01
1768          	3.706539e+01
1769          	3.706900e+01
1770          	3.707971e+01
1771          	3.709117e+01
1772          	3.709855e+01
1773          	3.709899e+01
1774          	3.709231e+01
1775          	3.708062e+01
1776          	3.706726e+01
1777          	3.705638e+01
1778          	3.705095e+01
1779          	3.704636e+01
1780          	3.704324e+01
1781          	3.704068e+01
1782          	3.703883e+01
1783          	3.703687e+01
1784          	3.703446e+01
1785          	3.703137e+01
1786          	3.702784e+01
1787          	3.702435e+01
1788          	3.702095e+01
1789          	3.701762e+01
1790          	3.701479e+01
1791          	3.701200e+01
1792          	3.700995e+01
1793          	3.700781e+01
1794          	3.700535e+01
1795          	3.700230e+01
1796          	3.699933e+01
1797          	3.699657e+01
1798          	3.699383e+01
1799          	3.699093e+01
1800          	3.698792e+01
