# Region type : patch out
# Faces  :    142
# Area   :    1.250000e-07
# Time        	areaAverage(p)
0             	0.000000e+00
1             	3.121792e+04
2             	2.709104e+04
3             	1.551282e+04
4             	3.318465e+03
5             	-5.618209e+03
6             	-9.913735e+03
7             	-1.002750e+04
8             	-7.422559e+03
9             	-3.621168e+03
10            	-7.208743e+01
11            	2.346863e+03
12            	3.354180e+03
13            	3.152171e+03
14            	2.197988e+03
15            	1.007375e+03
16            	-1.600891e+01
17            	-6.448566e+02
18            	-8.345535e+02
19            	-6.777835e+02
20            	-3.299077e+02
21            	5.054955e+01
22            	3.451571e+02
23            	4.988264e+02
24            	5.130035e+02
25            	4.273389e+02
26            	2.966368e+02
27            	1.705420e+02
28            	8.167088e+01
29            	4.204891e+01
30            	4.570724e+01
31            	7.702607e+01
32            	1.179075e+02
33            	1.530218e+02
34            	1.735205e+02
35            	1.777558e+02
36            	1.690028e+02
37            	1.529273e+02
38            	1.357265e+02
39            	1.217982e+02
40            	1.134631e+02
41            	1.104429e+02
42            	1.113303e+02
43            	1.141253e+02
44            	1.168522e+02
45            	1.182879e+02
46            	1.179024e+02
47            	1.158924e+02
48            	1.127966e+02
49            	1.093639e+02
50            	1.062099e+02
51            	1.036845e+02
52            	1.018348e+02
53            	1.005790e+02
54            	9.966806e+01
55            	9.888118e+01
56            	9.800108e+01
57            	9.695360e+01
58            	9.572616e+01
59            	9.438588e+01
60            	9.301365e+01
61            	9.168262e+01
62            	9.044170e+01
63            	8.930373e+01
64            	8.827201e+01
65            	8.732682e+01
66            	8.640438e+01
67            	8.550054e+01
68            	8.459674e+01
69            	8.370091e+01
70            	8.281844e+01
71            	8.194443e+01
72            	8.109636e+01
73            	8.027390e+01
74            	7.949310e+01
75            	7.872008e+01
76            	7.797440e+01
77            	7.725341e+01
78            	7.654819e+01
79            	7.586836e+01
80            	7.519860e+01
81            	7.453805e+01
82            	7.389814e+01
83            	7.327356e+01
84            	7.266486e+01
85            	7.207563e+01
86            	7.148902e+01
87            	7.092011e+01
88            	7.036334e+01
89            	6.982316e+01
90            	6.929476e+01
91            	6.877661e+01
92            	6.827058e+01
93            	6.777560e+01
94            	6.729486e+01
95            	6.682318e+01
96            	6.635673e+01
97            	6.590131e+01
98            	6.545302e+01
99            	6.501529e+01
100           	6.458807e+01
101           	6.416651e+01
102           	6.375573e+01
103           	6.335276e+01
104           	6.296015e+01
105           	6.257164e+01
106           	6.219245e+01
107           	6.181763e+01
108           	6.145106e+01
109           	6.109272e+01
110           	6.073785e+01
111           	6.039032e+01
112           	6.004902e+01
113           	5.971590e+01
114           	5.938793e+01
115           	5.906732e+01
116           	5.875111e+01
117           	5.843928e+01
118           	5.813254e+01
119           	5.783097e+01
120           	5.753355e+01
121           	5.724282e+01
122           	5.695695e+01
123           	5.667607e+01
124           	5.640073e+01
125           	5.613028e+01
126           	5.586358e+01
127           	5.560165e+01
128           	5.534370e+01
129           	5.508895e+01
130           	5.483864e+01
131           	5.459247e+01
132           	5.435048e+01
133           	5.411318e+01
134           	5.387936e+01
135           	5.364803e+01
136           	5.342028e+01
137           	5.319565e+01
138           	5.297373e+01
139           	5.275581e+01
140           	5.254140e+01
141           	5.232973e+01
142           	5.212193e+01
143           	5.191734e+01
144           	5.171508e+01
145           	5.151619e+01
146           	5.132009e+01
147           	5.112605e+01
148           	5.093529e+01
149           	5.074729e+01
150           	5.056136e+01
151           	5.037866e+01
152           	5.019854e+01
153           	5.002040e+01
154           	4.984523e+01
155           	4.967235e+01
156           	4.950110e+01
157           	4.933249e+01
158           	4.916606e+01
159           	4.900134e+01
160           	4.883948e+01
161           	4.867995e+01
162           	4.852188e+01
163           	4.836654e+01
164           	4.821317e+01
165           	4.806078e+01
166           	4.791051e+01
167           	4.776196e+01
168           	4.761441e+01
169           	4.746914e+01
170           	4.732568e+01
171           	4.718328e+01
172           	4.704302e+01
173           	4.690464e+01
174           	4.676767e+01
175           	4.663295e+01
176           	4.650002e+01
177           	4.636747e+01
178           	4.623581e+01
179           	4.610692e+01
180           	4.597862e+01
181           	4.585230e+01
182           	4.572736e+01
183           	4.560301e+01
184           	4.548050e+01
185           	4.535930e+01
186           	4.523877e+01
187           	4.512015e+01
188           	4.500291e+01
189           	4.488632e+01
190           	4.477162e+01
191           	4.465819e+01
192           	4.454598e+01
193           	4.443484e+01
194           	4.432436e+01
195           	4.421440e+01
196           	4.410573e+01
197           	4.399827e+01
198           	4.389143e+01
199           	4.378628e+01
200           	4.368230e+01
201           	4.357875e+01
202           	4.347665e+01
203           	4.337668e+01
204           	4.327629e+01
205           	4.317664e+01
206           	4.307761e+01
207           	4.297896e+01
208           	4.288186e+01
209           	4.278596e+01
210           	4.269058e+01
211           	4.259671e+01
212           	4.250377e+01
213           	4.241106e+01
214           	4.231961e+01
215           	4.222889e+01
216           	4.213838e+01
217           	4.204914e+01
218           	4.196079e+01
219           	4.187273e+01
220           	4.178607e+01
221           	4.170032e+01
222           	4.161479e+01
223           	4.153060e+01
224           	4.144714e+01
225           	4.136398e+01
226           	4.128222e+01
227           	4.120136e+01
228           	4.112074e+01
229           	4.104149e+01
230           	4.096308e+01
231           	4.088479e+01
232           	4.080750e+01
233           	4.073108e+01
234           	4.065487e+01
235           	4.058015e+01
236           	4.050625e+01
237           	4.043250e+01
238           	4.035997e+01
239           	4.028819e+01
240           	4.021640e+01
241           	4.014600e+01
242           	4.007657e+01
243           	4.000739e+01
244           	3.993960e+01
245           	3.987270e+01
246           	3.980602e+01
247           	3.974072e+01
248           	3.967629e+01
249           	3.961209e+01
250           	3.954928e+01
251           	3.948737e+01
252           	3.942555e+01
253           	3.936475e+01
254           	3.930523e+01
255           	3.924599e+01
256           	3.918816e+01
257           	3.913129e+01
258           	3.907462e+01
259           	3.901926e+01
260           	3.896469e+01
261           	3.890988e+01
262           	3.885635e+01
263           	3.880399e+01
264           	3.875114e+01
265           	3.869906e+01
266           	3.864721e+01
267           	3.859471e+01
268           	3.854312e+01
269           	3.849192e+01
270           	3.844034e+01
271           	3.838956e+01
272           	3.833896e+01
273           	3.828771e+01
274           	3.823700e+01
275           	3.818635e+01
276           	3.813511e+01
277           	3.808448e+01
278           	3.803403e+01
279           	3.798312e+01
280           	3.793303e+01
281           	3.788327e+01
282           	3.783319e+01
283           	3.778394e+01
284           	3.773492e+01
285           	3.768577e+01
286           	3.763835e+01
287           	3.759017e+01
288           	3.754255e+01
289           	3.749556e+01
290           	3.744872e+01
291           	3.740148e+01
292           	3.735516e+01
293           	3.730936e+01
294           	3.726345e+01
295           	3.721863e+01
296           	3.717439e+01
297           	3.712999e+01
298           	3.708656e+01
299           	3.704357e+01
300           	3.700031e+01
301           	3.695796e+01
302           	3.691602e+01
303           	3.687382e+01
304           	3.683255e+01
305           	3.679170e+01
306           	3.675058e+01
307           	3.671039e+01
308           	3.667060e+01
309           	3.663050e+01
310           	3.659131e+01
311           	3.655249e+01
312           	3.651332e+01
313           	3.647507e+01
314           	3.643720e+01
315           	3.639898e+01
316           	3.636169e+01
317           	3.632479e+01
318           	3.628754e+01
319           	3.625121e+01
320           	3.621526e+01
321           	3.617894e+01
322           	3.614354e+01
323           	3.610850e+01
324           	3.607307e+01
325           	3.603854e+01
326           	3.600436e+01
327           	3.596977e+01
328           	3.593607e+01
329           	3.590270e+01
330           	3.586890e+01
331           	3.583597e+01
332           	3.580336e+01
333           	3.577032e+01
334           	3.573816e+01
335           	3.570627e+01
336           	3.567399e+01
337           	3.564261e+01
338           	3.561159e+01
339           	3.558015e+01
340           	3.554961e+01
341           	3.551938e+01
342           	3.548871e+01
343           	3.545892e+01
344           	3.542945e+01
345           	3.539953e+01
346           	3.537051e+01
347           	3.534184e+01
348           	3.531274e+01
349           	3.528455e+01
350           	3.525671e+01
351           	3.522844e+01
352           	3.520108e+01
353           	3.517409e+01
354           	3.514667e+01
355           	3.512016e+01
356           	3.509403e+01
357           	3.506747e+01
358           	3.504183e+01
359           	3.501655e+01
360           	3.499084e+01
361           	3.496603e+01
362           	3.494154e+01
363           	3.491660e+01
364           	3.489252e+01
365           	3.486873e+01
366           	3.484446e+01
367           	3.482105e+01
368           	3.479793e+01
369           	3.477434e+01
370           	3.475160e+01
371           	3.472913e+01
372           	3.470618e+01
373           	3.468406e+01
374           	3.466220e+01
375           	3.463985e+01
376           	3.461829e+01
377           	3.459698e+01
378           	3.457514e+01
379           	3.455407e+01
380           	3.453323e+01
381           	3.451185e+01
382           	3.449122e+01
383           	3.447080e+01
384           	3.444981e+01
385           	3.442958e+01
386           	3.440956e+01
387           	3.438897e+01
388           	3.436911e+01
389           	3.434946e+01
390           	3.432923e+01
391           	3.430974e+01
392           	3.429047e+01
393           	3.427062e+01
394           	3.425152e+01
395           	3.423261e+01
396           	3.421313e+01
397           	3.419439e+01
398           	3.417583e+01
399           	3.415669e+01
400           	3.413828e+01
401           	3.412006e+01
402           	3.410126e+01
403           	3.408319e+01
404           	3.406531e+01
405           	3.404683e+01
406           	3.402908e+01
407           	3.401151e+01
408           	3.399335e+01
409           	3.397591e+01
410           	3.395873e+01
411           	3.394090e+01
412           	3.392377e+01
413           	3.390678e+01
414           	3.388919e+01
415           	3.387232e+01
416           	3.385563e+01
417           	3.383836e+01
418           	3.382189e+01
419           	3.380555e+01
420           	3.378848e+01
421           	3.377217e+01
422           	3.375605e+01
423           	3.373943e+01
424           	3.372348e+01
425           	3.370768e+01
426           	3.369123e+01
427           	3.367548e+01
428           	3.365983e+01
429           	3.364359e+01
430           	3.362811e+01
431           	3.361261e+01
432           	3.359657e+01
433           	3.358129e+01
434           	3.356622e+01
435           	3.355067e+01
436           	3.353568e+01
437           	3.352082e+01
438           	3.350541e+01
439           	3.349062e+01
440           	3.347593e+01
441           	3.346060e+01
442           	3.344599e+01
443           	3.343143e+01
444           	3.341632e+01
445           	3.340192e+01
446           	3.338767e+01
447           	3.337284e+01
448           	3.335862e+01
449           	3.334454e+01
450           	3.332986e+01
451           	3.331582e+01
452           	3.330188e+01
453           	3.328729e+01
454           	3.327333e+01
455           	3.325948e+01
456           	3.324501e+01
457           	3.323119e+01
458           	3.321749e+01
459           	3.320318e+01
460           	3.318951e+01
461           	3.317595e+01
462           	3.316177e+01
463           	3.314821e+01
464           	3.313475e+01
465           	3.312070e+01
466           	3.310727e+01
467           	3.309393e+01
468           	3.307999e+01
469           	3.306666e+01
470           	3.305343e+01
471           	3.303960e+01
472           	3.302639e+01
473           	3.301330e+01
474           	3.299961e+01
475           	3.298654e+01
476           	3.297357e+01
477           	3.296000e+01
478           	3.294705e+01
479           	3.293419e+01
480           	3.292073e+01
481           	3.290788e+01
482           	3.289517e+01
483           	3.288182e+01
484           	3.286908e+01
485           	3.285642e+01
486           	3.284316e+01
487           	3.283051e+01
488           	3.281794e+01
489           	3.280480e+01
490           	3.279224e+01
491           	3.277979e+01
492           	3.276674e+01
493           	3.275429e+01
494           	3.274192e+01
495           	3.272896e+01
496           	3.271659e+01
497           	3.270430e+01
498           	3.269143e+01
499           	3.267914e+01
500           	3.266695e+01
501           	3.265418e+01
502           	3.264200e+01
503           	3.262992e+01
504           	3.261725e+01
505           	3.260519e+01
506           	3.259321e+01
507           	3.258065e+01
508           	3.256868e+01
509           	3.255681e+01
510           	3.254427e+01
511           	3.253239e+01
512           	3.252063e+01
513           	3.250830e+01
514           	3.249660e+01
515           	3.248500e+01
516           	3.247277e+01
517           	3.246115e+01
518           	3.244963e+01
519           	3.243749e+01
520           	3.242597e+01
521           	3.241456e+01
522           	3.240256e+01
523           	3.239118e+01
524           	3.237993e+01
525           	3.236810e+01
526           	3.235690e+01
527           	3.234582e+01
528           	3.233418e+01
529           	3.232316e+01
530           	3.231227e+01
531           	3.230082e+01
532           	3.229000e+01
533           	3.227927e+01
534           	3.226803e+01
535           	3.225745e+01
536           	3.224703e+01
537           	3.223603e+01
538           	3.222572e+01
539           	3.221552e+01
540           	3.220471e+01
541           	3.219455e+01
542           	3.218451e+01
543           	3.217387e+01
544           	3.216391e+01
545           	3.215408e+01
546           	3.214363e+01
547           	3.213389e+01
548           	3.212439e+01
549           	3.211435e+01
550           	3.210493e+01
551           	3.209563e+01
552           	3.208576e+01
553           	3.207650e+01
554           	3.206726e+01
555           	3.205765e+01
556           	3.204887e+01
557           	3.204027e+01
558           	3.203109e+01
559           	3.202257e+01
560           	3.201417e+01
561           	3.200517e+01
562           	3.199693e+01
563           	3.198888e+01
564           	3.198015e+01
565           	3.197220e+01
566           	3.196448e+01
567           	3.195624e+01
568           	3.194875e+01
569           	3.194146e+01
570           	3.193360e+01
571           	3.192646e+01
572           	3.191952e+01
573           	3.191196e+01
574           	3.190516e+01
575           	3.189864e+01
576           	3.189157e+01
577           	3.188523e+01
578           	3.187907e+01
579           	3.187236e+01
580           	3.186639e+01
581           	3.186064e+01
582           	3.185434e+01
583           	3.184877e+01
584           	3.184337e+01
585           	3.183738e+01
586           	3.183199e+01
587           	3.182678e+01
588           	3.182101e+01
589           	3.181591e+01
590           	3.181090e+01
591           	3.180525e+01
592           	3.180021e+01
593           	3.179524e+01
594           	3.178961e+01
595           	3.178459e+01
596           	3.177965e+01
597           	3.177406e+01
598           	3.176906e+01
599           	3.176414e+01
600           	3.175858e+01
601           	3.175359e+01
602           	3.174868e+01
603           	3.174311e+01
604           	3.173812e+01
605           	3.173320e+01
606           	3.172764e+01
607           	3.172267e+01
608           	3.171777e+01
609           	3.171232e+01
610           	3.170730e+01
611           	3.170244e+01
612           	3.169686e+01
613           	3.169183e+01
614           	3.168692e+01
615           	3.168114e+01
616           	3.167612e+01
617           	3.167099e+01
618           	3.166525e+01
619           	3.166011e+01
620           	3.165503e+01
621           	3.164927e+01
622           	3.164406e+01
623           	3.163885e+01
624           	3.163295e+01
625           	3.162757e+01
626           	3.162223e+01
627           	3.161621e+01
628           	3.161076e+01
629           	3.160535e+01
630           	3.159926e+01
631           	3.159373e+01
632           	3.158826e+01
633           	3.158212e+01
634           	3.157655e+01
635           	3.157105e+01
636           	3.156488e+01
637           	3.155931e+01
638           	3.155381e+01
639           	3.154764e+01
640           	3.154209e+01
641           	3.153661e+01
642           	3.153045e+01
643           	3.152488e+01
644           	3.151937e+01
645           	3.151318e+01
646           	3.150758e+01
647           	3.150202e+01
648           	3.149578e+01
649           	3.149010e+01
650           	3.148447e+01
651           	3.147814e+01
652           	3.147237e+01
653           	3.146664e+01
654           	3.146020e+01
655           	3.145431e+01
656           	3.144846e+01
657           	3.144189e+01
658           	3.143589e+01
659           	3.142991e+01
660           	3.142323e+01
661           	3.141712e+01
662           	3.141105e+01
663           	3.140429e+01
664           	3.139813e+01
665           	3.139202e+01
666           	3.138522e+01
667           	3.137905e+01
668           	3.137293e+01
669           	3.136612e+01
670           	3.135990e+01
671           	3.135375e+01
672           	3.134688e+01
673           	3.134064e+01
674           	3.133450e+01
675           	3.132768e+01
676           	3.132150e+01
677           	3.131539e+01
678           	3.130857e+01
679           	3.130236e+01
680           	3.129623e+01
681           	3.128942e+01
682           	3.128322e+01
683           	3.127710e+01
684           	3.127028e+01
685           	3.126410e+01
686           	3.125797e+01
687           	3.125112e+01
688           	3.124488e+01
689           	3.123870e+01
690           	3.123183e+01
691           	3.122558e+01
692           	3.121941e+01
693           	3.121258e+01
694           	3.120637e+01
695           	3.120023e+01
696           	3.119322e+01
697           	3.118715e+01
698           	3.118116e+01
699           	3.117447e+01
700           	3.116841e+01
701           	3.116240e+01
702           	3.115571e+01
703           	3.114965e+01
704           	3.114368e+01
705           	3.113706e+01
706           	3.113107e+01
707           	3.112521e+01
708           	3.111871e+01
709           	3.111283e+01
710           	3.110707e+01
711           	3.110065e+01
712           	3.109485e+01
713           	3.108914e+01
714           	3.108277e+01
715           	3.107703e+01
716           	3.107136e+01
717           	3.106504e+01
718           	3.105932e+01
719           	3.105368e+01
720           	3.104737e+01
721           	3.104167e+01
722           	3.103604e+01
723           	3.102974e+01
724           	3.102404e+01
725           	3.101843e+01
726           	3.101217e+01
727           	3.100654e+01
728           	3.100100e+01
729           	3.099483e+01
730           	3.098931e+01
731           	3.098389e+01
732           	3.097791e+01
733           	3.097260e+01
734           	3.096741e+01
735           	3.096163e+01
736           	3.095650e+01
737           	3.095150e+01
738           	3.094593e+01
739           	3.094125e+01
740           	3.093660e+01
741           	3.093129e+01
742           	3.092654e+01
743           	3.092185e+01
744           	3.091655e+01
745           	3.091184e+01
746           	3.090705e+01
747           	3.090185e+01
748           	3.089731e+01
749           	3.089284e+01
750           	3.088773e+01
751           	3.088314e+01
752           	3.087855e+01
753           	3.087326e+01
754           	3.086850e+01
755           	3.086378e+01
756           	3.085840e+01
757           	3.085360e+01
758           	3.084885e+01
759           	3.084348e+01
760           	3.083869e+01
761           	3.083397e+01
762           	3.082861e+01
763           	3.082384e+01
764           	3.081914e+01
765           	3.081381e+01
766           	3.080906e+01
767           	3.080439e+01
768           	3.079908e+01
769           	3.079436e+01
770           	3.078971e+01
771           	3.078443e+01
772           	3.077974e+01
773           	3.077511e+01
774           	3.076983e+01
775           	3.076514e+01
776           	3.076047e+01
777           	3.075518e+01
778           	3.075046e+01
779           	3.074579e+01
780           	3.074048e+01
781           	3.073572e+01
782           	3.073103e+01
783           	3.072567e+01
784           	3.072116e+01
785           	3.071655e+01
786           	3.071103e+01
787           	3.070605e+01
788           	3.070116e+01
789           	3.069568e+01
790           	3.069101e+01
791           	3.068617e+01
792           	3.068072e+01
793           	3.067590e+01
794           	3.067118e+01
795           	3.066609e+01
796           	3.066124e+01
797           	3.065645e+01
798           	3.065105e+01
799           	3.064625e+01
800           	3.064156e+01
801           	3.063643e+01
802           	3.063161e+01
803           	3.062688e+01
804           	3.062154e+01
805           	3.061670e+01
806           	3.061202e+01
807           	3.060679e+01
808           	3.060218e+01
809           	3.059766e+01
810           	3.059249e+01
811           	3.058788e+01
812           	3.058332e+01
813           	3.057812e+01
814           	3.057350e+01
815           	3.056898e+01
816           	3.056385e+01
817           	3.055933e+01
818           	3.055490e+01
819           	3.054988e+01
820           	3.054546e+01
821           	3.054115e+01
822           	3.053622e+01
823           	3.053189e+01
824           	3.052763e+01
825           	3.052276e+01
826           	3.051849e+01
827           	3.051433e+01
828           	3.050953e+01
829           	3.050533e+01
830           	3.050115e+01
831           	3.049637e+01
832           	3.049217e+01
833           	3.048808e+01
834           	3.048329e+01
835           	3.047906e+01
836           	3.047485e+01
837           	3.046997e+01
838           	3.046562e+01
839           	3.046128e+01
840           	3.045625e+01
841           	3.045173e+01
842           	3.044722e+01
843           	3.044200e+01
844           	3.043728e+01
845           	3.043256e+01
846           	3.042712e+01
847           	3.042218e+01
848           	3.041721e+01
849           	3.041153e+01
850           	3.040634e+01
851           	3.040114e+01
852           	3.039525e+01
853           	3.038986e+01
854           	3.038449e+01
855           	3.037843e+01
856           	3.037290e+01
857           	3.036741e+01
858           	3.036125e+01
859           	3.035564e+01
860           	3.035008e+01
861           	3.034388e+01
862           	3.033824e+01
863           	3.033267e+01
864           	3.032647e+01
865           	3.032086e+01
866           	3.031531e+01
867           	3.030915e+01
868           	3.030360e+01
869           	3.029812e+01
870           	3.029203e+01
871           	3.028654e+01
872           	3.028115e+01
873           	3.027517e+01
874           	3.026979e+01
875           	3.026454e+01
876           	3.025872e+01
877           	3.025354e+01
878           	3.024849e+01
879           	3.024287e+01
880           	3.023790e+01
881           	3.023307e+01
882           	3.022769e+01
883           	3.022296e+01
884           	3.021857e+01
885           	3.021354e+01
886           	3.020907e+01
887           	3.020471e+01
888           	3.019979e+01
889           	3.019555e+01
890           	3.019150e+01
891           	3.018696e+01
892           	3.018310e+01
893           	3.017925e+01
894           	3.017496e+01
895           	3.017153e+01
896           	3.016819e+01
897           	3.016410e+01
898           	3.016078e+01
899           	3.015752e+01
900           	3.015364e+01
901           	3.015036e+01
902           	3.014718e+01
903           	3.014341e+01
904           	3.014026e+01
905           	3.013720e+01
906           	3.013352e+01
907           	3.013027e+01
908           	3.012713e+01
909           	3.012337e+01
910           	3.012015e+01
911           	3.011695e+01
912           	3.011302e+01
913           	3.010957e+01
914           	3.010609e+01
915           	3.010186e+01
916           	3.009826e+01
917           	3.009455e+01
918           	3.009003e+01
919           	3.008595e+01
920           	3.008184e+01
921           	3.007701e+01
922           	3.007270e+01
923           	3.006844e+01
924           	3.006351e+01
925           	3.005914e+01
926           	3.005482e+01
927           	3.004977e+01
928           	3.004532e+01
929           	3.004103e+01
930           	3.003634e+01
931           	3.003246e+01
932           	3.002872e+01
933           	3.002454e+01
934           	3.002103e+01
935           	3.001779e+01
936           	3.001406e+01
937           	3.001109e+01
938           	3.000839e+01
939           	3.000528e+01
940           	3.000291e+01
941           	3.000093e+01
942           	2.999853e+01
943           	2.999696e+01
944           	2.999566e+01
945           	2.999395e+01
946           	2.999305e+01
947           	2.999232e+01
948           	2.999113e+01
949           	2.999065e+01
950           	2.999031e+01
951           	2.998943e+01
952           	2.998919e+01
953           	2.998909e+01
954           	2.998834e+01
955           	2.998817e+01
956           	2.998799e+01
957           	2.998716e+01
958           	2.998688e+01
959           	2.998659e+01
960           	2.998553e+01
961           	2.998489e+01
962           	2.998415e+01
963           	2.998255e+01
964           	2.998143e+01
965           	2.998024e+01
966           	2.997828e+01
967           	2.997677e+01
968           	2.997519e+01
969           	2.997286e+01
970           	2.997096e+01
971           	2.996901e+01
972           	2.996630e+01
973           	2.996399e+01
974           	2.996172e+01
975           	2.995877e+01
976           	2.995639e+01
977           	2.995403e+01
978           	2.995100e+01
979           	2.994852e+01
980           	2.994608e+01
981           	2.994300e+01
982           	2.994050e+01
983           	2.993808e+01
984           	2.993507e+01
985           	2.993274e+01
986           	2.993043e+01
987           	2.992763e+01
988           	2.992542e+01
989           	2.992333e+01
990           	2.992065e+01
991           	2.991862e+01
992           	2.991672e+01
993           	2.991427e+01
994           	2.991247e+01
995           	2.991083e+01
996           	2.990863e+01
997           	2.990705e+01
998           	2.990560e+01
999           	2.990347e+01
1000          	2.990202e+01
1001          	2.990072e+01
1002          	2.989885e+01
1003          	2.989762e+01
1004          	2.989647e+01
1005          	2.989470e+01
1006          	2.989351e+01
1007          	2.989240e+01
1008          	2.989067e+01
1009          	2.988943e+01
1010          	2.988822e+01
1011          	2.988634e+01
1012          	2.988500e+01
1013          	2.988368e+01
1014          	2.988168e+01
1015          	2.988019e+01
1016          	2.987871e+01
1017          	2.987652e+01
1018          	2.987481e+01
1019          	2.987290e+01
1020          	2.987031e+01
1021          	2.986825e+01
1022          	2.986621e+01
1023          	2.986341e+01
1024          	2.986098e+01
1025          	2.985846e+01
1026          	2.985520e+01
1027          	2.985233e+01
1028          	2.984950e+01
1029          	2.984582e+01
1030          	2.984242e+01
1031          	2.983896e+01
1032          	2.983478e+01
1033          	2.983102e+01
1034          	2.982732e+01
1035          	2.982293e+01
1036          	2.981904e+01
1037          	2.981512e+01
1038          	2.981044e+01
1039          	2.980624e+01
1040          	2.980208e+01
1041          	2.979715e+01
1042          	2.979275e+01
1043          	2.978836e+01
1044          	2.978327e+01
1045          	2.977877e+01
1046          	2.977419e+01
1047          	2.976905e+01
1048          	2.976454e+01
1049          	2.976012e+01
1050          	2.975507e+01
1051          	2.975059e+01
1052          	2.974616e+01
1053          	2.974114e+01
1054          	2.973656e+01
1055          	2.973205e+01
1056          	2.972695e+01
1057          	2.972258e+01
1058          	2.971827e+01
1059          	2.971332e+01
1060          	2.970897e+01
1061          	2.970470e+01
1062          	2.969973e+01
1063          	2.969561e+01
1064          	2.969156e+01
1065          	2.968686e+01
1066          	2.968264e+01
1067          	2.967850e+01
1068          	2.967386e+01
1069          	2.966985e+01
1070          	2.966599e+01
1071          	2.966155e+01
1072          	2.965774e+01
1073          	2.965403e+01
1074          	2.964975e+01
1075          	2.964611e+01
1076          	2.964263e+01
1077          	2.963838e+01
1078          	2.963477e+01
1079          	2.963123e+01
1080          	2.962707e+01
1081          	2.962353e+01
1082          	2.962003e+01
1083          	2.961596e+01
1084          	2.961250e+01
1085          	2.960916e+01
1086          	2.960516e+01
1087          	2.960171e+01
1088          	2.959827e+01
1089          	2.959430e+01
1090          	2.959094e+01
1091          	2.958767e+01
1092          	2.958366e+01
1093          	2.958036e+01
1094          	2.957723e+01
1095          	2.957350e+01
1096          	2.957040e+01
1097          	2.956738e+01
1098          	2.956368e+01
1099          	2.956062e+01
1100          	2.955766e+01
1101          	2.955404e+01
1102          	2.955108e+01
1103          	2.954823e+01
1104          	2.954474e+01
1105          	2.954189e+01
1106          	2.953913e+01
1107          	2.953572e+01
1108          	2.953293e+01
1109          	2.953022e+01
1110          	2.952686e+01
1111          	2.952403e+01
1112          	2.952128e+01
1113          	2.951787e+01
1114          	2.951501e+01
1115          	2.951219e+01
1116          	2.950872e+01
1117          	2.950587e+01
1118          	2.950297e+01
1119          	2.949935e+01
1120          	2.949624e+01
1121          	2.949315e+01
1122          	2.948939e+01
1123          	2.948619e+01
1124          	2.948306e+01
1125          	2.947931e+01
1126          	2.947610e+01
1127          	2.947307e+01
1128          	2.946949e+01
1129          	2.946649e+01
1130          	2.946359e+01
1131          	2.946008e+01
1132          	2.945729e+01
1133          	2.945463e+01
1134          	2.945140e+01
1135          	2.944882e+01
1136          	2.944636e+01
1137          	2.944333e+01
1138          	2.944096e+01
1139          	2.943873e+01
1140          	2.943590e+01
1141          	2.943374e+01
1142          	2.943171e+01
1143          	2.942910e+01
1144          	2.942707e+01
1145          	2.942507e+01
1146          	2.942239e+01
1147          	2.942024e+01
1148          	2.941808e+01
1149          	2.941519e+01
1150          	2.941279e+01
1151          	2.941033e+01
1152          	2.940710e+01
1153          	2.940432e+01
1154          	2.940147e+01
1155          	2.939788e+01
1156          	2.939486e+01
1157          	2.939175e+01
1158          	2.938786e+01
1159          	2.938440e+01
1160          	2.938089e+01
1161          	2.937669e+01
1162          	2.937301e+01
1163          	2.936934e+01
1164          	2.936487e+01
1165          	2.936100e+01
1166          	2.935723e+01
1167          	2.935283e+01
1168          	2.934898e+01
1169          	2.934516e+01
1170          	2.934067e+01
1171          	2.933686e+01
1172          	2.933303e+01
1173          	2.932852e+01
1174          	2.932460e+01
1175          	2.932078e+01
1176          	2.931644e+01
1177          	2.931277e+01
1178          	2.930929e+01
1179          	2.930530e+01
1180          	2.930197e+01
1181          	2.929873e+01
1182          	2.929501e+01
1183          	2.929198e+01
1184          	2.928909e+01
1185          	2.928565e+01
1186          	2.928281e+01
1187          	2.928007e+01
1188          	2.927672e+01
1189          	2.927394e+01
1190          	2.927124e+01
1191          	2.926790e+01
1192          	2.926513e+01
1193          	2.926242e+01
1194          	2.925908e+01
1195          	2.925629e+01
1196          	2.925355e+01
1197          	2.925016e+01
1198          	2.924731e+01
1199          	2.924449e+01
1200          	2.924100e+01
1201          	2.923804e+01
1202          	2.923510e+01
1203          	2.923155e+01
1204          	2.922849e+01
1205          	2.922543e+01
1206          	2.922170e+01
1207          	2.921850e+01
1208          	2.921533e+01
1209          	2.921152e+01
1210          	2.920827e+01
1211          	2.920509e+01
1212          	2.920130e+01
1213          	2.919809e+01
1214          	2.919489e+01
1215          	2.919112e+01
1216          	2.918798e+01
1217          	2.918495e+01
1218          	2.918133e+01
1219          	2.917832e+01
1220          	2.917540e+01
1221          	2.917189e+01
1222          	2.916898e+01
1223          	2.916617e+01
1224          	2.916278e+01
1225          	2.915999e+01
1226          	2.915733e+01
1227          	2.915409e+01
1228          	2.915147e+01
1229          	2.914898e+01
1230          	2.914592e+01
1231          	2.914348e+01
1232          	2.914116e+01
1233          	2.913828e+01
1234          	2.913604e+01
1235          	2.913394e+01
1236          	2.913127e+01
1237          	2.912925e+01
1238          	2.912738e+01
1239          	2.912494e+01
1240          	2.912317e+01
1241          	2.912156e+01
1242          	2.911939e+01
1243          	2.911790e+01
1244          	2.911658e+01
1245          	2.911471e+01
1246          	2.911351e+01
1247          	2.911245e+01
1248          	2.911085e+01
1249          	2.910990e+01
1250          	2.910909e+01
1251          	2.910773e+01
1252          	2.910703e+01
1253          	2.910644e+01
1254          	2.910528e+01
1255          	2.910475e+01
1256          	2.910432e+01
1257          	2.910331e+01
1258          	2.910291e+01
1259          	2.910259e+01
1260          	2.910164e+01
1261          	2.910124e+01
1262          	2.910092e+01
1263          	2.909996e+01
1264          	2.909957e+01
1265          	2.909923e+01
1266          	2.909811e+01
1267          	2.909761e+01
1268          	2.909709e+01
1269          	2.909583e+01
1270          	2.909514e+01
1271          	2.909438e+01
1272          	2.909281e+01
1273          	2.909177e+01
1274          	2.909065e+01
1275          	2.908876e+01
1276          	2.908735e+01
1277          	2.908590e+01
1278          	2.908372e+01
1279          	2.908202e+01
1280          	2.908026e+01
1281          	2.907779e+01
1282          	2.907579e+01
1283          	2.907377e+01
1284          	2.907110e+01
1285          	2.906889e+01
1286          	2.906674e+01
1287          	2.906397e+01
1288          	2.906177e+01
1289          	2.905967e+01
1290          	2.905700e+01
1291          	2.905484e+01
1292          	2.905278e+01
1293          	2.905015e+01
1294          	2.904812e+01
1295          	2.904618e+01
1296          	2.904362e+01
1297          	2.904170e+01
1298          	2.903987e+01
1299          	2.903742e+01
1300          	2.903557e+01
1301          	2.903384e+01
1302          	2.903153e+01
1303          	2.902974e+01
1304          	2.902806e+01
1305          	2.902582e+01
1306          	2.902417e+01
1307          	2.902260e+01
1308          	2.902047e+01
1309          	2.901890e+01
1310          	2.901744e+01
1311          	2.901538e+01
1312          	2.901390e+01
1313          	2.901251e+01
1314          	2.901053e+01
1315          	2.900918e+01
1316          	2.900788e+01
1317          	2.900593e+01
1318          	2.900457e+01
1319          	2.900332e+01
1320          	2.900142e+01
1321          	2.900008e+01
1322          	2.899884e+01
1323          	2.899696e+01
1324          	2.899567e+01
1325          	2.899444e+01
1326          	2.899257e+01
1327          	2.899126e+01
1328          	2.899003e+01
1329          	2.898809e+01
1330          	2.898673e+01
1331          	2.898545e+01
1332          	2.898347e+01
1333          	2.898212e+01
1334          	2.898081e+01
1335          	2.897882e+01
1336          	2.897742e+01
1337          	2.897605e+01
1338          	2.897404e+01
1339          	2.897259e+01
1340          	2.897119e+01
1341          	2.896919e+01
1342          	2.896776e+01
1343          	2.896638e+01
1344          	2.896442e+01
1345          	2.896303e+01
1346          	2.896169e+01
1347          	2.895978e+01
1348          	2.895845e+01
1349          	2.895720e+01
1350          	2.895533e+01
1351          	2.895410e+01
1352          	2.895296e+01
1353          	2.895119e+01
1354          	2.895004e+01
1355          	2.894902e+01
1356          	2.894738e+01
1357          	2.894638e+01
1358          	2.894554e+01
1359          	2.894404e+01
1360          	2.894321e+01
1361          	2.894247e+01
1362          	2.894109e+01
1363          	2.894037e+01
1364          	2.893978e+01
1365          	2.893857e+01
1366          	2.893801e+01
1367          	2.893758e+01
1368          	2.893657e+01
1369          	2.893620e+01
1370          	2.893594e+01
1371          	2.893507e+01
1372          	2.893483e+01
1373          	2.893469e+01
1374          	2.893399e+01
1375          	2.893390e+01
1376          	2.893393e+01
1377          	2.893339e+01
1378          	2.893344e+01
1379          	2.893360e+01
1380          	2.893315e+01
1381          	2.893333e+01
1382          	2.893360e+01
1383          	2.893325e+01
1384          	2.893352e+01
1385          	2.893386e+01
1386          	2.893358e+01
1387          	2.893389e+01
1388          	2.893429e+01
1389          	2.893404e+01
1390          	2.893439e+01
1391          	2.893481e+01
1392          	2.893457e+01
1393          	2.893492e+01
1394          	2.893533e+01
1395          	2.893512e+01
1396          	2.893545e+01
1397          	2.893582e+01
1398          	2.893554e+01
1399          	2.893577e+01
1400          	2.893604e+01
1401          	2.893567e+01
1402          	2.893583e+01
1403          	2.893603e+01
1404          	2.893557e+01
1405          	2.893565e+01
1406          	2.893575e+01
1407          	2.893518e+01
1408          	2.893515e+01
1409          	2.893515e+01
1410          	2.893446e+01
1411          	2.893431e+01
1412          	2.893421e+01
1413          	2.893343e+01
1414          	2.893320e+01
1415          	2.893301e+01
1416          	2.893214e+01
1417          	2.893182e+01
1418          	2.893155e+01
1419          	2.893062e+01
1420          	2.893025e+01
1421          	2.892991e+01
1422          	2.892890e+01
1423          	2.892845e+01
1424          	2.892802e+01
1425          	2.892691e+01
1426          	2.892636e+01
1427          	2.892585e+01
1428          	2.892464e+01
1429          	2.892399e+01
1430          	2.892337e+01
1431          	2.892205e+01
1432          	2.892128e+01
1433          	2.892055e+01
1434          	2.891912e+01
1435          	2.891824e+01
1436          	2.891741e+01
1437          	2.891587e+01
1438          	2.891490e+01
1439          	2.891397e+01
1440          	2.891236e+01
1441          	2.891131e+01
1442          	2.891032e+01
1443          	2.890867e+01
1444          	2.890758e+01
1445          	2.890656e+01
1446          	2.890490e+01
1447          	2.890381e+01
1448          	2.890279e+01
1449          	2.890112e+01
1450          	2.890004e+01
1451          	2.889903e+01
1452          	2.889740e+01
1453          	2.889636e+01
1454          	2.889539e+01
1455          	2.889381e+01
1456          	2.889282e+01
1457          	2.889192e+01
1458          	2.889040e+01
1459          	2.888947e+01
1460          	2.888862e+01
1461          	2.888716e+01
1462          	2.888630e+01
1463          	2.888551e+01
1464          	2.888410e+01
1465          	2.888328e+01
1466          	2.888254e+01
1467          	2.888118e+01
1468          	2.888041e+01
1469          	2.887972e+01
1470          	2.887839e+01
1471          	2.887767e+01
1472          	2.887701e+01
1473          	2.887571e+01
1474          	2.887501e+01
1475          	2.887438e+01
1476          	2.887308e+01
1477          	2.887238e+01
1478          	2.887175e+01
1479          	2.887046e+01
1480          	2.886976e+01
1481          	2.886913e+01
1482          	2.886783e+01
1483          	2.886712e+01
1484          	2.886648e+01
1485          	2.886518e+01
1486          	2.886447e+01
1487          	2.886380e+01
1488          	2.886249e+01
1489          	2.886175e+01
1490          	2.886106e+01
1491          	2.885973e+01
1492          	2.885897e+01
1493          	2.885827e+01
1494          	2.885692e+01
1495          	2.885616e+01
1496          	2.885546e+01
1497          	2.885412e+01
1498          	2.885338e+01
1499          	2.885269e+01
1500          	2.885137e+01
1501          	2.885063e+01
1502          	2.884997e+01
1503          	2.884867e+01
1504          	2.884798e+01
1505          	2.884736e+01
1506          	2.884611e+01
1507          	2.884545e+01
1508          	2.884486e+01
1509          	2.884366e+01
1510          	2.884304e+01
1511          	2.884250e+01
1512          	2.884134e+01
1513          	2.884076e+01
1514          	2.884025e+01
1515          	2.883913e+01
1516          	2.883857e+01
1517          	2.883807e+01
1518          	2.883696e+01
1519          	2.883641e+01
1520          	2.883592e+01
1521          	2.883480e+01
1522          	2.883424e+01
1523          	2.883373e+01
1524          	2.883256e+01
1525          	2.883196e+01
1526          	2.883142e+01
1527          	2.883018e+01
1528          	2.882952e+01
1529          	2.882890e+01
1530          	2.882757e+01
1531          	2.882679e+01
1532          	2.882607e+01
1533          	2.882461e+01
1534          	2.882370e+01
1535          	2.882285e+01
1536          	2.882128e+01
1537          	2.882025e+01
1538          	2.881926e+01
1539          	2.881757e+01
1540          	2.881641e+01
1541          	2.881528e+01
1542          	2.881346e+01
1543          	2.881222e+01
1544          	2.881098e+01
1545          	2.880899e+01
1546          	2.880758e+01
1547          	2.880623e+01
1548          	2.880417e+01
1549          	2.880270e+01
1550          	2.880125e+01
1551          	2.879924e+01
1552          	2.879770e+01
1553          	2.879619e+01
1554          	2.879412e+01
1555          	2.879256e+01
1556          	2.879108e+01
1557          	2.878900e+01
1558          	2.878750e+01
1559          	2.878610e+01
1560          	2.878407e+01
1561          	2.878263e+01
1562          	2.878127e+01
1563          	2.877929e+01
1564          	2.877793e+01
1565          	2.877665e+01
1566          	2.877481e+01
1567          	2.877355e+01
1568          	2.877238e+01
1569          	2.877064e+01
1570          	2.876948e+01
1571          	2.876847e+01
1572          	2.876688e+01
1573          	2.876591e+01
1574          	2.876503e+01
1575          	2.876362e+01
1576          	2.876274e+01
1577          	2.876196e+01
1578          	2.876063e+01
1579          	2.875994e+01
1580          	2.875935e+01
1581          	2.875817e+01
1582          	2.875763e+01
1583          	2.875717e+01
1584          	2.875614e+01
1585          	2.875571e+01
1586          	2.875537e+01
1587          	2.875444e+01
1588          	2.875412e+01
1589          	2.875390e+01
1590          	2.875307e+01
1591          	2.875285e+01
1592          	2.875272e+01
1593          	2.875196e+01
1594          	2.875180e+01
1595          	2.875172e+01
1596          	2.875100e+01
1597          	2.875086e+01
1598          	2.875079e+01
1599          	2.875008e+01
1600          	2.874995e+01
1601          	2.874985e+01
1602          	2.874912e+01
1603          	2.874896e+01
1604          	2.874881e+01
1605          	2.874799e+01
1606          	2.874776e+01
1607          	2.874754e+01
1608          	2.874668e+01
1609          	2.874632e+01
1610          	2.874597e+01
1611          	2.874499e+01
1612          	2.874454e+01
1613          	2.874409e+01
1614          	2.874298e+01
1615          	2.874244e+01
1616          	2.874191e+01
1617          	2.874072e+01
1618          	2.874010e+01
1619          	2.873946e+01
1620          	2.873817e+01
1621          	2.873743e+01
1622          	2.873669e+01
1623          	2.873533e+01
1624          	2.873451e+01
1625          	2.873376e+01
1626          	2.873236e+01
1627          	2.873153e+01
1628          	2.873075e+01
1629          	2.872930e+01
1630          	2.872844e+01
1631          	2.872770e+01
1632          	2.872625e+01
1633          	2.872541e+01
1634          	2.872467e+01
1635          	2.872329e+01
1636          	2.872250e+01
1637          	2.872184e+01
1638          	2.872052e+01
1639          	2.871977e+01
1640          	2.871917e+01
1641          	2.871790e+01
1642          	2.871727e+01
1643          	2.871673e+01
1644          	2.871553e+01
1645          	2.871497e+01
1646          	2.871452e+01
1647          	2.871343e+01
1648          	2.871298e+01
1649          	2.871261e+01
1650          	2.871163e+01
1651          	2.871124e+01
1652          	2.871096e+01
1653          	2.871007e+01
1654          	2.870976e+01
1655          	2.870955e+01
1656          	2.870873e+01
1657          	2.870848e+01
1658          	2.870832e+01
1659          	2.870754e+01
1660          	2.870734e+01
1661          	2.870722e+01
1662          	2.870649e+01
1663          	2.870633e+01
1664          	2.870624e+01
1665          	2.870551e+01
1666          	2.870536e+01
1667          	2.870529e+01
1668          	2.870456e+01
1669          	2.870440e+01
1670          	2.870431e+01
1671          	2.870356e+01
1672          	2.870338e+01
1673          	2.870328e+01
1674          	2.870251e+01
1675          	2.870230e+01
1676          	2.870216e+01
1677          	2.870134e+01
1678          	2.870110e+01
1679          	2.870091e+01
1680          	2.870008e+01
1681          	2.869978e+01
1682          	2.869953e+01
1683          	2.869866e+01
1684          	2.869831e+01
1685          	2.869800e+01
1686          	2.869706e+01
1687          	2.869667e+01
1688          	2.869632e+01
1689          	2.869535e+01
1690          	2.869490e+01
1691          	2.869451e+01
1692          	2.869347e+01
1693          	2.869298e+01
1694          	2.869255e+01
1695          	2.869146e+01
1696          	2.869097e+01
1697          	2.869049e+01
1698          	2.868935e+01
1699          	2.868877e+01
1700          	2.868828e+01
1701          	2.868713e+01
1702          	2.868657e+01
1703          	2.868605e+01
1704          	2.868488e+01
1705          	2.868427e+01
1706          	2.868373e+01
1707          	2.868255e+01
1708          	2.868192e+01
1709          	2.868137e+01
1710          	2.868019e+01
1711          	2.867957e+01
1712          	2.867903e+01
1713          	2.867788e+01
1714          	2.867727e+01
1715          	2.867673e+01
1716          	2.867557e+01
1717          	2.867496e+01
1718          	2.867444e+01
1719          	2.867329e+01
1720          	2.867273e+01
1721          	2.867224e+01
1722          	2.867111e+01
1723          	2.867057e+01
1724          	2.867012e+01
1725          	2.866903e+01
1726          	2.866852e+01
1727          	2.866806e+01
1728          	2.866700e+01
1729          	2.866651e+01
1730          	2.866610e+01
1731          	2.866505e+01
1732          	2.866461e+01
1733          	2.866426e+01
1734          	2.866326e+01
1735          	2.866287e+01
1736          	2.866254e+01
1737          	2.866158e+01
1738          	2.866123e+01
1739          	2.866094e+01
1740          	2.866002e+01
1741          	2.865971e+01
1742          	2.865947e+01
1743          	2.865861e+01
1744          	2.865834e+01
1745          	2.865815e+01
1746          	2.865734e+01
1747          	2.865713e+01
1748          	2.865700e+01
1749          	2.865625e+01
1750          	2.865609e+01
1751          	2.865603e+01
1752          	2.865534e+01
1753          	2.865524e+01
1754          	2.865524e+01
1755          	2.865462e+01
1756          	2.865459e+01
1757          	2.865467e+01
1758          	2.865412e+01
1759          	2.865418e+01
1760          	2.865432e+01
1761          	2.865385e+01
1762          	2.865398e+01
1763          	2.865420e+01
1764          	2.865381e+01
1765          	2.865402e+01
1766          	2.865431e+01
1767          	2.865399e+01
1768          	2.865429e+01
1769          	2.865467e+01
1770          	2.865441e+01
1771          	2.865477e+01
1772          	2.865520e+01
1773          	2.865502e+01
1774          	2.865545e+01
1775          	2.865594e+01
1776          	2.865582e+01
1777          	2.865629e+01
1778          	2.865684e+01
1779          	2.865677e+01
1780          	2.865726e+01
1781          	2.865785e+01
1782          	2.865781e+01
1783          	2.865834e+01
1784          	2.865895e+01
1785          	2.865893e+01
1786          	2.865947e+01
1787          	2.866008e+01
1788          	2.866005e+01
1789          	2.866058e+01
1790          	2.866118e+01
1791          	2.866114e+01
1792          	2.866166e+01
1793          	2.866222e+01
1794          	2.866215e+01
1795          	2.866264e+01
1796          	2.866317e+01
1797          	2.866304e+01
1798          	2.866347e+01
1799          	2.866394e+01
1800          	2.866375e+01
1801          	2.866412e+01
1802          	2.866453e+01
1803          	2.866428e+01
1804          	2.866457e+01
1805          	2.866490e+01
1806          	2.866456e+01
1807          	2.866477e+01
1808          	2.866501e+01
1809          	2.866458e+01
1810          	2.866468e+01
1811          	2.866484e+01
1812          	2.866435e+01
1813          	2.866441e+01
1814          	2.866449e+01
1815          	2.866388e+01
1816          	2.866384e+01
1817          	2.866385e+01
1818          	2.866320e+01
1819          	2.866309e+01
1820          	2.866304e+01
1821          	2.866232e+01
1822          	2.866216e+01
1823          	2.866206e+01
1824          	2.866128e+01
1825          	2.866107e+01
1826          	2.866091e+01
1827          	2.866012e+01
1828          	2.865992e+01
1829          	2.865974e+01
1830          	2.865896e+01
1831          	2.865872e+01
1832          	2.865853e+01
1833          	2.865773e+01
1834          	2.865752e+01
1835          	2.865736e+01
1836          	2.865659e+01
1837          	2.865642e+01
1838          	2.865634e+01
1839          	2.865562e+01
1840          	2.865548e+01
1841          	2.865544e+01
1842          	2.865478e+01
1843          	2.865471e+01
1844          	2.865474e+01
1845          	2.865414e+01
1846          	2.865415e+01
1847          	2.865425e+01
1848          	2.865375e+01
1849          	2.865385e+01
1850          	2.865405e+01
1851          	2.865364e+01
1852          	2.865385e+01
1853          	2.865412e+01
1854          	2.865379e+01
1855          	2.865405e+01
1856          	2.865439e+01
1857          	2.865409e+01
1858          	2.865441e+01
1859          	2.865485e+01
1860          	2.865465e+01
1861          	2.865505e+01
1862          	2.865552e+01
1863          	2.865536e+01
1864          	2.865579e+01
1865          	2.865629e+01
1866          	2.865615e+01
1867          	2.865661e+01
1868          	2.865709e+01
1869          	2.865692e+01
1870          	2.865735e+01
1871          	2.865786e+01
1872          	2.865769e+01
1873          	2.865811e+01
1874          	2.865860e+01
1875          	2.865840e+01
1876          	2.865877e+01
1877          	2.865916e+01
1878          	2.865890e+01
1879          	2.865921e+01
1880          	2.865957e+01
1881          	2.865923e+01
1882          	2.865946e+01
1883          	2.865972e+01
1884          	2.865934e+01
1885          	2.865950e+01
1886          	2.865968e+01
1887          	2.865921e+01
1888          	2.865928e+01
1889          	2.865939e+01
1890          	2.865884e+01
1891          	2.865884e+01
1892          	2.865888e+01
1893          	2.865825e+01
1894          	2.865819e+01
1895          	2.865818e+01
1896          	2.865750e+01
1897          	2.865740e+01
1898          	2.865735e+01
1899          	2.865662e+01
1900          	2.865648e+01
1901          	2.865643e+01
1902          	2.865570e+01
1903          	2.865554e+01
1904          	2.865546e+01
1905          	2.865473e+01
1906          	2.865459e+01
1907          	2.865454e+01
1908          	2.865382e+01
1909          	2.865372e+01
1910          	2.865372e+01
1911          	2.865304e+01
1912          	2.865297e+01
1913          	2.865299e+01
1914          	2.865239e+01
1915          	2.865238e+01
1916          	2.865248e+01
1917          	2.865194e+01
1918          	2.865201e+01
1919          	2.865215e+01
1920          	2.865169e+01
1921          	2.865183e+01
1922          	2.865205e+01
1923          	2.865166e+01
1924          	2.865187e+01
1925          	2.865216e+01
1926          	2.865185e+01
1927          	2.865213e+01
1928          	2.865251e+01
1929          	2.865226e+01
1930          	2.865260e+01
1931          	2.865302e+01
1932          	2.865283e+01
1933          	2.865324e+01
1934          	2.865371e+01
1935          	2.865355e+01
1936          	2.865398e+01
1937          	2.865449e+01
1938          	2.865438e+01
1939          	2.865484e+01
1940          	2.865537e+01
1941          	2.865526e+01
1942          	2.865573e+01
1943          	2.865626e+01
1944          	2.865615e+01
1945          	2.865662e+01
1946          	2.865714e+01
1947          	2.865702e+01
1948          	2.865746e+01
1949          	2.865797e+01
1950          	2.865783e+01
1951          	2.865825e+01
1952          	2.865872e+01
1953          	2.865854e+01
1954          	2.865892e+01
1955          	2.865935e+01
1956          	2.865913e+01
1957          	2.865946e+01
1958          	2.865984e+01
1959          	2.865956e+01
1960          	2.865985e+01
1961          	2.866018e+01
1962          	2.865984e+01
1963          	2.866007e+01
1964          	2.866035e+01
1965          	2.865996e+01
1966          	2.866014e+01
1967          	2.866036e+01
1968          	2.865991e+01
1969          	2.866003e+01
1970          	2.866020e+01
1971          	2.865970e+01
1972          	2.865977e+01
1973          	2.865990e+01
1974          	2.865936e+01
1975          	2.865940e+01
1976          	2.865949e+01
1977          	2.865892e+01
1978          	2.865892e+01
1979          	2.865897e+01
1980          	2.865839e+01
1981          	2.865838e+01
1982          	2.865843e+01
1983          	2.865784e+01
1984          	2.865782e+01
1985          	2.865787e+01
1986          	2.865729e+01
1987          	2.865728e+01
1988          	2.865735e+01
1989          	2.865679e+01
1990          	2.865680e+01
1991          	2.865690e+01
1992          	2.865637e+01
1993          	2.865643e+01
1994          	2.865657e+01
1995          	2.865608e+01
1996          	2.865618e+01
1997          	2.865637e+01
1998          	2.865593e+01
1999          	2.865608e+01
2000          	2.865632e+01
2001          	2.865593e+01
2002          	2.865614e+01
2003          	2.865644e+01
2004          	2.865611e+01
2005          	2.865638e+01
2006          	2.865673e+01
2007          	2.865644e+01
2008          	2.865675e+01
2009          	2.865714e+01
2010          	2.865689e+01
2011          	2.865725e+01
2012          	2.865768e+01
2013          	2.865747e+01
2014          	2.865787e+01
2015          	2.865831e+01
2016          	2.865814e+01
2017          	2.865856e+01
2018          	2.865904e+01
2019          	2.865887e+01
2020          	2.865929e+01
2021          	2.865977e+01
2022          	2.865962e+01
2023          	2.866003e+01
2024          	2.866051e+01
2025          	2.866034e+01
2026          	2.866075e+01
2027          	2.866121e+01
2028          	2.866103e+01
2029          	2.866142e+01
2030          	2.866186e+01
2031          	2.866165e+01
2032          	2.866201e+01
2033          	2.866242e+01
2034          	2.866217e+01
2035          	2.866249e+01
2036          	2.866286e+01
2037          	2.866257e+01
2038          	2.866286e+01
2039          	2.866319e+01
