# Region type : patch ent
# Faces  :    366
# Area   :    1.250000e-07
# Time        	areaAverage(p)
0             	0.000000e+00
1             	0.000000e+00
2             	0.000000e+00
3             	0.000000e+00
4             	-6.555960e-02
5             	-5.862141e-02
6             	-5.776121e-02
7             	-4.429273e-02
8             	-3.642259e-02
9             	-2.624352e-02
10            	-1.846264e-02
11            	-1.292527e-02
12            	-9.047689e-03
13            	-6.333382e-03
14            	-4.433367e-03
15            	-3.103357e-03
16            	-2.172350e-03
17            	-1.520645e-03
18            	-1.064452e-03
19            	-7.451161e-04
20            	-5.215813e-04
21            	-3.651069e-04
22            	-2.555748e-04
23            	-1.789024e-04
24            	-1.252317e-04
25            	-8.766216e-05
26            	-6.136351e-05
27            	-4.295446e-05
28            	-3.006812e-05
29            	-2.104768e-05
30            	-1.473338e-05
31            	-1.031337e-05
32            	-7.219356e-06
33            	-5.053549e-06
34            	-3.537484e-06
35            	-2.476239e-06
36            	-1.733367e-06
37            	-1.213357e-06
38            	-8.493500e-07
39            	-5.945450e-07
40            	-4.161815e-07
41            	-2.913271e-07
42            	-2.039289e-07
43            	-1.427503e-07
44            	-9.992518e-08
45            	-6.994762e-08
46            	-4.896334e-08
47            	-3.427434e-08
48            	-2.399204e-08
49            	-1.679442e-08
50            	-1.175610e-08
51            	-8.229268e-09
52            	-5.760488e-09
53            	-4.032341e-09
54            	-2.822639e-09
55            	-1.975847e-09
56            	-1.383093e-09
57            	-9.681652e-10
58            	-6.777156e-10
59            	-4.744009e-10
60            	-3.320807e-10
61            	-2.324565e-10
62            	-1.627195e-10
63            	-1.139037e-10
64            	-7.973256e-11
65            	-5.581280e-11
66            	-3.906896e-11
67            	-2.734827e-11
68            	-1.914379e-11
69            	-1.340065e-11
70            	-9.380456e-12
71            	-6.566320e-12
72            	-4.596424e-12
73            	-3.217497e-12
74            	-2.252248e-12
75            	-1.576573e-12
76            	-1.103601e-12
77            	-7.725209e-13
78            	-5.407646e-13
79            	-3.785353e-13
80            	-2.649747e-13
81            	-1.854823e-13
82            	-1.298376e-13
83            	-9.088631e-14
84            	-6.362042e-14
85            	-4.453429e-14
86            	-3.117401e-14
87            	-2.182180e-14
88            	-1.527526e-14
89            	-1.069268e-14
90            	-7.484879e-15
91            	-5.239415e-15
92            	-3.667591e-15
93            	-2.567313e-15
94            	-1.797119e-15
95            	-1.257984e-15
96            	-8.805885e-16
97            	-6.164120e-16
98            	-4.314884e-16
99            	-3.020419e-16
100           	-2.114293e-16
101           	-1.480005e-16
102           	-1.036004e-16
103           	-7.252025e-17
104           	-5.076418e-17
105           	-3.553492e-17
106           	-2.487445e-17
107           	-1.741211e-17
108           	-1.218848e-17
109           	-8.531935e-18
110           	-5.972354e-18
111           	-4.180648e-18
112           	-2.926454e-18
113           	-2.048518e-18
114           	-1.433962e-18
115           	-1.003774e-18
116           	-7.026415e-19
117           	-4.918491e-19
118           	-3.442943e-19
119           	-2.410060e-19
120           	-1.687042e-19
121           	-1.180930e-19
122           	-8.266507e-20
123           	-5.786555e-20
124           	-4.050589e-20
125           	-2.835412e-20
126           	-1.984788e-20
127           	-1.389352e-20
128           	-9.725463e-21
129           	-6.807824e-21
130           	-4.765477e-21
131           	-3.335834e-21
132           	-2.335084e-21
133           	-1.634559e-21
134           	-1.144191e-21
135           	-8.009337e-22
136           	-5.606536e-22
137           	-3.924575e-22
138           	-2.747203e-22
139           	-1.923042e-22
140           	-1.346129e-22
141           	-9.422905e-23
142           	-6.596034e-23
143           	-4.617223e-23
144           	-3.232056e-23
145           	-2.262439e-23
146           	-1.583708e-23
147           	-1.108595e-23
148           	-7.760167e-24
149           	-5.432117e-24
150           	-3.802482e-24
151           	-2.661737e-24
152           	-1.863216e-24
153           	-1.304251e-24
154           	-9.129759e-25
155           	-6.390832e-25
156           	-4.473582e-25
157           	-3.131507e-25
158           	-2.192055e-25
159           	-1.534439e-25
160           	-1.074107e-25
161           	-7.518749e-26
162           	-5.263125e-26
163           	-3.684187e-26
164           	-2.578931e-26
165           	-1.805252e-26
166           	-1.263676e-26
167           	-8.845734e-27
168           	-6.192014e-27
169           	-4.334409e-27
170           	-3.034087e-27
171           	-2.123861e-27
172           	-1.486702e-27
173           	-1.040692e-27
174           	-7.284842e-28
175           	-5.099389e-28
176           	-3.569573e-28
177           	-2.498701e-28
178           	-1.749091e-28
179           	-1.224363e-28
180           	-8.570544e-29
181           	-5.999381e-29
182           	-4.199566e-29
183           	-2.939696e-29
184           	-2.057788e-29
185           	-1.440451e-29
186           	-1.008316e-29
187           	-7.058211e-30
188           	-4.940748e-30
189           	-3.458524e-30
190           	-2.420966e-30
191           	-1.694677e-30
192           	-1.186274e-30
193           	-8.303915e-31
194           	-5.812741e-31
195           	-4.068918e-31
196           	-2.848243e-31
197           	-1.993770e-31
198           	-1.395639e-31
199           	-9.769473e-32
200           	-6.838631e-32
201           	-4.787042e-32
202           	-3.350929e-32
203           	-2.345650e-32
204           	-1.641955e-32
205           	-1.149369e-32
206           	-8.045581e-33
207           	-5.631907e-33
208           	-3.942335e-33
209           	-2.759634e-33
210           	-1.931744e-33
211           	-1.352221e-33
212           	-9.465546e-34
213           	-6.625882e-34
214           	-4.638117e-34
215           	-3.246682e-34
216           	-2.272678e-34
217           	-1.590874e-34
218           	-1.113612e-34
219           	-7.795284e-35
220           	-5.456699e-35
221           	-3.819689e-35
222           	-2.673782e-35
223           	-1.871648e-35
224           	-1.310153e-35
225           	-9.171074e-36
226           	-6.419751e-36
227           	-4.493826e-36
228           	-3.145678e-36
229           	-2.201975e-36
230           	-1.541382e-36
231           	-1.078968e-36
232           	-7.552773e-37
233           	-5.286941e-37
234           	-3.700859e-37
235           	-2.590601e-37
236           	-1.813421e-37
237           	-1.269395e-37
238           	-8.885762e-38
239           	-6.220034e-38
240           	-4.354024e-38
241           	-3.047816e-38
242           	-2.133472e-38
243           	-1.493430e-38
244           	-1.045401e-38
245           	-7.317807e-39
246           	-5.122465e-39
247           	-3.585726e-39
248           	-2.510008e-39
249           	-1.757006e-39
250           	-1.229904e-39
251           	-8.609327e-40
252           	-6.026529e-40
253           	-4.218570e-40
254           	-2.952999e-40
255           	-2.067099e-40
256           	-1.446970e-40
257           	-1.012879e-40
258           	-7.090151e-41
259           	-4.963106e-41
260           	-3.474174e-41
261           	-2.431922e-41
262           	-1.702345e-41
263           	-1.191642e-41
264           	-8.341492e-42
265           	-5.839044e-42
266           	-4.087331e-42
267           	-2.861132e-42
268           	-2.002792e-42
269           	-1.401955e-42
270           	-9.813682e-43
271           	-6.869577e-43
272           	-4.808704e-43
273           	-3.366093e-43
274           	-2.356265e-43
275           	-1.649386e-43
276           	-1.154570e-43
277           	-8.081989e-44
278           	-5.657392e-44
279           	-3.960175e-44
280           	-2.772122e-44
281           	-1.940486e-44
282           	-1.358340e-44
283           	-9.508379e-45
284           	-6.655865e-45
285           	-4.659106e-45
286           	-3.261374e-45
287           	-2.282962e-45
288           	-1.598073e-45
289           	-1.118651e-45
290           	-7.830559e-46
291           	-5.481391e-46
292           	-3.836974e-46
293           	-2.685882e-46
294           	-1.880117e-46
295           	-1.316082e-46
296           	-9.212575e-47
297           	-6.448802e-47
298           	-4.514162e-47
299           	-3.159913e-47
300           	-2.211939e-47
301           	-1.548357e-47
302           	-1.083850e-47
303           	-7.586951e-48
304           	-5.310866e-48
305           	-3.717606e-48
306           	-2.602324e-48
307           	-1.821627e-48
308           	-1.275139e-48
309           	-8.925972e-49
310           	-6.248181e-49
311           	-4.373726e-49
312           	-3.061609e-49
313           	-2.143126e-49
314           	-1.500188e-49
315           	-1.050132e-49
316           	-7.350922e-50
317           	-5.145645e-50
318           	-3.601952e-50
319           	-2.521366e-50
320           	-1.764956e-50
321           	-1.235469e-50
322           	-8.648286e-51
323           	-6.053800e-51
324           	-4.237660e-51
325           	-2.966362e-51
326           	-2.076454e-51
327           	-1.453517e-51
328           	-1.017462e-51
329           	-7.122236e-52
330           	-4.985565e-52
331           	-3.489895e-52
332           	-2.442927e-52
333           	-1.710049e-52
334           	-1.197034e-52
335           	-8.379239e-53
336           	-5.865467e-53
337           	-4.105827e-53
338           	-2.874079e-53
339           	-2.011855e-53
340           	-1.408299e-53
341           	-9.858091e-54
342           	-6.900664e-54
343           	-4.830465e-54
344           	-3.381325e-54
345           	-2.366928e-54
346           	-1.656849e-54
347           	-1.159795e-54
348           	-8.118562e-55
349           	-5.682993e-55
350           	-3.978095e-55
351           	-2.784667e-55
352           	-1.949267e-55
353           	-1.364487e-55
354           	-9.551407e-56
355           	-6.685985e-56
356           	-4.680189e-56
357           	-3.276132e-56
358           	-2.293293e-56
359           	-1.605305e-56
360           	-1.123713e-56
361           	-7.865994e-57
362           	-5.506196e-57
363           	-3.854337e-57
364           	-2.698036e-57
365           	-1.888625e-57
366           	-1.322038e-57
367           	-9.254263e-58
368           	-6.477984e-58
369           	-4.534589e-58
370           	-3.174212e-58
371           	-2.221949e-58
372           	-1.555364e-58
373           	-1.088755e-58
374           	-7.621284e-59
375           	-5.334899e-59
376           	-3.734429e-59
377           	-2.614100e-59
378           	-1.829870e-59
379           	-1.280909e-59
380           	-8.966364e-60
381           	-6.276455e-60
382           	-4.393518e-60
383           	-3.075463e-60
384           	-2.152824e-60
385           	-1.506977e-60
386           	-1.054884e-60
387           	-7.384187e-61
388           	-5.168931e-61
389           	-3.618251e-61
390           	-2.532776e-61
391           	-1.772943e-61
392           	-1.241060e-61
393           	-8.687422e-62
394           	-6.081195e-62
395           	-4.256837e-62
396           	-2.979786e-62
397           	-2.085850e-62
398           	-1.460095e-62
399           	-1.022066e-62
400           	-7.154465e-63
401           	-5.008126e-63
402           	-3.505688e-63
403           	-2.453982e-63
404           	-1.717787e-63
405           	-1.202451e-63
406           	-8.417157e-64
407           	-5.892010e-64
408           	-4.124407e-64
409           	-2.887085e-64
410           	-2.020959e-64
411           	-1.414672e-64
412           	-9.902701e-65
413           	-6.931891e-65
414           	-4.852323e-65
415           	-3.396626e-65
416           	-2.377638e-65
417           	-1.664347e-65
418           	-1.165043e-65
419           	-8.155300e-66
420           	-5.708710e-66
421           	-3.996097e-66
422           	-2.797268e-66
423           	-1.958088e-66
424           	-1.370661e-66
425           	-9.594629e-67
426           	-6.716240e-67
427           	-4.701368e-67
428           	-3.290958e-67
429           	-2.303670e-67
430           	-1.612569e-67
431           	-1.128798e-67
432           	-7.901589e-68
433           	-5.531113e-68
434           	-3.871779e-68
435           	-2.710245e-68
436           	-1.897172e-68
437           	-1.328020e-68
438           	-9.296141e-69
439           	-6.507299e-69
440           	-4.555109e-69
441           	-3.188576e-69
442           	-2.232003e-69
443           	-1.562402e-69
444           	-1.093682e-69
445           	-7.655772e-70
446           	-5.359040e-70
447           	-3.751328e-70
448           	-2.625930e-70
449           	-1.838151e-70
450           	-1.286706e-70
451           	-9.006939e-71
452           	-6.304857e-71
453           	-4.413400e-71
454           	-3.089380e-71
455           	-2.162566e-71
456           	-1.513796e-71
457           	-1.059657e-71
458           	-7.417602e-72
459           	-5.192321e-72
460           	-3.634625e-72
461           	-2.544237e-72
462           	-1.780966e-72
463           	-1.246676e-72
464           	-8.726734e-73
465           	-6.108714e-73
466           	-4.276100e-73
467           	-2.993270e-73
468           	-2.095289e-73
469           	-1.466702e-73
470           	-1.026692e-73
471           	-7.186841e-74
472           	-5.030788e-74
473           	-3.521552e-74
474           	-2.465086e-74
475           	-1.725560e-74
476           	-1.207892e-74
477           	-8.455246e-75
478           	-5.918672e-75
479           	-4.143071e-75
480           	-2.900149e-75
481           	-2.030105e-75
482           	-1.421073e-75
483           	-9.947513e-76
484           	-6.963259e-76
485           	-4.874281e-76
486           	-3.411997e-76
487           	-2.388398e-76
488           	-1.671878e-76
489           	-1.170315e-76
490           	-8.192204e-77
491           	-5.734543e-77
492           	-4.014180e-77
493           	-2.809926e-77
494           	-1.966948e-77
495           	-1.376864e-77
496           	-9.638047e-78
497           	-6.746633e-78
498           	-4.722643e-78
499           	-3.305850e-78
500           	-2.314095e-78
501           	-1.619866e-78
502           	-1.133907e-78
503           	-7.937346e-79
504           	-5.556142e-79
505           	-3.889299e-79
506           	-2.722510e-79
507           	-1.905757e-79
508           	-1.334030e-79
509           	-9.338208e-80
510           	-6.536746e-80
511           	-4.575722e-80
512           	-3.203005e-80
513           	-2.242104e-80
514           	-1.569473e-80
515           	-1.098631e-80
516           	-7.690416e-81
517           	-5.383291e-81
518           	-3.768304e-81
519           	-2.637813e-81
520           	-1.846469e-81
521           	-1.292528e-81
522           	-9.047697e-82
523           	-6.333388e-82
524           	-4.433372e-82
525           	-3.103360e-82
526           	-2.172352e-82
527           	-1.520646e-82
528           	-1.064453e-82
529           	-7.451168e-83
530           	-5.215817e-83
531           	-3.651072e-83
532           	-2.555751e-83
533           	-1.789025e-83
534           	-1.252318e-83
535           	-8.766224e-84
536           	-6.136357e-84
537           	-4.295450e-84
538           	-3.006815e-84
539           	-2.104770e-84
540           	-1.473339e-84
541           	-1.031338e-84
542           	-7.219363e-85
543           	-5.053554e-85
544           	-3.537488e-85
545           	-2.476241e-85
546           	-1.733369e-85
547           	-1.213358e-85
548           	-8.493508e-86
549           	-5.945456e-86
550           	-4.161819e-86
551           	-2.913273e-86
552           	-2.039291e-86
553           	-1.427504e-86
554           	-9.992527e-87
555           	-6.994769e-87
556           	-4.896338e-87
557           	-3.427437e-87
558           	-2.399206e-87
559           	-1.679444e-87
560           	-1.175611e-87
561           	-8.229276e-88
562           	-5.760493e-88
563           	-4.032345e-88
564           	-2.822642e-88
565           	-1.975849e-88
566           	-1.383094e-88
567           	-9.681661e-89
568           	-6.777163e-89
569           	-4.744014e-89
570           	-3.320810e-89
571           	-2.324567e-89
572           	-1.627197e-89
573           	-1.139038e-89
574           	-7.973264e-90
575           	-5.581285e-90
576           	-3.906899e-90
577           	-2.734830e-90
578           	-1.914381e-90
579           	-1.340066e-90
580           	-9.380465e-91
581           	-6.566326e-91
582           	-4.596428e-91
583           	-3.217500e-91
584           	-2.252250e-91
585           	-1.576575e-91
586           	-1.103602e-91
587           	-7.725217e-92
588           	-5.407652e-92
589           	-3.785356e-92
590           	-2.649749e-92
591           	-1.854824e-92
592           	-1.298377e-92
593           	-9.088640e-93
594           	-6.362048e-93
595           	-4.453434e-93
596           	-3.117404e-93
597           	-2.182182e-93
598           	-1.527528e-93
599           	-1.069269e-93
600           	-7.484886e-94
601           	-5.239420e-94
602           	-3.667594e-94
603           	-2.567316e-94
604           	-1.797121e-94
605           	-1.257985e-94
606           	-8.805893e-95
607           	-6.164125e-95
608           	-4.314888e-95
609           	-3.020421e-95
610           	-2.114295e-95
611           	-1.480006e-95
612           	-1.036005e-95
613           	-7.252032e-96
614           	-5.076422e-96
615           	-3.553496e-96
616           	-2.487447e-96
617           	-1.741213e-96
618           	-1.218849e-96
619           	-8.531943e-97
620           	-5.972360e-97
621           	-4.180652e-97
622           	-2.926456e-97
623           	-2.048519e-97
624           	-1.433964e-97
625           	-1.003775e-97
626           	-7.026422e-98
627           	-4.918495e-98
628           	-3.442947e-98
629           	-2.410063e-98
630           	-1.687044e-98
631           	-1.180931e-98
632           	-8.266515e-99
633           	-5.786561e-99
634           	-4.050592e-99
635           	-2.835415e-99
636           	-1.984790e-99
637           	-1.389353e-99
638           	-9.725472e-100
639           	-6.807831e-100
640           	-4.765481e-100
641           	-3.335837e-100
642           	-2.335086e-100
643           	-1.634560e-100
644           	-1.144192e-100
645           	-8.009345e-101
646           	-5.606541e-101
647           	-3.924579e-101
648           	-2.747205e-101
649           	-1.923044e-101
650           	-1.346131e-101
651           	-9.422914e-102
652           	-6.596040e-102
653           	-4.617228e-102
654           	-3.232059e-102
655           	-2.262442e-102
656           	-1.583709e-102
657           	-1.108596e-102
658           	-7.760175e-103
659           	-5.432122e-103
660           	-3.802486e-103
661           	-2.661740e-103
662           	-1.863218e-103
663           	-1.304253e-103
664           	-9.129768e-104
665           	-6.390838e-104
666           	-4.473586e-104
667           	-3.131510e-104
668           	-2.192057e-104
669           	-1.534440e-104
670           	-1.074108e-104
671           	-7.518757e-105
672           	-5.263130e-105
673           	-3.684191e-105
674           	-2.578933e-105
675           	-1.805253e-105
676           	-1.263677e-105
677           	-8.845742e-106
678           	-6.192019e-106
679           	-4.334414e-106
680           	-3.034089e-106
681           	-2.123863e-106
682           	-1.486704e-106
683           	-1.040693e-106
684           	-7.284849e-107
685           	-5.099394e-107
686           	-3.569576e-107
687           	-2.498703e-107
688           	-1.749092e-107
689           	-1.224365e-107
690           	-8.570552e-108
691           	-5.999386e-108
692           	-4.199570e-108
693           	-2.939699e-108
694           	-2.057789e-108
695           	-1.440453e-108
696           	-1.008317e-108
697           	-7.058218e-109
698           	-4.940753e-109
699           	-3.458527e-109
700           	-2.420969e-109
701           	-1.694678e-109
702           	-1.186275e-109
703           	-8.303923e-110
704           	-5.812746e-110
705           	-4.068922e-110
706           	-2.848246e-110
707           	-1.993772e-110
708           	-1.395640e-110
709           	-9.769482e-111
710           	-6.838637e-111
711           	-4.787046e-111
712           	-3.350932e-111
713           	-2.345653e-111
714           	-1.641957e-111
715           	-1.149370e-111
716           	-8.045589e-112
717           	-5.631912e-112
718           	-3.942338e-112
719           	-2.759637e-112
720           	-1.931746e-112
721           	-1.352222e-112
722           	-9.465555e-113
723           	-6.625888e-113
724           	-4.638122e-113
725           	-3.246685e-113
726           	-2.272680e-113
727           	-1.590876e-113
728           	-1.113613e-113
729           	-7.795291e-114
730           	-5.456704e-114
731           	-3.819693e-114
732           	-2.673785e-114
733           	-1.871649e-114
734           	-1.310155e-114
735           	-9.171082e-115
736           	-6.419757e-115
737           	-4.493830e-115
738           	-3.145681e-115
739           	-2.201977e-115
740           	-1.541384e-115
741           	-1.078969e-115
742           	-7.552780e-116
743           	-5.286946e-116
744           	-3.700862e-116
745           	-2.590604e-116
746           	-1.813423e-116
747           	-1.269396e-116
748           	-8.885771e-117
749           	-6.220040e-117
750           	-4.354028e-117
751           	-3.047819e-117
752           	-2.133474e-117
753           	-1.493431e-117
754           	-1.045402e-117
755           	-7.317814e-118
756           	-5.122470e-118
757           	-3.585729e-118
758           	-2.510010e-118
759           	-1.757007e-118
760           	-1.229905e-118
761           	-8.609335e-119
762           	-6.026535e-119
763           	-4.218574e-119
764           	-2.953002e-119
765           	-2.067101e-119
766           	-1.446971e-119
767           	-1.012880e-119
768           	-7.090158e-120
769           	-4.963110e-120
770           	-3.474177e-120
771           	-2.431924e-120
772           	-1.702347e-120
773           	-1.191643e-120
774           	-8.341500e-121
775           	-5.839050e-121
776           	-4.087335e-121
777           	-2.861134e-121
778           	-2.002794e-121
779           	-1.401956e-121
780           	-9.813691e-122
781           	-6.869584e-122
782           	-4.808709e-122
783           	-3.366096e-122
784           	-2.356267e-122
785           	-1.649387e-122
786           	-1.154571e-122
787           	-8.081997e-123
788           	-5.657398e-123
789           	-3.960178e-123
790           	-2.772125e-123
791           	-1.940487e-123
792           	-1.358341e-123
793           	-9.508388e-124
794           	-6.655872e-124
795           	-4.659110e-124
796           	-3.261377e-124
797           	-2.282964e-124
798           	-1.598075e-124
799           	-1.118652e-124
800           	-7.830567e-125
801           	-5.481397e-125
802           	-3.836978e-125
803           	-2.685884e-125
804           	-1.880119e-125
805           	-1.316083e-125
806           	-9.212583e-126
807           	-6.448808e-126
808           	-4.514166e-126
809           	-3.159916e-126
810           	-2.211941e-126
811           	-1.548359e-126
812           	-1.083851e-126
813           	-7.586958e-127
814           	-5.310871e-127
815           	-3.717610e-127
816           	-2.602327e-127
817           	-1.821629e-127
818           	-1.275140e-127
819           	-8.925981e-128
820           	-6.248186e-128
821           	-4.373731e-128
822           	-3.061611e-128
823           	-2.143128e-128
824           	-1.500190e-128
825           	-1.050133e-128
826           	-7.350929e-129
827           	-5.145650e-129
828           	-3.601955e-129
829           	-2.521369e-129
830           	-1.764958e-129
831           	-1.235471e-129
832           	-8.648294e-130
833           	-6.053806e-130
834           	-4.237664e-130
835           	-2.966365e-130
836           	-2.076455e-130
837           	-1.453519e-130
838           	-1.017463e-130
839           	-7.122242e-131
840           	-4.985570e-131
841           	-3.489899e-131
842           	-2.442929e-131
843           	-1.710050e-131
844           	-1.197035e-131
845           	-8.379247e-132
846           	-5.865473e-132
847           	-4.105831e-132
848           	-2.874082e-132
849           	-2.011857e-132
850           	-1.408300e-132
851           	-9.858100e-133
852           	-6.900670e-133
853           	-4.830469e-133
854           	-3.381328e-133
855           	-2.366930e-133
856           	-1.656851e-133
857           	-1.159796e-133
858           	-8.118569e-134
859           	-5.682999e-134
860           	-3.978099e-134
861           	-2.784669e-134
862           	-1.949268e-134
863           	-1.364488e-134
864           	-9.551416e-135
865           	-6.685991e-135
866           	-4.680194e-135
867           	-3.276136e-135
868           	-2.293295e-135
869           	-1.605306e-135
870           	-1.123714e-135
871           	-7.866001e-136
872           	-5.506201e-136
873           	-3.854341e-136
874           	-2.698039e-136
875           	-1.888627e-136
876           	-1.322039e-136
877           	-9.254272e-137
878           	-6.477990e-137
879           	-4.534593e-137
880           	-3.174215e-137
881           	-2.221951e-137
882           	-1.555366e-137
883           	-1.088756e-137
884           	-7.621291e-138
885           	-5.334904e-138
886           	-3.734433e-138
887           	-2.614103e-138
888           	-1.829872e-138
889           	-1.280910e-138
890           	-8.966373e-139
891           	-6.276461e-139
892           	-4.393523e-139
893           	-3.075466e-139
894           	-2.152826e-139
895           	-1.506978e-139
896           	-1.054885e-139
897           	-7.384193e-140
898           	-5.168935e-140
899           	-3.618255e-140
900           	-2.532778e-140
901           	-1.772945e-140
902           	-1.241061e-140
903           	-8.687430e-141
904           	-6.081201e-141
905           	-4.256841e-141
906           	-2.979788e-141
907           	-2.085852e-141
908           	-1.460096e-141
909           	-1.022067e-141
910           	-7.154472e-142
911           	-5.008130e-142
912           	-3.505691e-142
913           	-2.453984e-142
914           	-1.717789e-142
915           	-1.202452e-142
916           	-8.417165e-143
917           	-5.892015e-143
918           	-4.124411e-143
919           	-2.887087e-143
920           	-2.020961e-143
921           	-1.414673e-143
922           	-9.902710e-144
923           	-6.931897e-144
924           	-4.852328e-144
925           	-3.396630e-144
926           	-2.377641e-144
927           	-1.664348e-144
928           	-1.165044e-144
929           	-8.155308e-145
930           	-5.708715e-145
931           	-3.996101e-145
932           	-2.797271e-145
933           	-1.958089e-145
934           	-1.370663e-145
935           	-9.594638e-146
936           	-6.716246e-146
937           	-4.701373e-146
938           	-3.290961e-146
939           	-2.303673e-146
940           	-1.612571e-146
941           	-1.128800e-146
942           	-7.901597e-147
943           	-5.531118e-147
944           	-3.871782e-147
945           	-2.710248e-147
946           	-1.897173e-147
947           	-1.328021e-147
948           	-9.296150e-148
949           	-6.507305e-148
950           	-4.555113e-148
951           	-3.188579e-148
952           	-2.232006e-148
953           	-1.562404e-148
954           	-1.093683e-148
955           	-7.655779e-149
956           	-5.359045e-149
957           	-3.751332e-149
958           	-2.625932e-149
959           	-1.838153e-149
960           	-1.286707e-149
961           	-9.006947e-150
962           	-6.304863e-150
963           	-4.413404e-150
964           	-3.089383e-150
965           	-2.162568e-150
966           	-1.513798e-150
967           	-1.059658e-150
968           	-7.417608e-151
969           	-5.192326e-151
970           	-3.634628e-151
971           	-2.544240e-151
972           	-1.780968e-151
973           	-1.246677e-151
974           	-8.726742e-152
975           	-6.108720e-152
976           	-4.276104e-152
977           	-2.993273e-152
978           	-2.095291e-152
979           	-1.466704e-152
980           	-1.026692e-152
981           	-7.186847e-153
982           	-5.030793e-153
983           	-3.521555e-153
984           	-2.465089e-153
985           	-1.725562e-153
986           	-1.207893e-153
987           	-8.455254e-154
988           	-5.918678e-154
989           	-4.143075e-154
990           	-2.900152e-154
991           	-2.030107e-154
992           	-1.421075e-154
993           	-9.947522e-155
994           	-6.963265e-155
995           	-4.874286e-155
996           	-3.412000e-155
997           	-2.388400e-155
998           	-1.671880e-155
999           	-1.170316e-155
1000          	-8.192212e-156
1001          	-5.734548e-156
1002          	-4.014184e-156
1003          	-2.809929e-156
1004          	-1.966950e-156
1005          	-1.376865e-156
1006          	-9.638056e-157
1007          	-6.746639e-157
1008          	-4.722647e-157
1009          	-3.305853e-157
1010          	-2.314097e-157
1011          	-1.619868e-157
1012          	-1.133908e-157
1013          	-7.937353e-158
1014          	-5.556147e-158
1015          	-3.889303e-158
1016          	-2.722512e-158
1017          	-1.905759e-158
1018          	-1.334031e-158
1019          	-9.338217e-159
1020          	-6.536752e-159
1021          	-4.575726e-159
1022          	-3.203008e-159
1023          	-2.242106e-159
1024          	-1.569474e-159
1025          	-1.098632e-159
1026          	-7.690423e-160
1027          	-5.383296e-160
1028          	-3.768307e-160
1029          	-2.637815e-160
1030          	-1.846471e-160
1031          	-1.292529e-160
1032          	-9.047706e-161
1033          	-6.333394e-161
1034          	-4.433376e-161
1035          	-3.103363e-161
1036          	-2.172354e-161
1037          	-1.520648e-161
1038          	-1.064454e-161
1039          	-7.451175e-162
1040          	-5.215822e-162
1041          	-3.651076e-162
1042          	-2.555753e-162
1043          	-1.789027e-162
1044          	-1.252319e-162
1045          	-8.766233e-163
1046          	-6.136363e-163
1047          	-4.295454e-163
1048          	-3.006818e-163
1049          	-2.104772e-163
1050          	-1.473341e-163
1051          	-1.031338e-163
1052          	-7.219369e-164
1053          	-5.053559e-164
1054          	-3.537491e-164
1055          	-2.476244e-164
1056          	-1.733371e-164
1057          	-1.213359e-164
1058          	-8.493516e-165
1059          	-5.945461e-165
1060          	-4.161823e-165
1061          	-2.913276e-165
1062          	-2.039293e-165
1063          	-1.427505e-165
1064          	-9.992537e-166
1065          	-6.994776e-166
1066          	-4.896343e-166
1067          	-3.427440e-166
1068          	-2.399208e-166
1069          	-1.679446e-166
1070          	-1.175612e-166
1071          	-8.229284e-167
1072          	-5.760498e-167
1073          	-4.032349e-167
1074          	-2.822644e-167
1075          	-1.975851e-167
1076          	-1.383096e-167
1077          	-9.681670e-168
1078          	-6.777169e-168
1079          	-4.744018e-168
1080          	-3.320813e-168
1081          	-2.324569e-168
1082          	-1.627198e-168
1083          	-1.139039e-168
1084          	-7.973271e-169
1085          	-5.581290e-169
1086          	-3.906903e-169
1087          	-2.734832e-169
1088          	-1.914382e-169
1089          	-1.340068e-169
1090          	-9.380474e-170
1091          	-6.566332e-170
1092          	-4.596432e-170
1093          	-3.217503e-170
1094          	-2.252252e-170
1095          	-1.576576e-170
1096          	-1.103603e-170
1097          	-7.725224e-171
1098          	-5.407657e-171
1099          	-3.785360e-171
1100          	-2.649752e-171
1101          	-1.854826e-171
1102          	-1.298378e-171
1103          	-9.088649e-172
1104          	-6.362054e-172
1105          	-4.453438e-172
1106          	-3.117406e-172
1107          	-2.182185e-172
1108          	-1.527529e-172
1109          	-1.069270e-172
1110          	-7.484893e-173
1111          	-5.239425e-173
1112          	-3.667598e-173
1113          	-2.567318e-173
1114          	-1.797123e-173
1115          	-1.257986e-173
1116          	-8.805902e-174
1117          	-6.164131e-174
1118          	-4.314892e-174
1119          	-3.020424e-174
1120          	-2.114297e-174
1121          	-1.480008e-174
1122          	-1.036006e-174
1123          	-7.252039e-175
1124          	-5.076427e-175
1125          	-3.553499e-175
1126          	-2.487449e-175
1127          	-1.741214e-175
1128          	-1.218850e-175
1129          	-8.531951e-176
1130          	-5.972366e-176
1131          	-4.180656e-176
1132          	-2.926459e-176
1133          	-2.048521e-176
1134          	-1.433965e-176
1135          	-1.003775e-176
1136          	-7.026428e-177
1137          	-4.918500e-177
1138          	-3.442950e-177
1139          	-2.410065e-177
1140          	-1.687045e-177
1141          	-1.180932e-177
1142          	-8.266523e-178
1143          	-5.786566e-178
1144          	-4.050596e-178
1145          	-2.835417e-178
1146          	-1.984792e-178
1147          	-1.389354e-178
1148          	-9.725481e-179
1149          	-6.807837e-179
1150          	-4.765486e-179
1151          	-3.335840e-179
1152          	-2.335088e-179
1153          	-1.634562e-179
1154          	-1.144193e-179
1155          	-8.009352e-180
1156          	-5.606547e-180
1157          	-3.924583e-180
1158          	-2.747208e-180
1159          	-1.923045e-180
1160          	-1.346132e-180
1161          	-9.422923e-181
1162          	-6.596046e-181
1163          	-4.617232e-181
1164          	-3.232062e-181
1165          	-2.262444e-181
1166          	-1.583711e-181
1167          	-1.108597e-181
1168          	-7.760182e-182
1169          	-5.432127e-182
1170          	-3.802489e-182
1171          	-2.661742e-182
1172          	-1.863220e-182
1173          	-1.304254e-182
1174          	-9.129777e-183
1175          	-6.390844e-183
1176          	-4.473591e-183
1177          	-3.131513e-183
1178          	-2.192059e-183
1179          	-1.534442e-183
1180          	-1.074109e-183
1181          	-7.518764e-184
1182          	-5.263135e-184
1183          	-3.684194e-184
1184          	-2.578936e-184
1185          	-1.805255e-184
1186          	-1.263679e-184
1187          	-8.845750e-185
1188          	-6.192025e-185
1189          	-4.334418e-185
1190          	-3.034092e-185
1191          	-2.123865e-185
1192          	-1.486705e-185
1193          	-1.040694e-185
1194          	-7.284856e-186
1195          	-5.099399e-186
1196          	-3.569579e-186
1197          	-2.498705e-186
1198          	-1.749094e-186
1199          	-1.224366e-186
1200          	-8.570560e-187
1201          	-5.999392e-187
1202          	-4.199574e-187
1203          	-2.939702e-187
1204          	-2.057791e-187
1205          	-1.440454e-187
1206          	-1.008318e-187
1207          	-7.058225e-188
1208          	-4.940757e-188
1209          	-3.458530e-188
1210          	-2.420971e-188
1211          	-1.694680e-188
1212          	-1.186276e-188
1213          	-8.303931e-189
1214          	-5.812751e-189
1215          	-4.068926e-189
1216          	-2.848248e-189
1217          	-1.993774e-189
1218          	-1.395642e-189
1219          	-9.769491e-190
1220          	-6.838644e-190
1221          	-4.787051e-190
1222          	-3.350936e-190
1223          	-2.345655e-190
1224          	-1.641958e-190
1225          	-1.149371e-190
1226          	-8.045596e-191
1227          	-5.631917e-191
1228          	-3.942342e-191
1229          	-2.759639e-191
1230          	-1.931748e-191
1231          	-1.352223e-191
1232          	-9.465563e-192
1233          	-6.625894e-192
1234          	-4.638126e-192
1235          	-3.246688e-192
1236          	-2.272682e-192
1237          	-1.590877e-192
1238          	-1.113614e-192
1239          	-7.795298e-193
1240          	-5.456709e-193
1241          	-3.819696e-193
1242          	-2.673787e-193
1243          	-1.871651e-193
1244          	-1.310156e-193
1245          	-9.171091e-194
1246          	-6.419764e-194
1247          	-4.493834e-194
1248          	-3.145684e-194
1249          	-2.201979e-194
1250          	-1.541385e-194
1251          	-1.078970e-194
1252          	-7.552788e-195
1253          	-5.286951e-195
1254          	-3.700866e-195
1255          	-2.590606e-195
1256          	-1.813424e-195
1257          	-1.269397e-195
1258          	-8.885779e-196
1259          	-6.220045e-196
1260          	-4.354032e-196
1261          	-3.047822e-196
1262          	-2.133476e-196
1263          	-1.493433e-196
1264          	-1.045403e-196
1265          	-7.317821e-197
1266          	-5.122475e-197
1267          	-3.585732e-197
1268          	-2.510013e-197
1269          	-1.757009e-197
1270          	-1.229906e-197
1271          	-8.609343e-198
1272          	-6.026540e-198
1273          	-4.218578e-198
1274          	-2.953005e-198
1275          	-2.067103e-198
1276          	-1.446972e-198
1277          	-1.012881e-198
1278          	-7.090164e-199
1279          	-4.963115e-199
1280          	-3.474181e-199
1281          	-2.431926e-199
1282          	-1.702348e-199
1283          	-1.191644e-199
1284          	-8.341508e-200
1285          	-5.839055e-200
1286          	-4.087339e-200
1287          	-2.861137e-200
1288          	-2.002796e-200
1289          	-1.401957e-200
1290          	-9.813700e-201
1291          	-6.869590e-201
1292          	-4.808713e-201
1293          	-3.366099e-201
1294          	-2.356269e-201
1295          	-1.649389e-201
1296          	-1.154572e-201
1297          	-8.082004e-202
1298          	-5.657403e-202
1299          	-3.960182e-202
1300          	-2.772127e-202
1301          	-1.940489e-202
1302          	-1.358342e-202
1303          	-9.508397e-203
1304          	-6.655878e-203
1305          	-4.659115e-203
1306          	-3.261380e-203
1307          	-2.282966e-203
1308          	-1.598076e-203
1309          	-1.118653e-203
1310          	-7.830574e-204
1311          	-5.481402e-204
1312          	-3.836981e-204
1313          	-2.685887e-204
1314          	-1.880121e-204
1315          	-1.316085e-204
1316          	-9.212592e-205
1317          	-6.448814e-205
1318          	-4.514170e-205
1319          	-3.159919e-205
1320          	-2.211943e-205
1321          	-1.548360e-205
1322          	-1.083852e-205
1323          	-7.586966e-206
1324          	-5.310876e-206
1325          	-3.717613e-206
1326          	-2.602329e-206
1327          	-1.821630e-206
1328          	-1.275141e-206
1329          	-8.925989e-207
1330          	-6.248192e-207
1331          	-4.373735e-207
1332          	-3.061614e-207
1333          	-2.143130e-207
1334          	-1.500191e-207
1335          	-1.050134e-207
1336          	-7.350936e-208
1337          	-5.145655e-208
1338          	-3.601959e-208
1339          	-2.521371e-208
1340          	-1.764960e-208
1341          	-1.235472e-208
1342          	-8.648302e-209
1343          	-6.053812e-209
1344          	-4.237668e-209
1345          	-2.966368e-209
1346          	-2.076457e-209
1347          	-1.453520e-209
1348          	-1.017464e-209
1349          	-7.122249e-210
1350          	-4.985574e-210
1351          	-3.489902e-210
1352          	-2.442931e-210
1353          	-1.710052e-210
1354          	-1.197036e-210
1355          	-8.379255e-211
1356          	-5.865478e-211
1357          	-4.105835e-211
1358          	-2.874084e-211
1359          	-2.011859e-211
1360          	-1.408301e-211
1361          	-9.858109e-212
1362          	-6.900677e-212
1363          	-4.830474e-212
1364          	-3.381332e-212
1365          	-2.366932e-212
1366          	-1.656852e-212
1367          	-1.159797e-212
1368          	-8.118577e-213
1369          	-5.683004e-213
1370          	-3.978103e-213
1371          	-2.784672e-213
1372          	-1.949270e-213
1373          	-1.364489e-213
1374          	-9.551425e-214
1375          	-6.685997e-214
1376          	-4.680198e-214
1377          	-3.276139e-214
1378          	-2.293297e-214
1379          	-1.605308e-214
1380          	-1.123716e-214
1381          	-7.866009e-215
1382          	-5.506206e-215
1383          	-3.854344e-215
1384          	-2.698041e-215
1385          	-1.888629e-215
1386          	-1.322040e-215
1387          	-9.254281e-216
1388          	-6.477997e-216
1389          	-4.534598e-216
1390          	-3.174218e-216
1391          	-2.221953e-216
1392          	-1.555367e-216
1393          	-1.088757e-216
1394          	-7.621298e-217
1395          	-5.334909e-217
1396          	-3.734436e-217
1397          	-2.614105e-217
1398          	-1.829874e-217
1399          	-1.280912e-217
1400          	-8.966381e-218
1401          	-6.276467e-218
1402          	-4.393527e-218
1403          	-3.075469e-218
1404          	-2.152828e-218
1405          	-1.506980e-218
1406          	-1.054886e-218
1407          	-7.384200e-219
1408          	-5.168940e-219
1409          	-3.618258e-219
1410          	-2.532781e-219
1411          	-1.772947e-219
1412          	-1.241063e-219
1413          	-8.687438e-220
1414          	-6.081207e-220
1415          	-4.256845e-220
1416          	-2.979791e-220
1417          	-2.085854e-220
1418          	-1.460098e-220
1419          	-1.022068e-220
1420          	-7.154479e-221
1421          	-5.008135e-221
1422          	-3.505695e-221
1423          	-2.453986e-221
1424          	-1.717790e-221
1425          	-1.202453e-221
1426          	-8.417173e-222
1427          	-5.892021e-222
1428          	-4.124415e-222
1429          	-2.887090e-222
1430          	-2.020963e-222
1431          	-1.414674e-222
1432          	-9.902719e-223
1433          	-6.931904e-223
1434          	-4.852333e-223
1435          	-3.396633e-223
1436          	-2.377643e-223
1437          	-1.664350e-223
1438          	-1.165045e-223
1439          	-8.155315e-224
1440          	-5.708721e-224
1441          	-3.996104e-224
1442          	-2.797273e-224
1443          	-1.958091e-224
1444          	-1.370664e-224
1445          	-9.594647e-225
1446          	-6.716253e-225
1447          	-4.701377e-225
1448          	-3.290964e-225
1449          	-2.303675e-225
1450          	-1.612572e-225
1451          	-1.128801e-225
1452          	-7.901604e-226
1453          	-5.531123e-226
1454          	-3.871786e-226
1455          	-2.710250e-226
1456          	-1.897175e-226
1457          	-1.328023e-226
1458          	-9.296158e-227
1459          	-6.507311e-227
1460          	-4.555118e-227
1461          	-3.188582e-227
1462          	-2.232008e-227
1463          	-1.562405e-227
1464          	-1.093684e-227
1465          	-7.655786e-228
1466          	-5.359050e-228
1467          	-3.751335e-228
1468          	-2.625935e-228
1469          	-1.838154e-228
1470          	-1.286708e-228
1471          	-9.006956e-229
1472          	-6.304869e-229
1473          	-4.413408e-229
1474          	-3.089386e-229
1475          	-2.162570e-229
1476          	-1.513799e-229
1477          	-1.059659e-229
1478          	-7.417615e-230
1479          	-5.192331e-230
1480          	-3.634632e-230
1481          	-2.544242e-230
1482          	-1.780969e-230
1483          	-1.246679e-230
1484          	-8.726750e-231
1485          	-6.108725e-231
1486          	-4.276108e-231
1487          	-2.993275e-231
1488          	-2.095293e-231
1489          	-1.466705e-231
1490          	-1.026693e-231
1491          	-7.186854e-232
1492          	-5.030798e-232
1493          	-3.521559e-232
1494          	-2.465091e-232
1495          	-1.725564e-232
1496          	-1.207895e-232
1497          	-8.455262e-233
1498          	-5.918683e-233
1499          	-4.143078e-233
1500          	-2.900155e-233
1501          	-2.030108e-233
1502          	-1.421076e-233
1503          	-9.947531e-234
1504          	-6.963272e-234
1505          	-4.874290e-234
1506          	-3.412003e-234
1507          	-2.388402e-234
1508          	-1.671882e-234
1509          	-1.170317e-234
1510          	-8.192220e-235
1511          	-5.734554e-235
1512          	-4.014188e-235
1513          	-2.809931e-235
1514          	-1.966952e-235
1515          	-1.376866e-235
1516          	-9.638065e-236
1517          	-6.746645e-236
1518          	-4.722652e-236
1519          	-3.305856e-236
1520          	-2.314099e-236
1521          	-1.619870e-236
1522          	-1.133909e-236
1523          	-7.937361e-237
1524          	-5.556152e-237
1525          	-3.889307e-237
1526          	-2.722515e-237
1527          	-1.905760e-237
1528          	-1.334032e-237
1529          	-9.338225e-238
1530          	-6.536758e-238
1531          	-4.575730e-238
1532          	-3.203011e-238
1533          	-2.242108e-238
1534          	-1.569476e-238
1535          	-1.098633e-238
1536          	-7.690430e-239
1537          	-5.383301e-239
1538          	-3.768311e-239
1539          	-2.637818e-239
1540          	-1.846472e-239
1541          	-1.292531e-239
1542          	-9.047714e-240
1543          	-6.333400e-240
1544          	-4.433380e-240
1545          	-3.103366e-240
1546          	-2.172356e-240
1547          	-1.520649e-240
1548          	-1.064455e-240
1549          	-7.451182e-241
1550          	-5.215827e-241
1551          	-3.651079e-241
1552          	-2.555755e-241
1553          	-1.789029e-241
1554          	-1.252320e-241
1555          	-8.766241e-242
1556          	-6.136369e-242
1557          	-4.295458e-242
1558          	-3.006821e-242
1559          	-2.104774e-242
1560          	-1.473342e-242
1561          	-1.031339e-242
1562          	-7.219376e-243
1563          	-5.053563e-243
1564          	-3.537494e-243
1565          	-2.476246e-243
1566          	-1.733372e-243
1567          	-1.213361e-243
1568          	-8.493524e-244
1569          	-5.945467e-244
1570          	-4.161827e-244
1571          	-2.913279e-244
1572          	-2.039295e-244
1573          	-1.427507e-244
1574          	-9.992546e-245
1575          	-6.994782e-245
1576          	-4.896348e-245
1577          	-3.427443e-245
1578          	-2.399210e-245
1579          	-1.679447e-245
1580          	-1.175613e-245
1581          	-8.229291e-246
1582          	-5.760504e-246
1583          	-4.032353e-246
1584          	-2.822647e-246
1585          	-1.975853e-246
1586          	-1.383097e-246
1587          	-9.681679e-247
1588          	-6.777175e-247
1589          	-4.744023e-247
1590          	-3.320816e-247
1591          	-2.324571e-247
1592          	-1.627200e-247
1593          	-1.139040e-247
1594          	-7.973279e-248
1595          	-5.581295e-248
1596          	-3.906907e-248
1597          	-2.734835e-248
1598          	-1.914384e-248
1599          	-1.340069e-248
1600          	-9.380483e-249
1601          	-6.566338e-249
1602          	-4.596437e-249
1603          	-3.217506e-249
1604          	-2.252254e-249
1605          	-1.576578e-249
1606          	-1.103604e-249
1607          	-7.725231e-250
1608          	-5.407662e-250
1609          	-3.785363e-250
1610          	-2.649754e-250
1611          	-1.854828e-250
1612          	-1.298380e-250
1613          	-9.088657e-251
1614          	-6.362060e-251
1615          	-4.453442e-251
1616          	-3.117409e-251
1617          	-2.182187e-251
1618          	-1.527531e-251
1619          	-1.069271e-251
1620          	-7.484900e-252
1621          	-5.239430e-252
1622          	-3.667601e-252
1623          	-2.567321e-252
1624          	-1.797124e-252
1625          	-1.257987e-252
1626          	-8.805910e-253
1627          	-6.164137e-253
1628          	-4.314896e-253
1629          	-3.020427e-253
1630          	-2.114299e-253
1631          	-1.480009e-253
1632          	-1.036006e-253
1633          	-7.252045e-254
1634          	-5.076432e-254
1635          	-3.553502e-254
1636          	-2.487452e-254
1637          	-1.741216e-254
1638          	-1.218851e-254
1639          	-8.531959e-255
1640          	-5.972371e-255
1641          	-4.180660e-255
1642          	-2.926462e-255
1643          	-2.048523e-255
1644          	-1.433966e-255
1645          	-1.003776e-255
1646          	-7.026435e-256
1647          	-4.918505e-256
1648          	-3.442953e-256
1649          	-2.410067e-256
1650          	-1.687047e-256
1651          	-1.180933e-256
1652          	-8.266531e-257
1653          	-5.786571e-257
1654          	-4.050600e-257
1655          	-2.835420e-257
1656          	-1.984794e-257
1657          	-1.389356e-257
1658          	-9.725491e-258
1659          	-6.807843e-258
1660          	-4.765490e-258
1661          	-3.335843e-258
1662          	-2.335090e-258
1663          	-1.634563e-258
1664          	-1.144194e-258
1665          	-8.009360e-259
1666          	-5.606552e-259
1667          	-3.924586e-259
1668          	-2.747210e-259
1669          	-1.923047e-259
1670          	-1.346133e-259
1671          	-9.422932e-260
1672          	-6.596052e-260
1673          	-4.617236e-260
1674          	-3.232066e-260
1675          	-2.262446e-260
1676          	-1.583712e-260
1677          	-1.108598e-260
1678          	-7.760189e-261
1679          	-5.432133e-261
1680          	-3.802493e-261
1681          	-2.661745e-261
1682          	-1.863221e-261
1683          	-1.304255e-261
1684          	-9.129785e-262
1685          	-6.390850e-262
1686          	-4.473595e-262
1687          	-3.131516e-262
1688          	-2.192061e-262
1689          	-1.534443e-262
1690          	-1.074110e-262
1691          	-7.518771e-263
1692          	-5.263139e-263
1693          	-3.684198e-263
1694          	-2.578938e-263
1695          	-1.805257e-263
1696          	-1.263680e-263
1697          	-8.845758e-264
1698          	-6.192031e-264
1699          	-4.334422e-264
1700          	-3.034095e-264
1701          	-2.123867e-264
1702          	-1.486707e-264
1703          	-1.040695e-264
1704          	-7.284862e-265
1705          	-5.099404e-265
1706          	-3.569583e-265
1707          	-2.498708e-265
1708          	-1.749095e-265
1709          	-1.224367e-265
1710          	-8.570568e-266
1711          	-5.999397e-266
1712          	-4.199578e-266
1713          	-2.939705e-266
1714          	-2.057793e-266
1715          	-1.440455e-266
1716          	-1.008319e-266
1717          	-7.058231e-267
1718          	-4.940762e-267
1719          	-3.458533e-267
1720          	-2.420973e-267
1721          	-1.694681e-267
1722          	-1.186277e-267
1723          	-8.303938e-268
1724          	-5.812757e-268
1725          	-4.068930e-268
1726          	-2.848251e-268
1727          	-1.993776e-268
1728          	-1.395643e-268
1729          	-9.769500e-269
1730          	-6.838650e-269
1731          	-4.787055e-269
1732          	-3.350939e-269
1733          	-2.345657e-269
1734          	-1.641960e-269
1735          	-1.149372e-269
1736          	-8.045604e-270
1737          	-5.631923e-270
1738          	-3.942346e-270
1739          	-2.759642e-270
1740          	-1.931749e-270
1741          	-1.352225e-270
1742          	-9.465572e-271
1743          	-6.625901e-271
1744          	-4.638130e-271
1745          	-3.246691e-271
1746          	-2.272684e-271
1747          	-1.590879e-271
1748          	-1.113615e-271
1749          	-7.795306e-272
1750          	-5.456714e-272
1751          	-3.819700e-272
1752          	-2.673790e-272
1753          	-1.871653e-272
1754          	-1.310157e-272
1755          	-9.171099e-273
1756          	-6.419770e-273
1757          	-4.493839e-273
1758          	-3.145687e-273
1759          	-2.201981e-273
1760          	-1.541387e-273
1761          	-1.078971e-273
1762          	-7.552795e-274
1763          	-5.286956e-274
1764          	-3.700869e-274
1765          	-2.590609e-274
1766          	-1.813426e-274
1767          	-1.269398e-274
1768          	-8.885787e-275
1769          	-6.220051e-275
1770          	-4.354036e-275
1771          	-3.047825e-275
1772          	-2.133478e-275
1773          	-1.493434e-275
1774          	-1.045404e-275
1775          	-7.317828e-276
1776          	-5.122480e-276
1777          	-3.585736e-276
1778          	-2.510015e-276
1779          	-1.757011e-276
1780          	-1.229907e-276
1781          	-8.609351e-277
1782          	-6.026546e-277
1783          	-4.218582e-277
1784          	-2.953008e-277
1785          	-2.067105e-277
1786          	-1.446974e-277
1787          	-1.012882e-277
1788          	-7.090171e-278
1789          	-4.963120e-278
1790          	-3.474184e-278
1791          	-2.431929e-278
1792          	-1.702350e-278
1793          	-1.191645e-278
1794          	-8.341515e-279
1795          	-5.839061e-279
1796          	-4.087343e-279
1797          	-2.861140e-279
1798          	-2.002798e-279
1799          	-1.401958e-279
1800          	-9.813709e-280
1801          	-6.869597e-280
1802          	-4.808718e-280
1803          	-3.366102e-280
1804          	-2.356272e-280
1805          	-1.649390e-280
1806          	-1.154573e-280
1807          	-8.082012e-281
1808          	-5.657408e-281
1809          	-3.960186e-281
1810          	-2.772130e-281
1811          	-1.940491e-281
1812          	-1.358344e-281
1813          	-9.508406e-282
1814          	-6.655884e-282
1815          	-4.659119e-282
1816          	-3.261383e-282
1817          	-2.282968e-282
1818          	-1.598078e-282
1819          	-1.118654e-282
1820          	-7.830581e-283
1821          	-5.481407e-283
1822          	-3.836985e-283
1823          	-2.685889e-283
1824          	-1.880123e-283
1825          	-1.316086e-283
1826          	-9.212600e-284
1827          	-6.448820e-284
1828          	-4.514174e-284
1829          	-3.159922e-284
1830          	-2.211945e-284
1831          	-1.548362e-284
1832          	-1.083853e-284
1833          	-7.586973e-285
1834          	-5.310881e-285
1835          	-3.717617e-285
1836          	-2.602332e-285
1837          	-1.821632e-285
1838          	-1.275142e-285
1839          	-8.925997e-286
1840          	-6.248198e-286
1841          	-4.373739e-286
1842          	-3.061617e-286
1843          	-2.143132e-286
1844          	-1.500192e-286
1845          	-1.050135e-286
1846          	-7.350943e-287
1847          	-5.145660e-287
1848          	-3.601962e-287
1849          	-2.521373e-287
1850          	-1.764961e-287
1851          	-1.235473e-287
1852          	-8.648311e-288
1853          	-6.053817e-288
1854          	-4.237672e-288
1855          	-2.966371e-288
1856          	-2.076459e-288
1857          	-1.453522e-288
1858          	-1.017465e-288
1859          	-7.122256e-289
1860          	-4.985579e-289
1861          	-3.489905e-289
1862          	-2.442934e-289
1863          	-1.710054e-289
1864          	-1.197038e-289
1865          	-8.379263e-290
1866          	-5.865484e-290
1867          	-4.105839e-290
1868          	-2.874087e-290
1869          	-2.011861e-290
1870          	-1.408303e-290
1871          	-9.858119e-291
1872          	-6.900683e-291
1873          	-4.830478e-291
1874          	-3.381335e-291
1875          	-2.366934e-291
1876          	-1.656854e-291
1877          	-1.159798e-291
1878          	-8.118585e-292
1879          	-5.683009e-292
1880          	-3.978106e-292
1881          	-2.784675e-292
1882          	-1.949272e-292
1883          	-1.364491e-292
1884          	-9.551434e-293
1885          	-6.686003e-293
1886          	-4.680202e-293
1887          	-3.276142e-293
1888          	-2.293299e-293
1889          	-1.605309e-293
1890          	-1.123717e-293
1891          	-7.866016e-294
1892          	-5.506211e-294
1893          	-3.854348e-294
1894          	-2.698044e-294
1895          	-1.888631e-294
1896          	-1.322041e-294
1897          	-9.254289e-295
1898          	-6.478003e-295
1899          	-4.534602e-295
1900          	-3.174221e-295
1901          	-2.221955e-295
1902          	-1.555368e-295
1903          	-1.088758e-295
1904          	-7.621305e-296
1905          	-5.334914e-296
1906          	-3.734440e-296
1907          	-2.614108e-296
1908          	-1.829875e-296
1909          	-1.280913e-296
1910          	-8.966389e-297
1911          	-6.276473e-297
1912          	-4.393531e-297
1913          	-3.075472e-297
1914          	-2.152830e-297
1915          	-1.506981e-297
1916          	-1.054887e-297
1917          	-7.384207e-298
1918          	-5.168945e-298
1919          	-3.618262e-298
1920          	-2.532783e-298
1921          	-1.772948e-298
1922          	-1.241064e-298
1923          	-8.687446e-299
1924          	-6.081212e-299
1925          	-4.256849e-299
1926          	-2.979794e-299
1927          	-2.085856e-299
1928          	-1.460099e-299
1929          	-1.022069e-299
1930          	-7.154485e-300
1931          	-5.008140e-300
1932          	-3.505698e-300
1933          	-2.453988e-300
1934          	-1.717792e-300
1935          	-1.202454e-300
1936          	-8.417180e-301
1937          	-5.892026e-301
1938          	-4.124418e-301
1939          	-2.887093e-301
1940          	-2.020965e-301
1941          	-1.414676e-301
1942          	-9.902729e-302
1943          	-6.931910e-302
1944          	-4.852337e-302
1945          	-3.396636e-302
1946          	-2.377645e-302
1947          	-1.664352e-302
1948          	-1.165046e-302
1949          	-8.155323e-303
1950          	-5.708726e-303
1951          	-3.996108e-303
1952          	-2.797276e-303
1953          	-1.958093e-303
1954          	-1.370665e-303
1955          	-9.594656e-304
1956          	-6.716259e-304
1957          	-4.701381e-304
1958          	-3.290967e-304
1959          	-2.303677e-304
1960          	-1.612574e-304
1961          	-1.128802e-304
1962          	-7.901612e-305
1963          	-5.531128e-305
1964          	-3.871790e-305
1965          	-2.710253e-305
1966          	-1.897177e-305
1967          	-1.328024e-305
1968          	-9.296167e-306
1969          	-6.507317e-306
1970          	-4.555122e-306
1971          	-3.188585e-306
1972          	-2.232010e-306
1973          	-1.562407e-306
1974          	-1.093685e-306
1975          	-7.655793e-307
1976          	-5.359055e-307
1977          	-3.751339e-307
1978          	-2.625937e-307
1979          	-1.838156e-307
1980          	-1.286709e-307
1981          	-9.006964e-308
1982          	-6.304875e-308
1983          	-4.413412e-308
1984          	-3.089389e-308
1985          	-2.162572e-308
1986          	-1.513800e-308
1987          	-1.059660e-308
1988          	-7.417622e-309
1989          	-5.192336e-309
1990          	-3.634635e-309
1991          	-2.544245e-309
1992          	-1.780971e-309
1993          	-1.246680e-309
1994          	-8.726759e-310
1995          	-6.108732e-310
1996          	-4.276110e-310
1997          	-2.993278e-310
1998          	-2.095294e-310
1999          	-1.466707e-310
2000          	-1.026695e-310
2001          	-7.186877e-311
2002          	-5.030790e-311
2003          	-3.521569e-311
2004          	-2.465099e-311
2005          	-1.725574e-311
2006          	-1.207900e-311
2007          	-8.455360e-312
2008          	-5.918788e-312
2009          	-4.143155e-312
2010          	-2.899968e-312
2011          	-2.029859e-312
2012          	-1.421051e-312
2013          	-9.947715e-313
2014          	-6.963164e-313
2015          	-4.874254e-313
2016          	-3.413005e-313
2017          	-2.387720e-313
2018          	-1.670337e-313
2019          	-1.170738e-313
2020          	-8.177775e-314
2021          	-5.719304e-314
2022          	-4.011813e-314
2023          	-2.806293e-314
2024          	-1.948595e-314
2025          	-1.367574e-314
2026          	-9.604636e-315
2027          	-6.482141e-315
2028          	-4.505879e-315
2029          	-3.003919e-315
2030          	-2.292465e-315
2031          	-1.501960e-315
2032          	-1.067182e-315
2033          	-7.509798e-316
2034          	-3.952525e-317
2035          	0.000000e+00
2036          	0.000000e+00
2037          	0.000000e+00
2038          	0.000000e+00
2039          	0.000000e+00
2040          	0.000000e+00
2041          	0.000000e+00
2042          	0.000000e+00
2043          	0.000000e+00
2044          	0.000000e+00
2045          	0.000000e+00
2046          	0.000000e+00
2047          	0.000000e+00
2048          	0.000000e+00
2049          	0.000000e+00
2050          	0.000000e+00
2051          	0.000000e+00
2052          	0.000000e+00
2053          	0.000000e+00
2054          	0.000000e+00
2055          	0.000000e+00
2056          	0.000000e+00
2057          	0.000000e+00
2058          	0.000000e+00
2059          	0.000000e+00
2060          	0.000000e+00
2061          	0.000000e+00
2062          	0.000000e+00
2063          	0.000000e+00
2064          	0.000000e+00
2065          	0.000000e+00
2066          	0.000000e+00
2067          	0.000000e+00
2068          	0.000000e+00
2069          	0.000000e+00
2070          	0.000000e+00
2071          	0.000000e+00
2072          	0.000000e+00
2073          	0.000000e+00
2074          	0.000000e+00
2075          	0.000000e+00
2076          	0.000000e+00
2077          	0.000000e+00
2078          	0.000000e+00
2079          	0.000000e+00
2080          	0.000000e+00
2081          	0.000000e+00
2082          	0.000000e+00
2083          	0.000000e+00
2084          	0.000000e+00
2085          	0.000000e+00
2086          	0.000000e+00
2087          	0.000000e+00
2088          	0.000000e+00
2089          	0.000000e+00
2090          	0.000000e+00
2091          	0.000000e+00
2092          	0.000000e+00
2093          	0.000000e+00
2094          	0.000000e+00
2095          	0.000000e+00
2096          	0.000000e+00
2097          	0.000000e+00
2098          	0.000000e+00
2099          	0.000000e+00
2100          	0.000000e+00
2101          	0.000000e+00
2102          	0.000000e+00
2103          	0.000000e+00
2104          	0.000000e+00
2105          	0.000000e+00
2106          	0.000000e+00
2107          	0.000000e+00
2108          	0.000000e+00
2109          	0.000000e+00
2110          	0.000000e+00
2111          	0.000000e+00
2112          	0.000000e+00
2113          	0.000000e+00
2114          	0.000000e+00
2115          	0.000000e+00
2116          	0.000000e+00
2117          	0.000000e+00
2118          	0.000000e+00
2119          	0.000000e+00
2120          	0.000000e+00
2121          	0.000000e+00
2122          	0.000000e+00
2123          	0.000000e+00
2124          	0.000000e+00
2125          	0.000000e+00
2126          	0.000000e+00
2127          	0.000000e+00
2128          	0.000000e+00
2129          	0.000000e+00
2130          	0.000000e+00
2131          	0.000000e+00
2132          	0.000000e+00
2133          	0.000000e+00
2134          	0.000000e+00
2135          	0.000000e+00
2136          	0.000000e+00
2137          	0.000000e+00
2138          	0.000000e+00
2139          	0.000000e+00
2140          	0.000000e+00
2141          	0.000000e+00
2142          	0.000000e+00
2143          	0.000000e+00
2144          	0.000000e+00
2145          	0.000000e+00
2146          	0.000000e+00
2147          	0.000000e+00
2148          	0.000000e+00
2149          	0.000000e+00
2150          	0.000000e+00
2151          	0.000000e+00
2152          	0.000000e+00
2153          	0.000000e+00
2154          	0.000000e+00
2155          	0.000000e+00
2156          	0.000000e+00
2157          	0.000000e+00
2158          	0.000000e+00
2159          	0.000000e+00
2160          	0.000000e+00
2161          	0.000000e+00
2162          	0.000000e+00
2163          	0.000000e+00
2164          	0.000000e+00
2165          	0.000000e+00
2166          	0.000000e+00
2167          	0.000000e+00
2168          	0.000000e+00
2169          	0.000000e+00
2170          	0.000000e+00
2171          	0.000000e+00
2172          	0.000000e+00
2173          	0.000000e+00
2174          	0.000000e+00
2175          	0.000000e+00
2176          	0.000000e+00
2177          	0.000000e+00
2178          	0.000000e+00
2179          	0.000000e+00
2180          	0.000000e+00
2181          	0.000000e+00
2182          	0.000000e+00
2183          	0.000000e+00
2184          	0.000000e+00
2185          	0.000000e+00
2186          	0.000000e+00
2187          	0.000000e+00
2188          	0.000000e+00
2189          	0.000000e+00
2190          	0.000000e+00
2191          	0.000000e+00
2192          	0.000000e+00
2193          	0.000000e+00
2194          	0.000000e+00
2195          	0.000000e+00
2196          	0.000000e+00
2197          	0.000000e+00
2198          	0.000000e+00
2199          	0.000000e+00
2200          	0.000000e+00
2201          	0.000000e+00
2202          	0.000000e+00
2203          	0.000000e+00
2204          	0.000000e+00
2205          	0.000000e+00
2206          	0.000000e+00
2207          	0.000000e+00
2208          	0.000000e+00
2209          	0.000000e+00
2210          	0.000000e+00
2211          	0.000000e+00
2212          	0.000000e+00
2213          	0.000000e+00
2214          	0.000000e+00
2215          	0.000000e+00
2216          	0.000000e+00
2217          	0.000000e+00
2218          	0.000000e+00
2219          	0.000000e+00
2220          	0.000000e+00
2221          	0.000000e+00
2222          	0.000000e+00
2223          	0.000000e+00
2224          	0.000000e+00
2225          	0.000000e+00
2226          	0.000000e+00
2227          	0.000000e+00
2228          	0.000000e+00
2229          	0.000000e+00
2230          	0.000000e+00
2231          	0.000000e+00
2232          	0.000000e+00
2233          	0.000000e+00
2234          	0.000000e+00
2235          	0.000000e+00
2236          	0.000000e+00
2237          	0.000000e+00
2238          	0.000000e+00
2239          	0.000000e+00
2240          	0.000000e+00
2241          	0.000000e+00
2242          	0.000000e+00
2243          	0.000000e+00
2244          	0.000000e+00
2245          	0.000000e+00
2246          	0.000000e+00
2247          	0.000000e+00
2248          	0.000000e+00
2249          	0.000000e+00
2250          	0.000000e+00
2251          	0.000000e+00
2252          	0.000000e+00
2253          	0.000000e+00
2254          	0.000000e+00
2255          	0.000000e+00
