# Region type : patch out
# Faces  :    224
# Area   :    1.250000e-07
# Time        	areaAverage(p)
0             	0.000000e+00
1             	6.637982e+04
2             	5.767675e+04
3             	3.210097e+04
4             	6.352157e+03
5             	-1.237799e+04
6             	-2.089040e+04
7             	-2.094532e+04
8             	-1.541829e+04
9             	-7.525529e+03
10            	-2.227860e+02
11            	4.735172e+03
12            	6.807543e+03
13            	6.425220e+03
14            	4.526345e+03
15            	2.142724e+03
16            	8.611639e+01
17            	-1.193934e+03
18            	-1.604069e+03
19            	-1.326831e+03
20            	-6.641530e+02
21            	6.973487e+01
22            	6.435881e+02
23            	9.481719e+02
24            	9.826932e+02
25            	8.222961e+02
26            	5.708125e+02
27            	3.241142e+02
28            	1.468173e+02
29            	6.353663e+01
30            	6.402338e+01
31            	1.191547e+02
32            	1.945625e+02
33            	2.605666e+02
34            	2.996709e+02
35            	3.080911e+02
36            	2.915853e+02
37            	2.609509e+02
38            	2.275526e+02
39            	1.999389e+02
40            	1.828500e+02
41            	1.760296e+02
42            	1.768283e+02
43            	1.815401e+02
44            	1.864269e+02
45            	1.889263e+02
46            	1.881780e+02
47            	1.843225e+02
48            	1.784499e+02
49            	1.719409e+02
50            	1.659055e+02
51            	1.610292e+02
52            	1.574984e+02
53            	1.551384e+02
54            	1.534157e+02
55            	1.519539e+02
56            	1.503216e+02
57            	1.483574e+02
58            	1.461316e+02
59            	1.437114e+02
60            	1.412615e+02
61            	1.388800e+02
62            	1.366471e+02
63            	1.346407e+02
64            	1.327991e+02
65            	1.310812e+02
66            	1.294579e+02
67            	1.279117e+02
68            	1.263739e+02
69            	1.248346e+02
70            	1.233004e+02
71            	1.217839e+02
72            	1.203124e+02
73            	1.188827e+02
74            	1.174918e+02
75            	1.161640e+02
76            	1.148836e+02
77            	1.136513e+02
78            	1.124675e+02
79            	1.113158e+02
80            	1.101797e+02
81            	1.090641e+02
82            	1.079498e+02
83            	1.068746e+02
84            	1.058333e+02
85            	1.048026e+02
86            	1.038257e+02
87            	1.028616e+02
88            	1.019254e+02
89            	1.009996e+02
90            	1.001077e+02
91            	9.922566e+01
92            	9.837484e+01
93            	9.753773e+01
94            	9.670581e+01
95            	9.588988e+01
96            	9.509231e+01
97            	9.432663e+01
98            	9.357215e+01
99            	9.283153e+01
100           	9.210640e+01
101           	9.139920e+01
102           	9.071179e+01
103           	9.001686e+01
104           	8.933580e+01
105           	8.867724e+01
106           	8.803239e+01
107           	8.740024e+01
108           	8.679134e+01
109           	8.617964e+01
110           	8.557541e+01
111           	8.497862e+01
112           	8.440443e+01
113           	8.382915e+01
114           	8.326283e+01
115           	8.270931e+01
116           	8.217245e+01
117           	8.164569e+01
118           	8.112888e+01
119           	8.062216e+01
120           	8.010960e+01
121           	7.960622e+01
122           	7.910893e+01
123           	7.862545e+01
124           	7.815587e+01
125           	7.768958e+01
126           	7.722256e+01
127           	7.676979e+01
128           	7.632882e+01
129           	7.589754e+01
130           	7.546247e+01
131           	7.502706e+01
132           	7.460016e+01
133           	7.418555e+01
134           	7.378134e+01
135           	7.337724e+01
136           	7.297806e+01
137           	7.258771e+01
138           	7.220924e+01
139           	7.183656e+01
140           	7.145948e+01
141           	7.108159e+01
142           	7.071132e+01
143           	7.035274e+01
144           	7.000234e+01
145           	6.965219e+01
146           	6.930428e+01
147           	6.896665e+01
148           	6.863477e+01
149           	6.830661e+01
150           	6.797523e+01
151           	6.764835e+01
152           	6.732646e+01
153           	6.701037e+01
154           	6.670117e+01
155           	6.639334e+01
156           	6.609301e+01
157           	6.579647e+01
158           	6.550252e+01
159           	6.521124e+01
160           	6.491765e+01
161           	6.463428e+01
162           	6.434997e+01
163           	6.406997e+01
164           	6.379567e+01
165           	6.352590e+01
166           	6.325810e+01
167           	6.299893e+01
168           	6.273787e+01
169           	6.247913e+01
170           	6.222318e+01
171           	6.196510e+01
172           	6.171157e+01
173           	6.146766e+01
174           	6.122739e+01
175           	6.099149e+01
176           	6.075034e+01
177           	6.051272e+01
178           	6.028246e+01
179           	6.005292e+01
180           	5.982145e+01
181           	5.959271e+01
182           	5.936853e+01
183           	5.915208e+01
184           	5.893573e+01
185           	5.872243e+01
186           	5.851157e+01
187           	5.830222e+01
188           	5.809709e+01
189           	5.788899e+01
190           	5.768237e+01
191           	5.747823e+01
192           	5.728014e+01
193           	5.708481e+01
194           	5.688949e+01
195           	5.669723e+01
196           	5.651028e+01
197           	5.632340e+01
198           	5.613712e+01
199           	5.594884e+01
200           	5.576308e+01
201           	5.558335e+01
202           	5.540506e+01
203           	5.522936e+01
204           	5.505385e+01
205           	5.488444e+01
206           	5.471552e+01
207           	5.454617e+01
208           	5.437768e+01
209           	5.420794e+01
210           	5.404398e+01
211           	5.388145e+01
212           	5.372114e+01
213           	5.356325e+01
214           	5.340565e+01
215           	5.325097e+01
216           	5.309823e+01
217           	5.294909e+01
218           	5.280005e+01
219           	5.265073e+01
220           	5.249921e+01
221           	5.235016e+01
222           	5.220665e+01
223           	5.206603e+01
224           	5.192487e+01
225           	5.178564e+01
226           	5.164783e+01
227           	5.151085e+01
228           	5.137715e+01
229           	5.124107e+01
230           	5.110584e+01
231           	5.097361e+01
232           	5.084338e+01
233           	5.071545e+01
234           	5.058861e+01
235           	5.046405e+01
236           	5.033917e+01
237           	5.021515e+01
238           	5.009153e+01
239           	4.996834e+01
240           	4.984780e+01
241           	4.972707e+01
242           	4.960891e+01
243           	4.949245e+01
244           	4.937804e+01
245           	4.926423e+01
246           	4.914998e+01
247           	4.903638e+01
248           	4.892349e+01
249           	4.881176e+01
250           	4.870201e+01
251           	4.859209e+01
252           	4.848421e+01
253           	4.837719e+01
254           	4.827386e+01
255           	4.817066e+01
256           	4.806556e+01
257           	4.796083e+01
258           	4.785664e+01
259           	4.775441e+01
260           	4.765418e+01
261           	4.755549e+01
262           	4.745640e+01
263           	4.735979e+01
264           	4.726434e+01
265           	4.716868e+01
266           	4.707330e+01
267           	4.697666e+01
268           	4.688226e+01
269           	4.678979e+01
270           	4.669767e+01
271           	4.660631e+01
272           	4.651504e+01
273           	4.642704e+01
274           	4.633982e+01
275           	4.625196e+01
276           	4.616382e+01
277           	4.607506e+01
278           	4.598828e+01
279           	4.590371e+01
280           	4.582003e+01
281           	4.573629e+01
282           	4.565292e+01
283           	4.557125e+01
284           	4.549094e+01
285           	4.541024e+01
286           	4.532900e+01
287           	4.524811e+01
288           	4.516848e+01
289           	4.509017e+01
290           	4.501205e+01
291           	4.493463e+01
292           	4.485879e+01
293           	4.478348e+01
294           	4.470899e+01
295           	4.463347e+01
296           	4.455840e+01
297           	4.448391e+01
298           	4.441050e+01
299           	4.433816e+01
300           	4.426659e+01
301           	4.419389e+01
302           	4.412295e+01
303           	4.405367e+01
304           	4.398417e+01
305           	4.391456e+01
306           	4.384362e+01
307           	4.377395e+01
308           	4.370630e+01
309           	4.363884e+01
310           	4.357225e+01
311           	4.350461e+01
312           	4.343846e+01
313           	4.337315e+01
314           	4.330883e+01
315           	4.324341e+01
316           	4.317941e+01
317           	4.311441e+01
318           	4.304999e+01
319           	4.298659e+01
320           	4.292373e+01
321           	4.286236e+01
322           	4.280090e+01
323           	4.273988e+01
324           	4.267899e+01
325           	4.261792e+01
326           	4.255724e+01
327           	4.249707e+01
328           	4.243737e+01
329           	4.237823e+01
330           	4.231914e+01
331           	4.226081e+01
332           	4.220455e+01
333           	4.214801e+01
334           	4.209136e+01
335           	4.203319e+01
336           	4.197580e+01
337           	4.192052e+01
338           	4.186544e+01
339           	4.180973e+01
340           	4.175440e+01
341           	4.170060e+01
342           	4.164783e+01
343           	4.159456e+01
344           	4.154032e+01
345           	4.148582e+01
346           	4.143282e+01
347           	4.138012e+01
348           	4.132802e+01
349           	4.127644e+01
350           	4.122490e+01
351           	4.117447e+01
352           	4.112405e+01
353           	4.107342e+01
354           	4.102295e+01
355           	4.097194e+01
356           	4.092217e+01
357           	4.087253e+01
358           	4.082340e+01
359           	4.077475e+01
360           	4.072607e+01
361           	4.067849e+01
362           	4.063101e+01
363           	4.058341e+01
364           	4.053545e+01
365           	4.048779e+01
366           	4.044071e+01
367           	4.039459e+01
368           	4.034874e+01
369           	4.030247e+01
370           	4.025676e+01
371           	4.021131e+01
372           	4.016669e+01
373           	4.012179e+01
374           	4.007639e+01
375           	4.003115e+01
376           	3.998643e+01
377           	3.994259e+01
378           	3.989907e+01
379           	3.985521e+01
380           	3.981189e+01
381           	3.976885e+01
382           	3.972660e+01
383           	3.968417e+01
384           	3.964136e+01
385           	3.959879e+01
386           	3.955678e+01
387           	3.951562e+01
388           	3.947485e+01
389           	3.943382e+01
390           	3.939332e+01
391           	3.935304e+01
392           	3.931350e+01
393           	3.927379e+01
394           	3.923375e+01
395           	3.919392e+01
396           	3.915459e+01
397           	3.911563e+01
398           	3.907721e+01
399           	3.903906e+01
400           	3.900121e+01
401           	3.896334e+01
402           	3.892559e+01
403           	3.888777e+01
404           	3.885013e+01
405           	3.881259e+01
406           	3.877544e+01
407           	3.873854e+01
408           	3.870211e+01
409           	3.866590e+01
410           	3.863001e+01
411           	3.859416e+01
412           	3.855851e+01
413           	3.852286e+01
414           	3.848748e+01
415           	3.845221e+01
416           	3.841734e+01
417           	3.838269e+01
418           	3.834845e+01
419           	3.831436e+01
420           	3.828053e+01
421           	3.824670e+01
422           	3.821305e+01
423           	3.817939e+01
424           	3.814598e+01
425           	3.811269e+01
426           	3.807975e+01
427           	3.804700e+01
428           	3.801458e+01
429           	3.798223e+01
430           	3.795007e+01
431           	3.791782e+01
432           	3.788569e+01
433           	3.785348e+01
434           	3.782146e+01
435           	3.778949e+01
436           	3.775780e+01
437           	3.772622e+01
438           	3.769491e+01
439           	3.766362e+01
440           	3.763247e+01
441           	3.760125e+01
442           	3.757015e+01
443           	3.753902e+01
444           	3.750810e+01
445           	3.747724e+01
446           	3.744670e+01
447           	3.741625e+01
448           	3.738607e+01
449           	3.735589e+01
450           	3.732588e+01
451           	3.729579e+01
452           	3.726586e+01
453           	3.723591e+01
454           	3.720621e+01
455           	3.717661e+01
456           	3.714733e+01
457           	3.711817e+01
458           	3.708930e+01
459           	3.706047e+01
460           	3.703184e+01
461           	3.700319e+01
462           	3.697473e+01
463           	3.694633e+01
464           	3.691819e+01
465           	3.689013e+01
466           	3.686236e+01
467           	3.683466e+01
468           	3.680719e+01
469           	3.677969e+01
470           	3.675231e+01
471           	3.672484e+01
472           	3.669750e+01
473           	3.667012e+01
474           	3.664298e+01
475           	3.661579e+01
476           	3.658882e+01
477           	3.656190e+01
478           	3.653514e+01
479           	3.650828e+01
480           	3.648146e+01
481           	3.645464e+01
482           	3.642796e+01
483           	3.640123e+01
484           	3.637469e+01
485           	3.634821e+01
486           	3.632197e+01
487           	3.629575e+01
488           	3.626972e+01
489           	3.624363e+01
490           	3.621768e+01
491           	3.619169e+01
492           	3.616584e+01
493           	3.613994e+01
494           	3.611425e+01
495           	3.608858e+01
496           	3.606314e+01
497           	3.603768e+01
498           	3.601237e+01
499           	3.598701e+01
500           	3.596181e+01
501           	3.593658e+01
502           	3.591152e+01
503           	3.588649e+01
504           	3.586174e+01
505           	3.583711e+01
506           	3.581278e+01
507           	3.578850e+01
508           	3.576445e+01
509           	3.574042e+01
510           	3.571664e+01
511           	3.569290e+01
512           	3.566944e+01
513           	3.564608e+01
514           	3.562302e+01
515           	3.560007e+01
516           	3.557741e+01
517           	3.555479e+01
518           	3.553239e+01
519           	3.550997e+01
520           	3.548774e+01
521           	3.546549e+01
522           	3.544344e+01
523           	3.542140e+01
524           	3.539957e+01
525           	3.537775e+01
526           	3.535611e+01
527           	3.533443e+01
528           	3.531288e+01
529           	3.529125e+01
530           	3.526975e+01
531           	3.524818e+01
532           	3.522678e+01
533           	3.520537e+01
534           	3.518415e+01
535           	3.516292e+01
536           	3.514186e+01
537           	3.512076e+01
538           	3.509977e+01
539           	3.507874e+01
540           	3.505787e+01
541           	3.503699e+01
542           	3.501630e+01
543           	3.499564e+01
544           	3.497521e+01
545           	3.495479e+01
546           	3.493458e+01
547           	3.491435e+01
548           	3.489430e+01
549           	3.487421e+01
550           	3.485431e+01
551           	3.483440e+01
552           	3.481471e+01
553           	3.479504e+01
554           	3.477559e+01
555           	3.475617e+01
556           	3.473693e+01
557           	3.471762e+01
558           	3.469851e+01
559           	3.467935e+01
560           	3.466037e+01
561           	3.464136e+01
562           	3.462256e+01
563           	3.460377e+01
564           	3.458518e+01
565           	3.456658e+01
566           	3.454816e+01
567           	3.452971e+01
568           	3.451143e+01
569           	3.449312e+01
570           	3.447501e+01
571           	3.445691e+01
572           	3.443904e+01
573           	3.442122e+01
574           	3.440364e+01
575           	3.438609e+01
576           	3.436877e+01
577           	3.435146e+01
578           	3.433442e+01
579           	3.431737e+01
580           	3.430053e+01
581           	3.428372e+01
582           	3.426712e+01
583           	3.425056e+01
584           	3.423421e+01
585           	3.421788e+01
586           	3.420175e+01
587           	3.418559e+01
588           	3.416963e+01
589           	3.415362e+01
590           	3.413775e+01
591           	3.412184e+01
592           	3.410610e+01
593           	3.409034e+01
594           	3.407474e+01
595           	3.405909e+01
596           	3.404358e+01
597           	3.402800e+01
598           	3.401254e+01
599           	3.399700e+01
600           	3.398159e+01
601           	3.396614e+01
602           	3.395086e+01
603           	3.393554e+01
604           	3.392036e+01
605           	3.390511e+01
606           	3.388989e+01
607           	3.387466e+01
608           	3.385981e+01
609           	3.384486e+01
610           	3.383002e+01
611           	3.381491e+01
612           	3.380024e+01
613           	3.378552e+01
614           	3.377096e+01
615           	3.375636e+01
616           	3.374191e+01
617           	3.372741e+01
618           	3.371309e+01
619           	3.369874e+01
620           	3.368458e+01
621           	3.367040e+01
622           	3.365639e+01
623           	3.364235e+01
624           	3.362846e+01
625           	3.361454e+01
626           	3.360113e+01
627           	3.358759e+01
628           	3.357412e+01
629           	3.356020e+01
630           	3.354655e+01
631           	3.353296e+01
632           	3.351966e+01
633           	3.350639e+01
634           	3.349330e+01
635           	3.348015e+01
636           	3.346710e+01
637           	3.345393e+01
638           	3.344088e+01
639           	3.342774e+01
640           	3.341475e+01
641           	3.340172e+01
642           	3.338886e+01
643           	3.337595e+01
644           	3.336320e+01
645           	3.335039e+01
646           	3.333771e+01
647           	3.332496e+01
648           	3.331234e+01
649           	3.329966e+01
650           	3.328712e+01
651           	3.327453e+01
652           	3.326208e+01
653           	3.324956e+01
654           	3.323717e+01
655           	3.322470e+01
656           	3.321234e+01
657           	3.319989e+01
658           	3.318756e+01
659           	3.317516e+01
660           	3.316288e+01
661           	3.315056e+01
662           	3.313835e+01
663           	3.312605e+01
664           	3.311387e+01
665           	3.310159e+01
666           	3.308943e+01
667           	3.307719e+01
668           	3.306508e+01
669           	3.305290e+01
670           	3.304085e+01
671           	3.302875e+01
672           	3.301678e+01
673           	3.300474e+01
674           	3.299284e+01
675           	3.298086e+01
676           	3.296902e+01
677           	3.295711e+01
678           	3.294535e+01
679           	3.293353e+01
680           	3.292186e+01
681           	3.291013e+01
682           	3.289856e+01
683           	3.288691e+01
684           	3.287541e+01
685           	3.286385e+01
686           	3.285243e+01
687           	3.284095e+01
688           	3.282962e+01
689           	3.281825e+01
690           	3.280702e+01
691           	3.279575e+01
692           	3.278459e+01
693           	3.277341e+01
694           	3.276240e+01
695           	3.275134e+01
696           	3.274044e+01
697           	3.272948e+01
698           	3.271866e+01
699           	3.270775e+01
700           	3.269705e+01
701           	3.268628e+01
702           	3.267569e+01
703           	3.266506e+01
704           	3.265460e+01
705           	3.264408e+01
706           	3.263372e+01
707           	3.262326e+01
708           	3.261291e+01
709           	3.260251e+01
710           	3.259226e+01
711           	3.258195e+01
712           	3.257180e+01
713           	3.256158e+01
714           	3.255121e+01
715           	3.254094e+01
716           	3.253097e+01
717           	3.252101e+01
718           	3.251117e+01
719           	3.250122e+01
720           	3.249136e+01
721           	3.248138e+01
722           	3.247148e+01
723           	3.246150e+01
724           	3.245163e+01
725           	3.244168e+01
726           	3.243187e+01
727           	3.242198e+01
728           	3.241222e+01
729           	3.240238e+01
730           	3.239266e+01
731           	3.238309e+01
732           	3.237357e+01
733           	3.236376e+01
734           	3.235394e+01
735           	3.234400e+01
736           	3.233423e+01
737           	3.232445e+01
738           	3.231488e+01
739           	3.230535e+01
740           	3.229593e+01
741           	3.228641e+01
742           	3.227693e+01
743           	3.226737e+01
744           	3.225795e+01
745           	3.224848e+01
746           	3.223917e+01
747           	3.222981e+01
748           	3.222059e+01
749           	3.221130e+01
750           	3.220214e+01
751           	3.219291e+01
752           	3.218381e+01
753           	3.217464e+01
754           	3.216561e+01
755           	3.215651e+01
756           	3.214733e+01
757           	3.213820e+01
758           	3.212934e+01
759           	3.212092e+01
760           	3.211204e+01
761           	3.210311e+01
762           	3.209436e+01
763           	3.208559e+01
764           	3.207699e+01
765           	3.206835e+01
766           	3.205985e+01
767           	3.205128e+01
768           	3.204285e+01
769           	3.203435e+01
770           	3.202609e+01
771           	3.201763e+01
772           	3.200922e+01
773           	3.200073e+01
774           	3.199241e+01
775           	3.198407e+01
776           	3.197591e+01
777           	3.196771e+01
778           	3.195966e+01
779           	3.195153e+01
780           	3.194352e+01
781           	3.193544e+01
782           	3.192748e+01
783           	3.191946e+01
784           	3.191157e+01
785           	3.190364e+01
786           	3.189585e+01
787           	3.188799e+01
788           	3.188028e+01
789           	3.187250e+01
790           	3.186487e+01
791           	3.185718e+01
792           	3.184962e+01
793           	3.184201e+01
794           	3.183453e+01
795           	3.182699e+01
796           	3.181959e+01
797           	3.181212e+01
798           	3.180479e+01
799           	3.179740e+01
800           	3.179014e+01
801           	3.178283e+01
802           	3.177566e+01
803           	3.176842e+01
804           	3.176133e+01
805           	3.175419e+01
806           	3.174718e+01
807           	3.174012e+01
808           	3.173321e+01
809           	3.172624e+01
810           	3.171941e+01
811           	3.171252e+01
812           	3.170579e+01
813           	3.169900e+01
814           	3.169237e+01
815           	3.168568e+01
816           	3.167913e+01
817           	3.167283e+01
818           	3.166619e+01
819           	3.165953e+01
820           	3.165307e+01
821           	3.164691e+01
822           	3.164049e+01
823           	3.163436e+01
824           	3.162795e+01
825           	3.162157e+01
826           	3.161543e+01
827           	3.160959e+01
828           	3.160347e+01
829           	3.159733e+01
830           	3.159137e+01
831           	3.158539e+01
832           	3.157958e+01
833           	3.157371e+01
834           	3.156797e+01
835           	3.156215e+01
836           	3.155646e+01
837           	3.155069e+01
838           	3.154506e+01
839           	3.153935e+01
840           	3.153378e+01
841           	3.152842e+01
842           	3.152275e+01
843           	3.151704e+01
844           	3.151177e+01
845           	3.150607e+01
846           	3.150081e+01
847           	3.149540e+01
848           	3.149004e+01
849           	3.148455e+01
850           	3.147915e+01
851           	3.147365e+01
852           	3.146828e+01
853           	3.146284e+01
854           	3.145754e+01
855           	3.145218e+01
856           	3.144696e+01
857           	3.144166e+01
858           	3.143653e+01
859           	3.143129e+01
860           	3.142613e+01
861           	3.142087e+01
862           	3.141572e+01
863           	3.141047e+01
864           	3.140535e+01
865           	3.140016e+01
866           	3.139510e+01
867           	3.138998e+01
868           	3.138491e+01
869           	3.137973e+01
870           	3.137492e+01
871           	3.136995e+01
872           	3.136501e+01
873           	3.135991e+01
874           	3.135487e+01
875           	3.134972e+01
876           	3.134469e+01
877           	3.133957e+01
878           	3.133457e+01
879           	3.132950e+01
880           	3.132452e+01
881           	3.131945e+01
882           	3.131446e+01
883           	3.130936e+01
884           	3.130435e+01
885           	3.129923e+01
886           	3.129422e+01
887           	3.128910e+01
888           	3.128408e+01
889           	3.127897e+01
890           	3.127396e+01
891           	3.126870e+01
892           	3.126363e+01
893           	3.125854e+01
894           	3.125362e+01
895           	3.124863e+01
896           	3.124374e+01
897           	3.123874e+01
898           	3.123384e+01
899           	3.122883e+01
900           	3.122394e+01
901           	3.121897e+01
902           	3.121412e+01
903           	3.120918e+01
904           	3.120437e+01
905           	3.119949e+01
906           	3.119473e+01
907           	3.118988e+01
908           	3.118514e+01
909           	3.118031e+01
910           	3.117560e+01
911           	3.117078e+01
912           	3.116608e+01
913           	3.116129e+01
914           	3.115662e+01
915           	3.115186e+01
916           	3.114721e+01
917           	3.114248e+01
918           	3.113783e+01
919           	3.113310e+01
920           	3.112848e+01
921           	3.112376e+01
922           	3.111918e+01
923           	3.111452e+01
924           	3.110998e+01
925           	3.110537e+01
926           	3.110088e+01
927           	3.109631e+01
928           	3.109186e+01
929           	3.108733e+01
930           	3.108293e+01
931           	3.107845e+01
932           	3.107410e+01
933           	3.106969e+01
934           	3.106541e+01
935           	3.106106e+01
936           	3.105683e+01
937           	3.105253e+01
938           	3.104834e+01
939           	3.104408e+01
940           	3.103994e+01
941           	3.103572e+01
942           	3.103161e+01
943           	3.102741e+01
944           	3.102333e+01
945           	3.101915e+01
946           	3.101510e+01
947           	3.101096e+01
948           	3.100693e+01
949           	3.100281e+01
950           	3.099881e+01
951           	3.099474e+01
952           	3.099078e+01
953           	3.098675e+01
954           	3.098283e+01
955           	3.097883e+01
956           	3.097495e+01
957           	3.097098e+01
958           	3.096714e+01
959           	3.096321e+01
960           	3.095940e+01
961           	3.095551e+01
962           	3.095174e+01
963           	3.094788e+01
964           	3.094413e+01
965           	3.094030e+01
966           	3.093659e+01
967           	3.093281e+01
968           	3.092914e+01
969           	3.092540e+01
970           	3.092178e+01
971           	3.091808e+01
972           	3.091454e+01
973           	3.091090e+01
974           	3.090737e+01
975           	3.090375e+01
976           	3.090024e+01
977           	3.089665e+01
978           	3.089319e+01
979           	3.088964e+01
980           	3.088623e+01
981           	3.088274e+01
982           	3.087937e+01
983           	3.087592e+01
984           	3.087259e+01
985           	3.086916e+01
986           	3.086585e+01
987           	3.086245e+01
988           	3.085915e+01
989           	3.085578e+01
990           	3.085251e+01
991           	3.084917e+01
992           	3.084594e+01
993           	3.084263e+01
994           	3.083943e+01
995           	3.083614e+01
996           	3.083296e+01
997           	3.082969e+01
998           	3.082653e+01
999           	3.082328e+01
1000          	3.082015e+01
1001          	3.081694e+01
1002          	3.081384e+01
1003          	3.081065e+01
1004          	3.080757e+01
1005          	3.080439e+01
1006          	3.080131e+01
1007          	3.079814e+01
1008          	3.079508e+01
1009          	3.079193e+01
1010          	3.078888e+01
1011          	3.078575e+01
1012          	3.078272e+01
1013          	3.077960e+01
1014          	3.077659e+01
1015          	3.077348e+01
1016          	3.077047e+01
1017          	3.076736e+01
1018          	3.076435e+01
1019          	3.076124e+01
1020          	3.075823e+01
1021          	3.075510e+01
1022          	3.075207e+01
1023          	3.074894e+01
1024          	3.074590e+01
1025          	3.074276e+01
1026          	3.073972e+01
1027          	3.073659e+01
1028          	3.073356e+01
1029          	3.073042e+01
1030          	3.072738e+01
1031          	3.072422e+01
1032          	3.072115e+01
1033          	3.071799e+01
1034          	3.071493e+01
1035          	3.071176e+01
1036          	3.070868e+01
1037          	3.070550e+01
1038          	3.070241e+01
1039          	3.069920e+01
1040          	3.069609e+01
1041          	3.069286e+01
1042          	3.068973e+01
1043          	3.068649e+01
1044          	3.068335e+01
1045          	3.068009e+01
1046          	3.067693e+01
1047          	3.067366e+01
1048          	3.067048e+01
1049          	3.066718e+01
1050          	3.066399e+01
1051          	3.066069e+01
1052          	3.065747e+01
1053          	3.065413e+01
1054          	3.065088e+01
1055          	3.064752e+01
1056          	3.064424e+01
1057          	3.064084e+01
1058          	3.063753e+01
1059          	3.063421e+01
1060          	3.063092e+01
1061          	3.062746e+01
1062          	3.062406e+01
1063          	3.062052e+01
1064          	3.061708e+01
1065          	3.061354e+01
1066          	3.061010e+01
1067          	3.060657e+01
1068          	3.060314e+01
1069          	3.059961e+01
1070          	3.059618e+01
1071          	3.059264e+01
1072          	3.058913e+01
1073          	3.058554e+01
1074          	3.058211e+01
1075          	3.057859e+01
1076          	3.057519e+01
1077          	3.057169e+01
1078          	3.056829e+01
1079          	3.056479e+01
1080          	3.056138e+01
1081          	3.055787e+01
1082          	3.055448e+01
1083          	3.055099e+01
1084          	3.054761e+01
1085          	3.054418e+01
1086          	3.054085e+01
1087          	3.053753e+01
1088          	3.053429e+01
1089          	3.053094e+01
1090          	3.052770e+01
1091          	3.052437e+01
1092          	3.052115e+01
1093          	3.051785e+01
1094          	3.051467e+01
1095          	3.051140e+01
1096          	3.050827e+01
1097          	3.050502e+01
1098          	3.050188e+01
1099          	3.049865e+01
1100          	3.049552e+01
1101          	3.049229e+01
1102          	3.048915e+01
1103          	3.048589e+01
1104          	3.048272e+01
1105          	3.047943e+01
1106          	3.047622e+01
1107          	3.047291e+01
1108          	3.046969e+01
1109          	3.046636e+01
1110          	3.046312e+01
1111          	3.045977e+01
1112          	3.045651e+01
1113          	3.045314e+01
1114          	3.044986e+01
1115          	3.044645e+01
1116          	3.044314e+01
1117          	3.043970e+01
1118          	3.043635e+01
1119          	3.043287e+01
1120          	3.042948e+01
1121          	3.042597e+01
1122          	3.042254e+01
1123          	3.041899e+01
1124          	3.041552e+01
1125          	3.041193e+01
1126          	3.040843e+01
1127          	3.040480e+01
1128          	3.040125e+01
1129          	3.039760e+01
1130          	3.039403e+01
1131          	3.039036e+01
1132          	3.038678e+01
1133          	3.038309e+01
1134          	3.037950e+01
1135          	3.037579e+01
1136          	3.037218e+01
1137          	3.036845e+01
1138          	3.036481e+01
1139          	3.036107e+01
1140          	3.035741e+01
1141          	3.035364e+01
1142          	3.034997e+01
1143          	3.034619e+01
1144          	3.034249e+01
1145          	3.033869e+01
1146          	3.033497e+01
1147          	3.033115e+01
1148          	3.032743e+01
1149          	3.032361e+01
1150          	3.031989e+01
1151          	3.031607e+01
1152          	3.031235e+01
1153          	3.030854e+01
1154          	3.030485e+01
1155          	3.030108e+01
1156          	3.029744e+01
1157          	3.029373e+01
1158          	3.029017e+01
1159          	3.028656e+01
1160          	3.028309e+01
1161          	3.027959e+01
1162          	3.027625e+01
1163          	3.027287e+01
1164          	3.026967e+01
1165          	3.026645e+01
1166          	3.026339e+01
1167          	3.026030e+01
1168          	3.025737e+01
1169          	3.025439e+01
1170          	3.025155e+01
1171          	3.024865e+01
1172          	3.024587e+01
1173          	3.024305e+01
1174          	3.024037e+01
1175          	3.023762e+01
1176          	3.023498e+01
1177          	3.023225e+01
1178          	3.022963e+01
1179          	3.022690e+01
1180          	3.022426e+01
1181          	3.022151e+01
1182          	3.021885e+01
1183          	3.021607e+01
1184          	3.021337e+01
1185          	3.021055e+01
1186          	3.020781e+01
1187          	3.020494e+01
1188          	3.020214e+01
1189          	3.019921e+01
1190          	3.019635e+01
1191          	3.019337e+01
1192          	3.019046e+01
1193          	3.018743e+01
1194          	3.018448e+01
1195          	3.018141e+01
1196          	3.017843e+01
1197          	3.017534e+01
1198          	3.017234e+01
1199          	3.016924e+01
1200          	3.016624e+01
1201          	3.016311e+01
1202          	3.016009e+01
1203          	3.015696e+01
1204          	3.015393e+01
1205          	3.015078e+01
1206          	3.014770e+01
1207          	3.014451e+01
1208          	3.014138e+01
1209          	3.013811e+01
1210          	3.013487e+01
1211          	3.013148e+01
1212          	3.012816e+01
1213          	3.012469e+01
1214          	3.012131e+01
1215          	3.011780e+01
1216          	3.011431e+01
1217          	3.011063e+01
1218          	3.010697e+01
1219          	3.010315e+01
1220          	3.009938e+01
1221          	3.009547e+01
1222          	3.009163e+01
1223          	3.008766e+01
1224          	3.008375e+01
1225          	3.007970e+01
1226          	3.007571e+01
1227          	3.007159e+01
1228          	3.006753e+01
1229          	3.006333e+01
1230          	3.005921e+01
1231          	3.005496e+01
1232          	3.005079e+01
1233          	3.004650e+01
1234          	3.004228e+01
1235          	3.003794e+01
1236          	3.003368e+01
1237          	3.002931e+01
1238          	3.002502e+01
1239          	3.002061e+01
1240          	3.001629e+01
1241          	3.001186e+01
1242          	3.000751e+01
1243          	3.000306e+01
1244          	2.999870e+01
1245          	2.999423e+01
1246          	2.998986e+01
1247          	2.998539e+01
1248          	2.998102e+01
1249          	2.997656e+01
1250          	2.997221e+01
1251          	2.996778e+01
1252          	2.996347e+01
1253          	2.995907e+01
1254          	2.995481e+01
1255          	2.995042e+01
1256          	2.994620e+01
1257          	2.994192e+01
1258          	2.993778e+01
1259          	2.993358e+01
1260          	2.992949e+01
1261          	2.992532e+01
1262          	2.992129e+01
1263          	2.991718e+01
1264          	2.991321e+01
1265          	2.990918e+01
1266          	2.990528e+01
1267          	2.990130e+01
1268          	2.989745e+01
1269          	2.989352e+01
1270          	2.988971e+01
1271          	2.988581e+01
1272          	2.988203e+01
1273          	2.987816e+01
1274          	2.987439e+01
1275          	2.987052e+01
1276          	2.986675e+01
1277          	2.986288e+01
1278          	2.985910e+01
1279          	2.985523e+01
1280          	2.985147e+01
1281          	2.984759e+01
1282          	2.984379e+01
1283          	2.983996e+01
1284          	2.983620e+01
1285          	2.983230e+01
1286          	2.982847e+01
1287          	2.982452e+01
1288          	2.982066e+01
1289          	2.981670e+01
1290          	2.981288e+01
1291          	2.980898e+01
1292          	2.980523e+01
1293          	2.980140e+01
1294          	2.979758e+01
1295          	2.979373e+01
1296          	2.979006e+01
1297          	2.978636e+01
1298          	2.978281e+01
1299          	2.977918e+01
1300          	2.977589e+01
1301          	2.977241e+01
1302          	2.976867e+01
1303          	2.976512e+01
1304          	2.976166e+01
1305          	2.975810e+01
1306          	2.975449e+01
1307          	2.975092e+01
1308          	2.974759e+01
1309          	2.974430e+01
1310          	2.974118e+01
1311          	2.973799e+01
1312          	2.973492e+01
1313          	2.973173e+01
1314          	2.972865e+01
1315          	2.972546e+01
1316          	2.972239e+01
1317          	2.971923e+01
1318          	2.971620e+01
1319          	2.971311e+01
1320          	2.971016e+01
1321          	2.970714e+01
1322          	2.970426e+01
1323          	2.970129e+01
1324          	2.969843e+01
1325          	2.969548e+01
1326          	2.969270e+01
1327          	2.968982e+01
1328          	2.968702e+01
1329          	2.968411e+01
1330          	2.968130e+01
1331          	2.967838e+01
1332          	2.967556e+01
1333          	2.967266e+01
1334          	2.966989e+01
1335          	2.966703e+01
1336          	2.966426e+01
1337          	2.966140e+01
1338          	2.965862e+01
1339          	2.965574e+01
1340          	2.965296e+01
1341          	2.965007e+01
1342          	2.964728e+01
1343          	2.964439e+01
1344          	2.964160e+01
1345          	2.963871e+01
1346          	2.963592e+01
1347          	2.963306e+01
1348          	2.963027e+01
1349          	2.962737e+01
1350          	2.962455e+01
1351          	2.962163e+01
1352          	2.961879e+01
1353          	2.961585e+01
1354          	2.961301e+01
1355          	2.961007e+01
1356          	2.960722e+01
1357          	2.960426e+01
1358          	2.960139e+01
1359          	2.959841e+01
1360          	2.959551e+01
1361          	2.959251e+01
1362          	2.958960e+01
1363          	2.958657e+01
1364          	2.958362e+01
1365          	2.958055e+01
1366          	2.957758e+01
1367          	2.957450e+01
1368          	2.957151e+01
1369          	2.956841e+01
1370          	2.956540e+01
1371          	2.956226e+01
1372          	2.955921e+01
1373          	2.955606e+01
1374          	2.955299e+01
1375          	2.954981e+01
1376          	2.954673e+01
1377          	2.954353e+01
1378          	2.954041e+01
1379          	2.953719e+01
1380          	2.953406e+01
1381          	2.953081e+01
1382          	2.952765e+01
1383          	2.952439e+01
1384          	2.952122e+01
1385          	2.951794e+01
1386          	2.951475e+01
1387          	2.951146e+01
1388          	2.950825e+01
1389          	2.950494e+01
1390          	2.950171e+01
1391          	2.949838e+01
1392          	2.949513e+01
1393          	2.949178e+01
1394          	2.948851e+01
1395          	2.948514e+01
1396          	2.948186e+01
1397          	2.947847e+01
1398          	2.947517e+01
1399          	2.947176e+01
1400          	2.946845e+01
1401          	2.946502e+01
1402          	2.946168e+01
1403          	2.945824e+01
1404          	2.945488e+01
1405          	2.945142e+01
1406          	2.944805e+01
1407          	2.944456e+01
1408          	2.944117e+01
1409          	2.943766e+01
1410          	2.943425e+01
1411          	2.943046e+01
1412          	2.942718e+01
1413          	2.942377e+01
1414          	2.942012e+01
1415          	2.941670e+01
1416          	2.941333e+01
1417          	2.940969e+01
1418          	2.940614e+01
1419          	2.940250e+01
1420          	2.939898e+01
1421          	2.939537e+01
1422          	2.939186e+01
1423          	2.938824e+01
1424          	2.938471e+01
1425          	2.938107e+01
1426          	2.937752e+01
1427          	2.937386e+01
1428          	2.937028e+01
1429          	2.936661e+01
1430          	2.936303e+01
1431          	2.935935e+01
1432          	2.935577e+01
1433          	2.935209e+01
1434          	2.934851e+01
1435          	2.934483e+01
1436          	2.934126e+01
1437          	2.933758e+01
1438          	2.933400e+01
1439          	2.933032e+01
1440          	2.932673e+01
1441          	2.932305e+01
1442          	2.931946e+01
1443          	2.931577e+01
1444          	2.931219e+01
1445          	2.930850e+01
1446          	2.930490e+01
1447          	2.930120e+01
1448          	2.929761e+01
1449          	2.929391e+01
1450          	2.929032e+01
1451          	2.928664e+01
1452          	2.928305e+01
1453          	2.927935e+01
1454          	2.927576e+01
1455          	2.927206e+01
1456          	2.926845e+01
1457          	2.926474e+01
1458          	2.926113e+01
1459          	2.925728e+01
1460          	2.925374e+01
1461          	2.925008e+01
1462          	2.924636e+01
1463          	2.924287e+01
1464          	2.923907e+01
1465          	2.923521e+01
1466          	2.923178e+01
1467          	2.922788e+01
1468          	2.922438e+01
1469          	2.922045e+01
1470          	2.921695e+01
1471          	2.921304e+01
1472          	2.920946e+01
1473          	2.920559e+01
1474          	2.920196e+01
1475          	2.919818e+01
1476          	2.919438e+01
1477          	2.919061e+01
1478          	2.918691e+01
1479          	2.918311e+01
1480          	2.917941e+01
1481          	2.917561e+01
1482          	2.917189e+01
1483          	2.916806e+01
1484          	2.916432e+01
1485          	2.916047e+01
1486          	2.915673e+01
1487          	2.915287e+01
1488          	2.914912e+01
1489          	2.914526e+01
1490          	2.914155e+01
1491          	2.913779e+01
1492          	2.913404e+01
1493          	2.912993e+01
1494          	2.912612e+01
1495          	2.912217e+01
1496          	2.911816e+01
1497          	2.911425e+01
1498          	2.911043e+01
1499          	2.910647e+01
1500          	2.910247e+01
1501          	2.909851e+01
1502          	2.909459e+01
1503          	2.909056e+01
1504          	2.908661e+01
1505          	2.908253e+01
1506          	2.907832e+01
1507          	2.907405e+01
1508          	2.906988e+01
1509          	2.906567e+01
1510          	2.906156e+01
1511          	2.905733e+01
1512          	2.905314e+01
1513          	2.904879e+01
1514          	2.904448e+01
1515          	2.904001e+01
1516          	2.903560e+01
1517          	2.903105e+01
1518          	2.902662e+01
1519          	2.902205e+01
1520          	2.901754e+01
1521          	2.901289e+01
1522          	2.900833e+01
1523          	2.900364e+01
1524          	2.899906e+01
1525          	2.899437e+01
1526          	2.898978e+01
1527          	2.898508e+01
1528          	2.898049e+01
1529          	2.897578e+01
1530          	2.897117e+01
1531          	2.896645e+01
1532          	2.896182e+01
1533          	2.895708e+01
1534          	2.895243e+01
1535          	2.894767e+01
1536          	2.894301e+01
1537          	2.893823e+01
1538          	2.893355e+01
1539          	2.892876e+01
1540          	2.892408e+01
1541          	2.891929e+01
1542          	2.891460e+01
1543          	2.890983e+01
1544          	2.890517e+01
1545          	2.890042e+01
1546          	2.889581e+01
1547          	2.889118e+01
1548          	2.888665e+01
1549          	2.888205e+01
1550          	2.887758e+01
1551          	2.887305e+01
1552          	2.886869e+01
1553          	2.886429e+01
1554          	2.886007e+01
1555          	2.885582e+01
1556          	2.885174e+01
1557          	2.884764e+01
1558          	2.884369e+01
1559          	2.883971e+01
1560          	2.883590e+01
1561          	2.883205e+01
1562          	2.882835e+01
1563          	2.882462e+01
1564          	2.882103e+01
1565          	2.881741e+01
1566          	2.881393e+01
1567          	2.881042e+01
1568          	2.880706e+01
1569          	2.880366e+01
1570          	2.880041e+01
1571          	2.879712e+01
1572          	2.879399e+01
1573          	2.879080e+01
1574          	2.878777e+01
1575          	2.878468e+01
1576          	2.878174e+01
1577          	2.877875e+01
1578          	2.877590e+01
1579          	2.877298e+01
1580          	2.877021e+01
1581          	2.876736e+01
1582          	2.876465e+01
1583          	2.876187e+01
1584          	2.875922e+01
1585          	2.875650e+01
1586          	2.875394e+01
1587          	2.875129e+01
1588          	2.874877e+01
1589          	2.874618e+01
1590          	2.874373e+01
1591          	2.874124e+01
1592          	2.873899e+01
1593          	2.873667e+01
1594          	2.873449e+01
1595          	2.873226e+01
1596          	2.873018e+01
1597          	2.872809e+01
1598          	2.872618e+01
1599          	2.872425e+01
1600          	2.872251e+01
1601          	2.872073e+01
1602          	2.871912e+01
1603          	2.871745e+01
1604          	2.871591e+01
1605          	2.871430e+01
1606          	2.871279e+01
1607          	2.871118e+01
1608          	2.870964e+01
1609          	2.870798e+01
1610          	2.870637e+01
1611          	2.870460e+01
1612          	2.870288e+01
1613          	2.870098e+01
1614          	2.869911e+01
1615          	2.869705e+01
1616          	2.869501e+01
1617          	2.869278e+01
1618          	2.869057e+01
1619          	2.868818e+01
1620          	2.868581e+01
1621          	2.868327e+01
1622          	2.868076e+01
1623          	2.867811e+01
1624          	2.867551e+01
1625          	2.867277e+01
1626          	2.867011e+01
1627          	2.866733e+01
1628          	2.866463e+01
1629          	2.866183e+01
1630          	2.865913e+01
1631          	2.865634e+01
1632          	2.865368e+01
1633          	2.865094e+01
1634          	2.864834e+01
1635          	2.864568e+01
1636          	2.864317e+01
1637          	2.864060e+01
1638          	2.863818e+01
1639          	2.863570e+01
1640          	2.863340e+01
1641          	2.863106e+01
1642          	2.862891e+01
1643          	2.862674e+01
1644          	2.862474e+01
1645          	2.862273e+01
1646          	2.862090e+01
1647          	2.861901e+01
1648          	2.861739e+01
1649          	2.861577e+01
1650          	2.861434e+01
1651          	2.861289e+01
1652          	2.861171e+01
1653          	2.861049e+01
1654          	2.860950e+01
1655          	2.860855e+01
1656          	2.860781e+01
1657          	2.860710e+01
1658          	2.860660e+01
1659          	2.860612e+01
1660          	2.860586e+01
1661          	2.860566e+01
1662          	2.860564e+01
1663          	2.860563e+01
1664          	2.860588e+01
1665          	2.860611e+01
1666          	2.860652e+01
1667          	2.860692e+01
1668          	2.860741e+01
1669          	2.860796e+01
1670          	2.860877e+01
1671          	2.860957e+01
1672          	2.861057e+01
1673          	2.861155e+01
1674          	2.861268e+01
1675          	2.861374e+01
1676          	2.861494e+01
1677          	2.861609e+01
1678          	2.861737e+01
1679          	2.861861e+01
1680          	2.861998e+01
1681          	2.862129e+01
1682          	2.862272e+01
1683          	2.862406e+01
1684          	2.862551e+01
1685          	2.862686e+01
1686          	2.862830e+01
1687          	2.862963e+01
1688          	2.863105e+01
1689          	2.863236e+01
1690          	2.863375e+01
1691          	2.863502e+01
1692          	2.863636e+01
1693          	2.863757e+01
1694          	2.863885e+01
1695          	2.863998e+01
1696          	2.864115e+01
1697          	2.864218e+01
1698          	2.864327e+01
1699          	2.864422e+01
1700          	2.864524e+01
1701          	2.864610e+01
1702          	2.864700e+01
1703          	2.864772e+01
1704          	2.864849e+01
1705          	2.864910e+01
1706          	2.864979e+01
1707          	2.865036e+01
1708          	2.865101e+01
1709          	2.865155e+01
1710          	2.865219e+01
1711          	2.865275e+01
1712          	2.865342e+01
1713          	2.865402e+01
1714          	2.865475e+01
1715          	2.865545e+01
1716          	2.865630e+01
1717          	2.865710e+01
1718          	2.865805e+01
1719          	2.865893e+01
1720          	2.865999e+01
1721          	2.866101e+01
1722          	2.866221e+01
1723          	2.866338e+01
1724          	2.866468e+01
1725          	2.866597e+01
1726          	2.866742e+01
1727          	2.866878e+01
1728          	2.867031e+01
1729          	2.867172e+01
1730          	2.867323e+01
1731          	2.867468e+01
1732          	2.867625e+01
1733          	2.867773e+01
1734          	2.867932e+01
1735          	2.868079e+01
1736          	2.868234e+01
1737          	2.868376e+01
1738          	2.868525e+01
1739          	2.868659e+01
1740          	2.868800e+01
1741          	2.868935e+01
1742          	2.869070e+01
1743          	2.869185e+01
1744          	2.869295e+01
1745          	2.869391e+01
1746          	2.869498e+01
1747          	2.869584e+01
1748          	2.869672e+01
1749          	2.869740e+01
1750          	2.869810e+01
1751          	2.869858e+01
1752          	2.869904e+01
1753          	2.869928e+01
1754          	2.869952e+01
1755          	2.869953e+01
