# Region type : patch ent
# Faces  :    212
# Area   :    1.250000e-07
# Time        	areaAverage(p)
0             	0.000000e+00
1             	0.000000e+00
2             	0.000000e+00
3             	0.000000e+00
4             	-1.026877e-01
5             	-9.922025e-02
6             	-7.972560e-02
7             	-5.991349e-02
8             	-4.841284e-02
9             	-3.638169e-02
10            	-2.579454e-02
11            	-1.805618e-02
12            	-1.263933e-02
13            	-8.847528e-03
14            	-6.193270e-03
15            	-4.335289e-03
16            	-3.034702e-03
17            	-2.124292e-03
18            	-1.487004e-03
19            	-1.040903e-03
20            	-7.286320e-04
21            	-5.100424e-04
22            	-3.570297e-04
23            	-2.499208e-04
24            	-1.749445e-04
25            	-1.224612e-04
26            	-8.572282e-05
27            	-6.000598e-05
28            	-4.200418e-05
29            	-2.940293e-05
30            	-2.058205e-05
31            	-1.440744e-05
32            	-1.008520e-05
33            	-7.059643e-06
34            	-4.941750e-06
35            	-3.459225e-06
36            	-2.421458e-06
37            	-1.695020e-06
38            	-1.186514e-06
39            	-8.305600e-07
40            	-5.813920e-07
41            	-4.069744e-07
42            	-2.848821e-07
43            	-1.994174e-07
44            	-1.395922e-07
45            	-9.771455e-08
46            	-6.840018e-08
47            	-4.788013e-08
48            	-3.351609e-08
49            	-2.346126e-08
50            	-1.642288e-08
51            	-1.149602e-08
52            	-8.047213e-09
53            	-5.633049e-09
54            	-3.943135e-09
55            	-2.760194e-09
56            	-1.932136e-09
57            	-1.352495e-09
58            	-9.467466e-10
59            	-6.627226e-10
60            	-4.639058e-10
61            	-3.247341e-10
62            	-2.273139e-10
63            	-1.591197e-10
64            	-1.113838e-10
65            	-7.796865e-11
66            	-5.457806e-11
67            	-3.820464e-11
68            	-2.674325e-11
69            	-1.872027e-11
70            	-1.310419e-11
71            	-9.172934e-12
72            	-6.421054e-12
73            	-4.494738e-12
74            	-3.146316e-12
75            	-2.202421e-12
76            	-1.541695e-12
77            	-1.079187e-12
78            	-7.554306e-13
79            	-5.288014e-13
80            	-3.701610e-13
81            	-2.591127e-13
82            	-1.813789e-13
83            	-1.269652e-13
84            	-8.887565e-14
85            	-6.221296e-14
86            	-4.354907e-14
87            	-3.048435e-14
88            	-2.133904e-14
89            	-1.493733e-14
90            	-1.045613e-14
91            	-7.319292e-15
92            	-5.123504e-15
93            	-3.586453e-15
94            	-2.510517e-15
95            	-1.757362e-15
96            	-1.230153e-15
97            	-8.611074e-16
98            	-6.027752e-16
99            	-4.219426e-16
100           	-2.953598e-16
101           	-2.067519e-16
102           	-1.447263e-16
103           	-1.013084e-16
104           	-7.091590e-17
105           	-4.964113e-17
106           	-3.474879e-17
107           	-2.432415e-17
108           	-1.702691e-17
109           	-1.191883e-17
110           	-8.343184e-18
111           	-5.840229e-18
112           	-4.088160e-18
113           	-2.861712e-18
114           	-2.003199e-18
115           	-1.402239e-18
116           	-9.815673e-19
117           	-6.870971e-19
118           	-4.809680e-19
119           	-3.366776e-19
120           	-2.356743e-19
121           	-1.649720e-19
122           	-1.154804e-19
123           	-8.083629e-20
124           	-5.658540e-20
125           	-3.960978e-20
126           	-2.772685e-20
127           	-1.940879e-20
128           	-1.358615e-20
129           	-9.510308e-21
130           	-6.657216e-21
131           	-4.660051e-21
132           	-3.262036e-21
133           	-2.283425e-21
134           	-1.598398e-21
135           	-1.118878e-21
136           	-7.832148e-22
137           	-5.482503e-22
138           	-3.837752e-22
139           	-2.686427e-22
140           	-1.880499e-22
141           	-1.316349e-22
142           	-9.214444e-23
143           	-6.450110e-23
144           	-4.515077e-23
145           	-3.160554e-23
146           	-2.212388e-23
147           	-1.548672e-23
148           	-1.084070e-23
149           	-7.588490e-24
150           	-5.311943e-24
151           	-3.718360e-24
152           	-2.602852e-24
153           	-1.821997e-24
154           	-1.275398e-24
155           	-8.927783e-25
156           	-6.249448e-25
157           	-4.374614e-25
158           	-3.062230e-25
159           	-2.143561e-25
160           	-1.500493e-25
161           	-1.050345e-25
162           	-7.352413e-26
163           	-5.146689e-26
164           	-3.602683e-26
165           	-2.521878e-26
166           	-1.765314e-26
167           	-1.235720e-26
168           	-8.650041e-27
169           	-6.055029e-27
170           	-4.238520e-27
171           	-2.966964e-27
172           	-2.076875e-27
173           	-1.453812e-27
174           	-1.017669e-27
175           	-7.123681e-28
176           	-4.986576e-28
177           	-3.490603e-28
178           	-2.443422e-28
179           	-1.710396e-28
180           	-1.197277e-28
181           	-8.380939e-29
182           	-5.866657e-29
183           	-4.106660e-29
184           	-2.874662e-29
185           	-2.012263e-29
186           	-1.408584e-29
187           	-9.860091e-30
188           	-6.902064e-30
189           	-4.831444e-30
190           	-3.382011e-30
191           	-2.367408e-30
192           	-1.657185e-30
193           	-1.160030e-30
194           	-8.120209e-31
195           	-5.684146e-31
196           	-3.978902e-31
197           	-2.785232e-31
198           	-1.949662e-31
199           	-1.364763e-31
200           	-9.553344e-32
201           	-6.687341e-32
202           	-4.681139e-32
203           	-3.276797e-32
204           	-2.293758e-32
205           	-1.605631e-32
206           	-1.123941e-32
207           	-7.867590e-33
208           	-5.507313e-33
209           	-3.855119e-33
210           	-2.698583e-33
211           	-1.889008e-33
212           	-1.322306e-33
213           	-9.256141e-34
214           	-6.479299e-34
215           	-4.535509e-34
216           	-3.174856e-34
217           	-2.222399e-34
218           	-1.555680e-34
219           	-1.088976e-34
220           	-7.622830e-35
221           	-5.335981e-35
222           	-3.735187e-35
223           	-2.614631e-35
224           	-1.830241e-35
225           	-1.281169e-35
226           	-8.968183e-36
227           	-6.277728e-36
228           	-4.394410e-36
229           	-3.076087e-36
230           	-2.153261e-36
231           	-1.507283e-36
232           	-1.055098e-36
233           	-7.385685e-37
234           	-5.169979e-37
235           	-3.618985e-37
236           	-2.533290e-37
237           	-1.773303e-37
238           	-1.241312e-37
239           	-8.689184e-38
240           	-6.082429e-38
241           	-4.257700e-38
242           	-2.980390e-38
243           	-2.086273e-38
244           	-1.460391e-38
245           	-1.022274e-38
246           	-7.155917e-39
247           	-5.009142e-39
248           	-3.506399e-39
249           	-2.454479e-39
250           	-1.718136e-39
251           	-1.202695e-39
252           	-8.418864e-40
253           	-5.893205e-40
254           	-4.125244e-40
255           	-2.887670e-40
256           	-2.021369e-40
257           	-1.414959e-40
258           	-9.904710e-41
259           	-6.933297e-41
260           	-4.853308e-41
261           	-3.397315e-41
262           	-2.378121e-41
263           	-1.664685e-41
264           	-1.165279e-41
265           	-8.156954e-42
266           	-5.709868e-42
267           	-3.996908e-42
268           	-2.797835e-42
269           	-1.958485e-42
270           	-1.370939e-42
271           	-9.596575e-43
272           	-6.717603e-43
273           	-4.702322e-43
274           	-3.291625e-43
275           	-2.304138e-43
276           	-1.612896e-43
277           	-1.129027e-43
278           	-7.903192e-44
279           	-5.532235e-44
280           	-3.872564e-44
281           	-2.710795e-44
282           	-1.897557e-44
283           	-1.328290e-44
284           	-9.298027e-45
285           	-6.508619e-45
286           	-4.556033e-45
287           	-3.189223e-45
288           	-2.232456e-45
289           	-1.562719e-45
290           	-1.093904e-45
291           	-7.657325e-46
292           	-5.360127e-46
293           	-3.752089e-46
294           	-2.626462e-46
295           	-1.838524e-46
296           	-1.286967e-46
297           	-9.008766e-47
298           	-6.306136e-47
299           	-4.414295e-47
300           	-3.090007e-47
301           	-2.163005e-47
302           	-1.514103e-47
303           	-1.059872e-47
304           	-7.419106e-48
305           	-5.193374e-48
306           	-3.635362e-48
307           	-2.544753e-48
308           	-1.781327e-48
309           	-1.246929e-48
310           	-8.728504e-49
311           	-6.109953e-49
312           	-4.276967e-49
313           	-2.993877e-49
314           	-2.095714e-49
315           	-1.467000e-49
316           	-1.026900e-49
317           	-7.188299e-50
318           	-5.031809e-50
319           	-3.522266e-50
320           	-2.465586e-50
321           	-1.725911e-50
322           	-1.208137e-50
323           	-8.456962e-51
324           	-5.919873e-51
325           	-4.143911e-51
326           	-2.900738e-51
327           	-2.030516e-51
328           	-1.421362e-51
329           	-9.949531e-52
330           	-6.964671e-52
331           	-4.875270e-52
332           	-3.412689e-52
333           	-2.388882e-52
334           	-1.672218e-52
335           	-1.170552e-52
336           	-8.193866e-53
337           	-5.735706e-53
338           	-4.014995e-53
339           	-2.810496e-53
340           	-1.967347e-53
341           	-1.377143e-53
342           	-9.640002e-54
343           	-6.748001e-54
344           	-4.723601e-54
345           	-3.306521e-54
346           	-2.314564e-54
347           	-1.620195e-54
348           	-1.134137e-54
349           	-7.938956e-55
350           	-5.557269e-55
351           	-3.890088e-55
352           	-2.723062e-55
353           	-1.906143e-55
354           	-1.334300e-55
355           	-9.340102e-56
356           	-6.538072e-56
357           	-4.576650e-56
358           	-3.203655e-56
359           	-2.242559e-56
360           	-1.569791e-56
361           	-1.098854e-56
362           	-7.691976e-57
363           	-5.384383e-57
364           	-3.769068e-57
365           	-2.638348e-57
366           	-1.846843e-57
367           	-1.292790e-57
368           	-9.049533e-58
369           	-6.334673e-58
370           	-4.434271e-58
371           	-3.103990e-58
372           	-2.172793e-58
373           	-1.520955e-58
374           	-1.064668e-58
375           	-7.452679e-59
376           	-5.216876e-59
377           	-3.651813e-59
378           	-2.556269e-59
379           	-1.789388e-59
380           	-1.252572e-59
381           	-8.768003e-60
382           	-6.137602e-60
383           	-4.296321e-60
384           	-3.007425e-60
385           	-2.105197e-60
386           	-1.473638e-60
387           	-1.031547e-60
388           	-7.220827e-61
389           	-5.054579e-61
390           	-3.538205e-61
391           	-2.476744e-61
392           	-1.733721e-61
393           	-1.213604e-61
394           	-8.495231e-62
395           	-5.946662e-62
396           	-4.162663e-62
397           	-2.913864e-62
398           	-2.039705e-62
399           	-1.427793e-62
400           	-9.994554e-63
401           	-6.996188e-63
402           	-4.897332e-63
403           	-3.428132e-63
404           	-2.399693e-63
405           	-1.679785e-63
406           	-1.175849e-63
407           	-8.230945e-64
408           	-5.761662e-64
409           	-4.033163e-64
410           	-2.823214e-64
411           	-1.976250e-64
412           	-1.383375e-64
413           	-9.683625e-65
414           	-6.778537e-65
415           	-4.744976e-65
416           	-3.321483e-65
417           	-2.325038e-65
418           	-1.627527e-65
419           	-1.139269e-65
420           	-7.974881e-66
421           	-5.582417e-66
422           	-3.907692e-66
423           	-2.735384e-66
424           	-1.914769e-66
425           	-1.340338e-66
426           	-9.382368e-67
427           	-6.567658e-67
428           	-4.597360e-67
429           	-3.218152e-67
430           	-2.252707e-67
431           	-1.576895e-67
432           	-1.103826e-67
433           	-7.726784e-68
434           	-5.408749e-68
435           	-3.786124e-68
436           	-2.650287e-68
437           	-1.855201e-68
438           	-1.298641e-68
439           	-9.090484e-69
440           	-6.363339e-69
441           	-4.454337e-69
442           	-3.118036e-69
443           	-2.182625e-69
444           	-1.527838e-69
445           	-1.069486e-69
446           	-7.486404e-70
447           	-5.240483e-70
448           	-3.668338e-70
449           	-2.567837e-70
450           	-1.797486e-70
451           	-1.258240e-70
452           	-8.807680e-71
453           	-6.165376e-71
454           	-4.315763e-71
455           	-3.021034e-71
456           	-2.114724e-71
457           	-1.480307e-71
458           	-1.036215e-71
459           	-7.253503e-72
460           	-5.077452e-72
461           	-3.554217e-72
462           	-2.487952e-72
463           	-1.741566e-72
464           	-1.219096e-72
465           	-8.533674e-73
466           	-5.973572e-73
467           	-4.181500e-73
468           	-2.927050e-73
469           	-2.048935e-73
470           	-1.434255e-73
471           	-1.003978e-73
472           	-7.027847e-74
473           	-4.919493e-74
474           	-3.443645e-74
475           	-2.410552e-74
476           	-1.687386e-74
477           	-1.181170e-74
478           	-8.268192e-75
479           	-5.787734e-75
480           	-4.051414e-75
481           	-2.835990e-75
482           	-1.985193e-75
483           	-1.389635e-75
484           	-9.727445e-76
485           	-6.809212e-76
486           	-4.766448e-76
487           	-3.336514e-76
488           	-2.335560e-76
489           	-1.634892e-76
490           	-1.144424e-76
491           	-8.010970e-77
492           	-5.607679e-77
493           	-3.925375e-77
494           	-2.747763e-77
495           	-1.923434e-77
496           	-1.346404e-77
497           	-9.424826e-78
498           	-6.597378e-78
499           	-4.618165e-78
500           	-3.232715e-78
501           	-2.262901e-78
502           	-1.584030e-78
503           	-1.108821e-78
504           	-7.761749e-79
505           	-5.433224e-79
506           	-3.803257e-79
507           	-2.662280e-79
508           	-1.863596e-79
509           	-1.304517e-79
510           	-9.131620e-80
511           	-6.392134e-80
512           	-4.474494e-80
513           	-3.132146e-80
514           	-2.192502e-80
515           	-1.534751e-80
516           	-1.074326e-80
517           	-7.520282e-81
518           	-5.264197e-81
519           	-3.684938e-81
520           	-2.579457e-81
521           	-1.805620e-81
522           	-1.263934e-81
523           	-8.847536e-82
524           	-6.193276e-82
525           	-4.335293e-82
526           	-3.034705e-82
527           	-2.124293e-82
528           	-1.487005e-82
529           	-1.040904e-82
530           	-7.286327e-83
531           	-5.100429e-83
532           	-3.570300e-83
533           	-2.499210e-83
534           	-1.749447e-83
535           	-1.224613e-83
536           	-8.572290e-84
537           	-6.000603e-84
538           	-4.200422e-84
539           	-2.940296e-84
540           	-2.058207e-84
541           	-1.440745e-84
542           	-1.008521e-84
543           	-7.059650e-85
544           	-4.941755e-85
545           	-3.459228e-85
546           	-2.421460e-85
547           	-1.695022e-85
548           	-1.186515e-85
549           	-8.305607e-86
550           	-5.813925e-86
551           	-4.069748e-86
552           	-2.848823e-86
553           	-1.994176e-86
554           	-1.395923e-86
555           	-9.771464e-87
556           	-6.840025e-87
557           	-4.788017e-87
558           	-3.351612e-87
559           	-2.346129e-87
560           	-1.642290e-87
561           	-1.149603e-87
562           	-8.047221e-88
563           	-5.633055e-88
564           	-3.943138e-88
565           	-2.760197e-88
566           	-1.932138e-88
567           	-1.352496e-88
568           	-9.467475e-89
569           	-6.627232e-89
570           	-4.639063e-89
571           	-3.247344e-89
572           	-2.273141e-89
573           	-1.591198e-89
574           	-1.113839e-89
575           	-7.796873e-90
576           	-5.457811e-90
577           	-3.820468e-90
578           	-2.674327e-90
579           	-1.872029e-90
580           	-1.310420e-90
581           	-9.172943e-91
582           	-6.421060e-91
583           	-4.494742e-91
584           	-3.146319e-91
585           	-2.202424e-91
586           	-1.541696e-91
587           	-1.079188e-91
588           	-7.554313e-92
589           	-5.288019e-92
590           	-3.701613e-92
591           	-2.591129e-92
592           	-1.813790e-92
593           	-1.269653e-92
594           	-8.887573e-93
595           	-6.221301e-93
596           	-4.354911e-93
597           	-3.048438e-93
598           	-2.133906e-93
599           	-1.493734e-93
600           	-1.045614e-93
601           	-7.319299e-94
602           	-5.123509e-94
603           	-3.586456e-94
604           	-2.510520e-94
605           	-1.757364e-94
606           	-1.230155e-94
607           	-8.611082e-95
608           	-6.027757e-95
609           	-4.219430e-95
610           	-2.953601e-95
611           	-2.067521e-95
612           	-1.447265e-95
613           	-1.013085e-95
614           	-7.091596e-96
615           	-4.964117e-96
616           	-3.474882e-96
617           	-2.432418e-96
618           	-1.702692e-96
619           	-1.191885e-96
620           	-8.343192e-97
621           	-5.840234e-97
622           	-4.088164e-97
623           	-2.861715e-97
624           	-2.003200e-97
625           	-1.402240e-97
626           	-9.815682e-98
627           	-6.870977e-98
628           	-4.809684e-98
629           	-3.366779e-98
630           	-2.356745e-98
631           	-1.649722e-98
632           	-1.154805e-98
633           	-8.083636e-99
634           	-5.658545e-99
635           	-3.960982e-99
636           	-2.772687e-99
637           	-1.940881e-99
638           	-1.358617e-99
639           	-9.510317e-100
640           	-6.657222e-100
641           	-4.660055e-100
642           	-3.262039e-100
643           	-2.283427e-100
644           	-1.598399e-100
645           	-1.118879e-100
646           	-7.832155e-101
647           	-5.482509e-101
648           	-3.837756e-101
649           	-2.686429e-101
650           	-1.880500e-101
651           	-1.316350e-101
652           	-9.214452e-102
653           	-6.450117e-102
654           	-4.515082e-102
655           	-3.160557e-102
656           	-2.212390e-102
657           	-1.548673e-102
658           	-1.084071e-102
659           	-7.588498e-103
660           	-5.311948e-103
661           	-3.718364e-103
662           	-2.602855e-103
663           	-1.821998e-103
664           	-1.275399e-103
665           	-8.927792e-104
666           	-6.249454e-104
667           	-4.374618e-104
668           	-3.062233e-104
669           	-2.143563e-104
670           	-1.500494e-104
671           	-1.050346e-104
672           	-7.352420e-105
673           	-5.146694e-105
674           	-3.602686e-105
675           	-2.521880e-105
676           	-1.765316e-105
677           	-1.235721e-105
678           	-8.650049e-106
679           	-6.055034e-106
680           	-4.238524e-106
681           	-2.966967e-106
682           	-2.076877e-106
683           	-1.453814e-106
684           	-1.017670e-106
685           	-7.123687e-107
686           	-4.986581e-107
687           	-3.490607e-107
688           	-2.443425e-107
689           	-1.710397e-107
690           	-1.197278e-107
691           	-8.380947e-108
692           	-5.866663e-108
693           	-4.106664e-108
694           	-2.874665e-108
695           	-2.012265e-108
696           	-1.408586e-108
697           	-9.860100e-109
698           	-6.902070e-109
699           	-4.831449e-109
700           	-3.382014e-109
701           	-2.367410e-109
702           	-1.657187e-109
703           	-1.160031e-109
704           	-8.120216e-110
705           	-5.684151e-110
706           	-3.978906e-110
707           	-2.785234e-110
708           	-1.949664e-110
709           	-1.364765e-110
710           	-9.553353e-111
711           	-6.687347e-111
712           	-4.681143e-111
713           	-3.276800e-111
714           	-2.293760e-111
715           	-1.605632e-111
716           	-1.123942e-111
717           	-7.867597e-112
718           	-5.507318e-112
719           	-3.855123e-112
720           	-2.698586e-112
721           	-1.889010e-112
722           	-1.322307e-112
723           	-9.256150e-113
724           	-6.479305e-113
725           	-4.535513e-113
726           	-3.174859e-113
727           	-2.222402e-113
728           	-1.555681e-113
729           	-1.088977e-113
730           	-7.622837e-114
731           	-5.335986e-114
732           	-3.735190e-114
733           	-2.614633e-114
734           	-1.830243e-114
735           	-1.281170e-114
736           	-8.968192e-115
737           	-6.277734e-115
738           	-4.394414e-115
739           	-3.076090e-115
740           	-2.153263e-115
741           	-1.507284e-115
742           	-1.055099e-115
743           	-7.385691e-116
744           	-5.169984e-116
745           	-3.618989e-116
746           	-2.533292e-116
747           	-1.773305e-116
748           	-1.241313e-116
749           	-8.689192e-117
750           	-6.082435e-117
751           	-4.257704e-117
752           	-2.980393e-117
753           	-2.086275e-117
754           	-1.460393e-117
755           	-1.022275e-117
756           	-7.155923e-118
757           	-5.009146e-118
758           	-3.506402e-118
759           	-2.454482e-118
760           	-1.718137e-118
761           	-1.202696e-118
762           	-8.418872e-119
763           	-5.893211e-119
764           	-4.125247e-119
765           	-2.887673e-119
766           	-2.021371e-119
767           	-1.414960e-119
768           	-9.904719e-120
769           	-6.933303e-120
770           	-4.853312e-120
771           	-3.397319e-120
772           	-2.378123e-120
773           	-1.664686e-120
774           	-1.165280e-120
775           	-8.156962e-121
776           	-5.709873e-121
777           	-3.996911e-121
778           	-2.797838e-121
779           	-1.958487e-121
780           	-1.370941e-121
781           	-9.596584e-122
782           	-6.717609e-122
783           	-4.702326e-122
784           	-3.291628e-122
785           	-2.304140e-122
786           	-1.612898e-122
787           	-1.129029e-122
788           	-7.903200e-123
789           	-5.532240e-123
790           	-3.872568e-123
791           	-2.710798e-123
792           	-1.897558e-123
793           	-1.328291e-123
794           	-9.298036e-124
795           	-6.508625e-124
796           	-4.556037e-124
797           	-3.189226e-124
798           	-2.232458e-124
799           	-1.562721e-124
800           	-1.093905e-124
801           	-7.657332e-125
802           	-5.360132e-125
803           	-3.752093e-125
804           	-2.626465e-125
805           	-1.838525e-125
806           	-1.286968e-125
807           	-9.008775e-126
808           	-6.306142e-126
809           	-4.414300e-126
810           	-3.090010e-126
811           	-2.163007e-126
812           	-1.514105e-126
813           	-1.059873e-126
814           	-7.419113e-127
815           	-5.193379e-127
816           	-3.635366e-127
817           	-2.544756e-127
818           	-1.781329e-127
819           	-1.246930e-127
820           	-8.728513e-128
821           	-6.109959e-128
822           	-4.276971e-128
823           	-2.993880e-128
824           	-2.095716e-128
825           	-1.467001e-128
826           	-1.026901e-128
827           	-7.188305e-129
828           	-5.031814e-129
829           	-3.522270e-129
830           	-2.465589e-129
831           	-1.725912e-129
832           	-1.208138e-129
833           	-8.456969e-130
834           	-5.919879e-130
835           	-4.143915e-130
836           	-2.900741e-130
837           	-2.030518e-130
838           	-1.421363e-130
839           	-9.949540e-131
840           	-6.964678e-131
841           	-4.875275e-131
842           	-3.412692e-131
843           	-2.388885e-131
844           	-1.672219e-131
845           	-1.170553e-131
846           	-8.193874e-132
847           	-5.735712e-132
848           	-4.014998e-132
849           	-2.810499e-132
850           	-1.967349e-132
851           	-1.377144e-132
852           	-9.640011e-133
853           	-6.748008e-133
854           	-4.723605e-133
855           	-3.306524e-133
856           	-2.314567e-133
857           	-1.620197e-133
858           	-1.134138e-133
859           	-7.938963e-134
860           	-5.557274e-134
861           	-3.890092e-134
862           	-2.723064e-134
863           	-1.906145e-134
864           	-1.334302e-134
865           	-9.340111e-135
866           	-6.538078e-135
867           	-4.576654e-135
868           	-3.203658e-135
869           	-2.242561e-135
870           	-1.569792e-135
871           	-1.098855e-135
872           	-7.691983e-136
873           	-5.384388e-136
874           	-3.769072e-136
875           	-2.638350e-136
876           	-1.846845e-136
877           	-1.292792e-136
878           	-9.049541e-137
879           	-6.334679e-137
880           	-4.434275e-137
881           	-3.103993e-137
882           	-2.172795e-137
883           	-1.520956e-137
884           	-1.064669e-137
885           	-7.452686e-138
886           	-5.216880e-138
887           	-3.651816e-138
888           	-2.556271e-138
889           	-1.789390e-138
890           	-1.252573e-138
891           	-8.768011e-139
892           	-6.137608e-139
893           	-4.296325e-139
894           	-3.007428e-139
895           	-2.105199e-139
896           	-1.473640e-139
897           	-1.031548e-139
898           	-7.220834e-140
899           	-5.054584e-140
900           	-3.538209e-140
901           	-2.476746e-140
902           	-1.733722e-140
903           	-1.213606e-140
904           	-8.495239e-141
905           	-5.946667e-141
906           	-4.162667e-141
907           	-2.913867e-141
908           	-2.039707e-141
909           	-1.427795e-141
910           	-9.994564e-142
911           	-6.996195e-142
912           	-4.897336e-142
913           	-3.428135e-142
914           	-2.399695e-142
915           	-1.679786e-142
916           	-1.175850e-142
917           	-8.230953e-143
918           	-5.761667e-143
919           	-4.033167e-143
920           	-2.823217e-143
921           	-1.976252e-143
922           	-1.383376e-143
923           	-9.683634e-144
924           	-6.778544e-144
925           	-4.744981e-144
926           	-3.321486e-144
927           	-2.325041e-144
928           	-1.627528e-144
929           	-1.139270e-144
930           	-7.974889e-145
931           	-5.582422e-145
932           	-3.907696e-145
933           	-2.735387e-145
934           	-1.914771e-145
935           	-1.340340e-145
936           	-9.382377e-146
937           	-6.567664e-146
938           	-4.597365e-146
939           	-3.218155e-146
940           	-2.252709e-146
941           	-1.576896e-146
942           	-1.103827e-146
943           	-7.726791e-147
944           	-5.408754e-147
945           	-3.786128e-147
946           	-2.650289e-147
947           	-1.855203e-147
948           	-1.298642e-147
949           	-9.090492e-148
950           	-6.363345e-148
951           	-4.454341e-148
952           	-3.118039e-148
953           	-2.182627e-148
954           	-1.527839e-148
955           	-1.069487e-148
956           	-7.486411e-149
957           	-5.240488e-149
958           	-3.668342e-149
959           	-2.567839e-149
960           	-1.797487e-149
961           	-1.258241e-149
962           	-8.807688e-150
963           	-6.165382e-150
964           	-4.315767e-150
965           	-3.021037e-150
966           	-2.114726e-150
967           	-1.480308e-150
968           	-1.036216e-150
969           	-7.253510e-151
970           	-5.077457e-151
971           	-3.554220e-151
972           	-2.487954e-151
973           	-1.741568e-151
974           	-1.219097e-151
975           	-8.533682e-152
976           	-5.973577e-152
977           	-4.181504e-152
978           	-2.927053e-152
979           	-2.048937e-152
980           	-1.434256e-152
981           	-1.003979e-152
982           	-7.027854e-153
983           	-4.919498e-153
984           	-3.443648e-153
985           	-2.410554e-153
986           	-1.687388e-153
987           	-1.181171e-153
988           	-8.268200e-154
989           	-5.787740e-154
990           	-4.051418e-154
991           	-2.835993e-154
992           	-1.985195e-154
993           	-1.389636e-154
994           	-9.727454e-155
995           	-6.809218e-155
996           	-4.766453e-155
997           	-3.336517e-155
998           	-2.335562e-155
999           	-1.634893e-155
1000          	-1.144425e-155
1001          	-8.010977e-156
1002          	-5.607684e-156
1003          	-3.925379e-156
1004          	-2.747765e-156
1005          	-1.923436e-156
1006          	-1.346405e-156
1007          	-9.424834e-157
1008          	-6.597384e-157
1009          	-4.618169e-157
1010          	-3.232718e-157
1011          	-2.262903e-157
1012          	-1.584032e-157
1013          	-1.108822e-157
1014          	-7.761756e-158
1015          	-5.433229e-158
1016          	-3.803261e-158
1017          	-2.662282e-158
1018          	-1.863598e-158
1019          	-1.304518e-158
1020          	-9.131629e-159
1021          	-6.392140e-159
1022          	-4.474498e-159
1023          	-3.132149e-159
1024          	-2.192504e-159
1025          	-1.534753e-159
1026          	-1.074327e-159
1027          	-7.520289e-160
1028          	-5.264202e-160
1029          	-3.684942e-160
1030          	-2.579459e-160
1031          	-1.805621e-160
1032          	-1.263935e-160
1033          	-8.847545e-161
1034          	-6.193281e-161
1035          	-4.335297e-161
1036          	-3.034708e-161
1037          	-2.124295e-161
1038          	-1.487007e-161
1039          	-1.040905e-161
1040          	-7.286334e-162
1041          	-5.100433e-162
1042          	-3.570303e-162
1043          	-2.499212e-162
1044          	-1.749449e-162
1045          	-1.224614e-162
1046          	-8.572299e-163
1047          	-6.000609e-163
1048          	-4.200426e-163
1049          	-2.940298e-163
1050          	-2.058209e-163
1051          	-1.440746e-163
1052          	-1.008522e-163
1053          	-7.059656e-164
1054          	-4.941760e-164
1055          	-3.459232e-164
1056          	-2.421462e-164
1057          	-1.695024e-164
1058          	-1.186516e-164
1059          	-8.305615e-165
1060          	-5.813931e-165
1061          	-4.069751e-165
1062          	-2.848826e-165
1063          	-1.994178e-165
1064          	-1.395925e-165
1065          	-9.771473e-166
1066          	-6.840031e-166
1067          	-4.788022e-166
1068          	-3.351615e-166
1069          	-2.346131e-166
1070          	-1.642292e-166
1071          	-1.149604e-166
1072          	-8.047228e-167
1073          	-5.633060e-167
1074          	-3.943142e-167
1075          	-2.760199e-167
1076          	-1.932140e-167
1077          	-1.352498e-167
1078          	-9.467484e-168
1079          	-6.627239e-168
1080          	-4.639067e-168
1081          	-3.247347e-168
1082          	-2.273143e-168
1083          	-1.591200e-168
1084          	-1.113840e-168
1085          	-7.796880e-169
1086          	-5.457816e-169
1087          	-3.820471e-169
1088          	-2.674330e-169
1089          	-1.872031e-169
1090          	-1.310422e-169
1091          	-9.172951e-170
1092          	-6.421066e-170
1093          	-4.494746e-170
1094          	-3.146322e-170
1095          	-2.202426e-170
1096          	-1.541698e-170
1097          	-1.079189e-170
1098          	-7.554320e-171
1099          	-5.288024e-171
1100          	-3.701617e-171
1101          	-2.591132e-171
1102          	-1.813792e-171
1103          	-1.269655e-171
1104          	-8.887582e-172
1105          	-6.221307e-172
1106          	-4.354915e-172
1107          	-3.048441e-172
1108          	-2.133908e-172
1109          	-1.493736e-172
1110          	-1.045615e-172
1111          	-7.319306e-173
1112          	-5.123514e-173
1113          	-3.586460e-173
1114          	-2.510522e-173
1115          	-1.757365e-173
1116          	-1.230156e-173
1117          	-8.611090e-174
1118          	-6.027763e-174
1119          	-4.219434e-174
1120          	-2.953604e-174
1121          	-2.067523e-174
1122          	-1.447266e-174
1123          	-1.013086e-174
1124          	-7.091603e-175
1125          	-4.964122e-175
1126          	-3.474885e-175
1127          	-2.432420e-175
1128          	-1.702694e-175
1129          	-1.191886e-175
1130          	-8.343200e-176
1131          	-5.840240e-176
1132          	-4.088168e-176
1133          	-2.861718e-176
1134          	-2.003202e-176
1135          	-1.402242e-176
1136          	-9.815691e-177
1137          	-6.870984e-177
1138          	-4.809689e-177
1139          	-3.366782e-177
1140          	-2.356747e-177
1141          	-1.649723e-177
1142          	-1.154806e-177
1143          	-8.083644e-178
1144          	-5.658551e-178
1145          	-3.960985e-178
1146          	-2.772690e-178
1147          	-1.940883e-178
1148          	-1.358618e-178
1149          	-9.510326e-179
1150          	-6.657228e-179
1151          	-4.660060e-179
1152          	-3.262042e-179
1153          	-2.283429e-179
1154          	-1.598401e-179
1155          	-1.118880e-179
1156          	-7.832162e-180
1157          	-5.482514e-180
1158          	-3.837760e-180
1159          	-2.686432e-180
1160          	-1.880502e-180
1161          	-1.316352e-180
1162          	-9.214461e-181
1163          	-6.450123e-181
1164          	-4.515086e-181
1165          	-3.160560e-181
1166          	-2.212392e-181
1167          	-1.548674e-181
1168          	-1.084072e-181
1169          	-7.588505e-182
1170          	-5.311953e-182
1171          	-3.718367e-182
1172          	-2.602857e-182
1173          	-1.822000e-182
1174          	-1.275400e-182
1175          	-8.927800e-183
1176          	-6.249460e-183
1177          	-4.374622e-183
1178          	-3.062235e-183
1179          	-2.143565e-183
1180          	-1.500495e-183
1181          	-1.050347e-183
1182          	-7.352427e-184
1183          	-5.146699e-184
1184          	-3.602689e-184
1185          	-2.521883e-184
1186          	-1.765318e-184
1187          	-1.235722e-184
1188          	-8.650057e-185
1189          	-6.055040e-185
1190          	-4.238528e-185
1191          	-2.966970e-185
1192          	-2.076879e-185
1193          	-1.453815e-185
1194          	-1.017671e-185
1195          	-7.123694e-186
1196          	-4.986586e-186
1197          	-3.490610e-186
1198          	-2.443427e-186
1199          	-1.710399e-186
1200          	-1.197279e-186
1201          	-8.380955e-187
1202          	-5.866668e-187
1203          	-4.106668e-187
1204          	-2.874667e-187
1205          	-2.012267e-187
1206          	-1.408587e-187
1207          	-9.860109e-188
1208          	-6.902077e-188
1209          	-4.831454e-188
1210          	-3.382017e-188
1211          	-2.367412e-188
1212          	-1.657189e-188
1213          	-1.160032e-188
1214          	-8.120224e-189
1215          	-5.684157e-189
1216          	-3.978910e-189
1217          	-2.785237e-189
1218          	-1.949666e-189
1219          	-1.364766e-189
1220          	-9.553362e-190
1221          	-6.687354e-190
1222          	-4.681148e-190
1223          	-3.276803e-190
1224          	-2.293762e-190
1225          	-1.605634e-190
1226          	-1.123944e-190
1227          	-7.867605e-191
1228          	-5.507323e-191
1229          	-3.855126e-191
1230          	-2.698588e-191
1231          	-1.889012e-191
1232          	-1.322308e-191
1233          	-9.256158e-192
1234          	-6.479311e-192
1235          	-4.535518e-192
1236          	-3.174862e-192
1237          	-2.222404e-192
1238          	-1.555683e-192
1239          	-1.088978e-192
1240          	-7.622844e-193
1241          	-5.335991e-193
1242          	-3.735194e-193
1243          	-2.614636e-193
1244          	-1.830245e-193
1245          	-1.281171e-193
1246          	-8.968200e-194
1247          	-6.277740e-194
1248          	-4.394418e-194
1249          	-3.076093e-194
1250          	-2.153265e-194
1251          	-1.507285e-194
1252          	-1.055100e-194
1253          	-7.385698e-195
1254          	-5.169989e-195
1255          	-3.618992e-195
1256          	-2.533295e-195
1257          	-1.773306e-195
1258          	-1.241314e-195
1259          	-8.689200e-196
1260          	-6.082440e-196
1261          	-4.257708e-196
1262          	-2.980396e-196
1263          	-2.086277e-196
1264          	-1.460394e-196
1265          	-1.022276e-196
1266          	-7.155930e-197
1267          	-5.009151e-197
1268          	-3.506406e-197
1269          	-2.454484e-197
1270          	-1.718139e-197
1271          	-1.202697e-197
1272          	-8.418880e-198
1273          	-5.893216e-198
1274          	-4.125251e-198
1275          	-2.887676e-198
1276          	-2.021373e-198
1277          	-1.414961e-198
1278          	-9.904728e-199
1279          	-6.933310e-199
1280          	-4.853317e-199
1281          	-3.397322e-199
1282          	-2.378125e-199
1283          	-1.664688e-199
1284          	-1.165281e-199
1285          	-8.156970e-200
1286          	-5.709879e-200
1287          	-3.996915e-200
1288          	-2.797841e-200
1289          	-1.958488e-200
1290          	-1.370942e-200
1291          	-9.596593e-201
1292          	-6.717615e-201
1293          	-4.702331e-201
1294          	-3.291632e-201
1295          	-2.304142e-201
1296          	-1.612899e-201
1297          	-1.129030e-201
1298          	-7.903207e-202
1299          	-5.532245e-202
1300          	-3.872572e-202
1301          	-2.710800e-202
1302          	-1.897560e-202
1303          	-1.328292e-202
1304          	-9.298044e-203
1305          	-6.508631e-203
1306          	-4.556042e-203
1307          	-3.189229e-203
1308          	-2.232460e-203
1309          	-1.562722e-203
1310          	-1.093906e-203
1311          	-7.657339e-204
1312          	-5.360138e-204
1313          	-3.752096e-204
1314          	-2.626467e-204
1315          	-1.838527e-204
1316          	-1.286969e-204
1317          	-9.008783e-205
1318          	-6.306148e-205
1319          	-4.414304e-205
1320          	-3.090013e-205
1321          	-2.163009e-205
1322          	-1.514106e-205
1323          	-1.059874e-205
1324          	-7.419120e-206
1325          	-5.193384e-206
1326          	-3.635369e-206
1327          	-2.544758e-206
1328          	-1.781331e-206
1329          	-1.246932e-206
1330          	-8.728521e-207
1331          	-6.109965e-207
1332          	-4.276975e-207
1333          	-2.993883e-207
1334          	-2.095718e-207
1335          	-1.467002e-207
1336          	-1.026902e-207
1337          	-7.188312e-208
1338          	-5.031819e-208
1339          	-3.522273e-208
1340          	-2.465591e-208
1341          	-1.725914e-208
1342          	-1.208140e-208
1343          	-8.456977e-209
1344          	-5.919884e-209
1345          	-4.143919e-209
1346          	-2.900743e-209
1347          	-2.030520e-209
1348          	-1.421364e-209
1349          	-9.949549e-210
1350          	-6.964685e-210
1351          	-4.875279e-210
1352          	-3.412695e-210
1353          	-2.388887e-210
1354          	-1.672221e-210
1355          	-1.170555e-210
1356          	-8.193882e-211
1357          	-5.735717e-211
1358          	-4.015002e-211
1359          	-2.810501e-211
1360          	-1.967351e-211
1361          	-1.377146e-211
1362          	-9.640020e-212
1363          	-6.748014e-212
1364          	-4.723610e-212
1365          	-3.306527e-212
1366          	-2.314569e-212
1367          	-1.620198e-212
1368          	-1.134139e-212
1369          	-7.938971e-213
1370          	-5.557280e-213
1371          	-3.890096e-213
1372          	-2.723067e-213
1373          	-1.906147e-213
1374          	-1.334303e-213
1375          	-9.340120e-214
1376          	-6.538084e-214
1377          	-4.576659e-214
1378          	-3.203661e-214
1379          	-2.242563e-214
1380          	-1.569794e-214
1381          	-1.098856e-214
1382          	-7.691990e-215
1383          	-5.384393e-215
1384          	-3.769075e-215
1385          	-2.638353e-215
1386          	-1.846847e-215
1387          	-1.292793e-215
1388          	-9.049550e-216
1389          	-6.334685e-216
1390          	-4.434279e-216
1391          	-3.103996e-216
1392          	-2.172797e-216
1393          	-1.520958e-216
1394          	-1.064670e-216
1395          	-7.452693e-217
1396          	-5.216885e-217
1397          	-3.651820e-217
1398          	-2.556274e-217
1399          	-1.789392e-217
1400          	-1.252574e-217
1401          	-8.768019e-218
1402          	-6.137613e-218
1403          	-4.296329e-218
1404          	-3.007431e-218
1405          	-2.105201e-218
1406          	-1.473641e-218
1407          	-1.031549e-218
1408          	-7.220841e-219
1409          	-5.054589e-219
1410          	-3.538212e-219
1411          	-2.476748e-219
1412          	-1.733724e-219
1413          	-1.213607e-219
1414          	-8.495247e-220
1415          	-5.946673e-220
1416          	-4.162671e-220
1417          	-2.913870e-220
1418          	-2.039709e-220
1419          	-1.427796e-220
1420          	-9.994573e-221
1421          	-6.996201e-221
1422          	-4.897341e-221
1423          	-3.428139e-221
1424          	-2.399697e-221
1425          	-1.679788e-221
1426          	-1.175852e-221
1427          	-8.230961e-222
1428          	-5.761673e-222
1429          	-4.033171e-222
1430          	-2.823220e-222
1431          	-1.976254e-222
1432          	-1.383378e-222
1433          	-9.683643e-223
1434          	-6.778550e-223
1435          	-4.744985e-223
1436          	-3.321490e-223
1437          	-2.325043e-223
1438          	-1.627530e-223
1439          	-1.139271e-223
1440          	-7.974896e-224
1441          	-5.582428e-224
1442          	-3.907699e-224
1443          	-2.735389e-224
1444          	-1.914773e-224
1445          	-1.340341e-224
1446          	-9.382386e-225
1447          	-6.567670e-225
1448          	-4.597369e-225
1449          	-3.218158e-225
1450          	-2.252711e-225
1451          	-1.576898e-225
1452          	-1.103828e-225
1453          	-7.726798e-226
1454          	-5.408759e-226
1455          	-3.786131e-226
1456          	-2.650292e-226
1457          	-1.855204e-226
1458          	-1.298643e-226
1459          	-9.090501e-227
1460          	-6.363351e-227
1461          	-4.454345e-227
1462          	-3.118042e-227
1463          	-2.182629e-227
1464          	-1.527840e-227
1465          	-1.069488e-227
1466          	-7.486418e-228
1467          	-5.240493e-228
1468          	-3.668345e-228
1469          	-2.567841e-228
1470          	-1.797489e-228
1471          	-1.258242e-228
1472          	-8.807696e-229
1473          	-6.165387e-229
1474          	-4.315771e-229
1475          	-3.021040e-229
1476          	-2.114728e-229
1477          	-1.480310e-229
1478          	-1.036217e-229
1479          	-7.253517e-230
1480          	-5.077462e-230
1481          	-3.554223e-230
1482          	-2.487956e-230
1483          	-1.741569e-230
1484          	-1.219099e-230
1485          	-8.533690e-231
1486          	-5.973583e-231
1487          	-4.181508e-231
1488          	-2.927056e-231
1489          	-2.048939e-231
1490          	-1.434257e-231
1491          	-1.003980e-231
1492          	-7.027861e-232
1493          	-4.919502e-232
1494          	-3.443652e-232
1495          	-2.410556e-232
1496          	-1.687389e-232
1497          	-1.181173e-232
1498          	-8.268208e-233
1499          	-5.787745e-233
1500          	-4.051422e-233
1501          	-2.835995e-233
1502          	-1.985197e-233
1503          	-1.389638e-233
1504          	-9.727464e-234
1505          	-6.809225e-234
1506          	-4.766457e-234
1507          	-3.336520e-234
1508          	-2.335564e-234
1509          	-1.634895e-234
1510          	-1.144426e-234
1511          	-8.010985e-235
1512          	-5.607689e-235
1513          	-3.925382e-235
1514          	-2.747768e-235
1515          	-1.923437e-235
1516          	-1.346406e-235
1517          	-9.424843e-236
1518          	-6.597390e-236
1519          	-4.618173e-236
1520          	-3.232721e-236
1521          	-2.262905e-236
1522          	-1.584033e-236
1523          	-1.108823e-236
1524          	-7.761764e-237
1525          	-5.433235e-237
1526          	-3.803264e-237
1527          	-2.662285e-237
1528          	-1.863599e-237
1529          	-1.304520e-237
1530          	-9.131637e-238
1531          	-6.392146e-238
1532          	-4.474502e-238
1533          	-3.132152e-238
1534          	-2.192506e-238
1535          	-1.534754e-238
1536          	-1.074328e-238
1537          	-7.520296e-239
1538          	-5.264207e-239
1539          	-3.684945e-239
1540          	-2.579462e-239
1541          	-1.805623e-239
1542          	-1.263936e-239
1543          	-8.847553e-240
1544          	-6.193287e-240
1545          	-4.335301e-240
1546          	-3.034711e-240
1547          	-2.124297e-240
1548          	-1.487008e-240
1549          	-1.040906e-240
1550          	-7.286340e-241
1551          	-5.100438e-241
1552          	-3.570307e-241
1553          	-2.499215e-241
1554          	-1.749450e-241
1555          	-1.224615e-241
1556          	-8.572307e-242
1557          	-6.000615e-242
1558          	-4.200430e-242
1559          	-2.940301e-242
1560          	-2.058211e-242
1561          	-1.440748e-242
1562          	-1.008523e-242
1563          	-7.059663e-243
1564          	-4.941764e-243
1565          	-3.459235e-243
1566          	-2.421464e-243
1567          	-1.695025e-243
1568          	-1.186518e-243
1569          	-8.305623e-244
1570          	-5.813936e-244
1571          	-4.069755e-244
1572          	-2.848829e-244
1573          	-1.994180e-244
1574          	-1.395926e-244
1575          	-9.771482e-245
1576          	-6.840038e-245
1577          	-4.788026e-245
1578          	-3.351618e-245
1579          	-2.346133e-245
1580          	-1.642293e-245
1581          	-1.149605e-245
1582          	-8.047236e-246
1583          	-5.633065e-246
1584          	-3.943146e-246
1585          	-2.760202e-246
1586          	-1.932141e-246
1587          	-1.352499e-246
1588          	-9.467493e-247
1589          	-6.627245e-247
1590          	-4.639071e-247
1591          	-3.247350e-247
1592          	-2.273145e-247
1593          	-1.591201e-247
1594          	-1.113841e-247
1595          	-7.796887e-248
1596          	-5.457821e-248
1597          	-3.820475e-248
1598          	-2.674332e-248
1599          	-1.872033e-248
1600          	-1.310423e-248
1601          	-9.172960e-249
1602          	-6.421072e-249
1603          	-4.494750e-249
1604          	-3.146325e-249
1605          	-2.202428e-249
1606          	-1.541699e-249
1607          	-1.079190e-249
1608          	-7.554327e-250
1609          	-5.288029e-250
1610          	-3.701620e-250
1611          	-2.591134e-250
1612          	-1.813794e-250
1613          	-1.269656e-250
1614          	-8.887590e-251
1615          	-6.221313e-251
1616          	-4.354919e-251
1617          	-3.048443e-251
1618          	-2.133910e-251
1619          	-1.493737e-251
1620          	-1.045616e-251
1621          	-7.319313e-252
1622          	-5.123519e-252
1623          	-3.586463e-252
1624          	-2.510524e-252
1625          	-1.757367e-252
1626          	-1.230157e-252
1627          	-8.611098e-253
1628          	-6.027769e-253
1629          	-4.219438e-253
1630          	-2.953607e-253
1631          	-2.067525e-253
1632          	-1.447267e-253
1633          	-1.013087e-253
1634          	-7.091610e-254
1635          	-4.964127e-254
1636          	-3.474889e-254
1637          	-2.432422e-254
1638          	-1.702695e-254
1639          	-1.191887e-254
1640          	-8.343208e-255
1641          	-5.840245e-255
1642          	-4.088172e-255
1643          	-2.861720e-255
1644          	-2.003204e-255
1645          	-1.402243e-255
1646          	-9.815700e-256
1647          	-6.870990e-256
1648          	-4.809693e-256
1649          	-3.366785e-256
1650          	-2.356750e-256
1651          	-1.649725e-256
1652          	-1.154807e-256
1653          	-8.083651e-257
1654          	-5.658556e-257
1655          	-3.960989e-257
1656          	-2.772692e-257
1657          	-1.940885e-257
1658          	-1.358619e-257
1659          	-9.510335e-258
1660          	-6.657235e-258
1661          	-4.660064e-258
1662          	-3.262045e-258
1663          	-2.283431e-258
1664          	-1.598402e-258
1665          	-1.118881e-258
1666          	-7.832170e-259
1667          	-5.482519e-259
1668          	-3.837763e-259
1669          	-2.686434e-259
1670          	-1.880504e-259
1671          	-1.316353e-259
1672          	-9.214469e-260
1673          	-6.450129e-260
1674          	-4.515090e-260
1675          	-3.160563e-260
1676          	-2.212394e-260
1677          	-1.548676e-260
1678          	-1.084073e-260
1679          	-7.588512e-261
1680          	-5.311958e-261
1681          	-3.718371e-261
1682          	-2.602860e-261
1683          	-1.822002e-261
1684          	-1.275401e-261
1685          	-8.927808e-262
1686          	-6.249466e-262
1687          	-4.374626e-262
1688          	-3.062238e-262
1689          	-2.143567e-262
1690          	-1.500497e-262
1691          	-1.050348e-262
1692          	-7.352434e-263
1693          	-5.146704e-263
1694          	-3.602693e-263
1695          	-2.521885e-263
1696          	-1.765319e-263
1697          	-1.235724e-263
1698          	-8.650065e-264
1699          	-6.055046e-264
1700          	-4.238532e-264
1701          	-2.966972e-264
1702          	-2.076881e-264
1703          	-1.453816e-264
1704          	-1.017672e-264
1705          	-7.123701e-265
1706          	-4.986590e-265
1707          	-3.490613e-265
1708          	-2.443429e-265
1709          	-1.710401e-265
1710          	-1.197280e-265
1711          	-8.380962e-266
1712          	-5.866674e-266
1713          	-4.106672e-266
1714          	-2.874670e-266
1715          	-2.012269e-266
1716          	-1.408588e-266
1717          	-9.860119e-267
1718          	-6.902083e-267
1719          	-4.831458e-267
1720          	-3.382021e-267
1721          	-2.367414e-267
1722          	-1.657190e-267
1723          	-1.160033e-267
1724          	-8.120232e-268
1725          	-5.684162e-268
1726          	-3.978913e-268
1727          	-2.785239e-268
1728          	-1.949668e-268
1729          	-1.364767e-268
1730          	-9.553371e-269
1731          	-6.687360e-269
1732          	-4.681152e-269
1733          	-3.276806e-269
1734          	-2.293764e-269
1735          	-1.605635e-269
1736          	-1.123945e-269
1737          	-7.867612e-270
1738          	-5.507328e-270
1739          	-3.855130e-270
1740          	-2.698591e-270
1741          	-1.889014e-270
1742          	-1.322310e-270
1743          	-9.256167e-271
1744          	-6.479317e-271
1745          	-4.535522e-271
1746          	-3.174865e-271
1747          	-2.222406e-271
1748          	-1.555684e-271
1749          	-1.088979e-271
1750          	-7.622851e-272
1751          	-5.335996e-272
1752          	-3.735197e-272
1753          	-2.614638e-272
1754          	-1.830247e-272
1755          	-1.281173e-272
1756          	-8.968209e-273
1757          	-6.277746e-273
1758          	-4.394422e-273
1759          	-3.076096e-273
1760          	-2.153267e-273
1761          	-1.507287e-273
1762          	-1.055101e-273
1763          	-7.385705e-274
1764          	-5.169994e-274
1765          	-3.618996e-274
1766          	-2.533297e-274
1767          	-1.773308e-274
1768          	-1.241315e-274
1769          	-8.689208e-275
1770          	-6.082446e-275
1771          	-4.257712e-275
1772          	-2.980399e-275
1773          	-2.086279e-275
1774          	-1.460395e-275
1775          	-1.022277e-275
1776          	-7.155937e-276
1777          	-5.009156e-276
1778          	-3.506409e-276
1779          	-2.454486e-276
1780          	-1.718140e-276
1781          	-1.202698e-276
1782          	-8.418888e-277
1783          	-5.893222e-277
1784          	-4.125255e-277
1785          	-2.887679e-277
1786          	-2.021375e-277
1787          	-1.414963e-277
1788          	-9.904738e-278
1789          	-6.933316e-278
1790          	-4.853321e-278
1791          	-3.397325e-278
1792          	-2.378128e-278
1793          	-1.664689e-278
1794          	-1.165282e-278
1795          	-8.156977e-279
1796          	-5.709884e-279
1797          	-3.996919e-279
1798          	-2.797843e-279
1799          	-1.958490e-279
1800          	-1.370943e-279
1801          	-9.596602e-280
1802          	-6.717622e-280
1803          	-4.702335e-280
1804          	-3.291635e-280
1805          	-2.304144e-280
1806          	-1.612901e-280
1807          	-1.129031e-280
1808          	-7.903215e-281
1809          	-5.532250e-281
1810          	-3.872575e-281
1811          	-2.710803e-281
1812          	-1.897562e-281
1813          	-1.328293e-281
1814          	-9.298053e-282
1815          	-6.508637e-282
1816          	-4.556046e-282
1817          	-3.189232e-282
1818          	-2.232463e-282
1819          	-1.562724e-282
1820          	-1.093907e-282
1821          	-7.657346e-283
1822          	-5.360143e-283
1823          	-3.752100e-283
1824          	-2.626470e-283
1825          	-1.838529e-283
1826          	-1.286970e-283
1827          	-9.008792e-284
1828          	-6.306154e-284
1829          	-4.414308e-284
1830          	-3.090016e-284
1831          	-2.163011e-284
1832          	-1.514108e-284
1833          	-1.059875e-284
1834          	-7.419127e-285
1835          	-5.193389e-285
1836          	-3.635372e-285
1837          	-2.544761e-285
1838          	-1.781332e-285
1839          	-1.246933e-285
1840          	-8.728529e-286
1841          	-6.109970e-286
1842          	-4.276979e-286
1843          	-2.993885e-286
1844          	-2.095720e-286
1845          	-1.467004e-286
1846          	-1.026903e-286
1847          	-7.188319e-287
1848          	-5.031823e-287
1849          	-3.522276e-287
1850          	-2.465593e-287
1851          	-1.725915e-287
1852          	-1.208141e-287
1853          	-8.456985e-288
1854          	-5.919890e-288
1855          	-4.143923e-288
1856          	-2.900746e-288
1857          	-2.030522e-288
1858          	-1.421366e-288
1859          	-9.949559e-289
1860          	-6.964691e-289
1861          	-4.875284e-289
1862          	-3.412699e-289
1863          	-2.388889e-289
1864          	-1.672222e-289
1865          	-1.170556e-289
1866          	-8.193889e-290
1867          	-5.735723e-290
1868          	-4.015006e-290
1869          	-2.810504e-290
1870          	-1.967353e-290
1871          	-1.377147e-290
1872          	-9.640029e-291
1873          	-6.748020e-291
1874          	-4.723614e-291
1875          	-3.306530e-291
1876          	-2.314571e-291
1877          	-1.620200e-291
1878          	-1.134140e-291
1879          	-7.938978e-292
1880          	-5.557285e-292
1881          	-3.890099e-292
1882          	-2.723070e-292
1883          	-1.906149e-292
1884          	-1.334304e-292
1885          	-9.340129e-293
1886          	-6.538090e-293
1887          	-4.576663e-293
1888          	-3.203664e-293
1889          	-2.242565e-293
1890          	-1.569795e-293
1891          	-1.098857e-293
1892          	-7.691998e-294
1893          	-5.384398e-294
1894          	-3.769079e-294
1895          	-2.638355e-294
1896          	-1.846849e-294
1897          	-1.292794e-294
1898          	-9.049558e-295
1899          	-6.334691e-295
1900          	-4.434284e-295
1901          	-3.103998e-295
1902          	-2.172799e-295
1903          	-1.520959e-295
1904          	-1.064671e-295
1905          	-7.452700e-296
1906          	-5.216890e-296
1907          	-3.651823e-296
1908          	-2.556276e-296
1909          	-1.789393e-296
1910          	-1.252575e-296
1911          	-8.768027e-297
1912          	-6.137619e-297
1913          	-4.296333e-297
1914          	-3.007433e-297
1915          	-2.105203e-297
1916          	-1.473642e-297
1917          	-1.031550e-297
1918          	-7.220848e-298
1919          	-5.054593e-298
1920          	-3.538215e-298
1921          	-2.476751e-298
1922          	-1.733726e-298
1923          	-1.213608e-298
1924          	-8.495255e-299
1925          	-5.946679e-299
1926          	-4.162675e-299
1927          	-2.913872e-299
1928          	-2.039711e-299
1929          	-1.427798e-299
1930          	-9.994583e-300
1931          	-6.996208e-300
1932          	-4.897345e-300
1933          	-3.428142e-300
1934          	-2.399699e-300
1935          	-1.679789e-300
1936          	-1.175853e-300
1937          	-8.230969e-301
1938          	-5.761678e-301
1939          	-4.033175e-301
1940          	-2.823222e-301
1941          	-1.976256e-301
1942          	-1.383379e-301
1943          	-9.683652e-302
1944          	-6.778556e-302
1945          	-4.744990e-302
1946          	-3.321493e-302
1947          	-2.325045e-302
1948          	-1.627531e-302
1949          	-1.139272e-302
1950          	-7.974904e-303
1951          	-5.582433e-303
1952          	-3.907703e-303
1953          	-2.735392e-303
1954          	-1.914774e-303
1955          	-1.340342e-303
1956          	-9.382395e-304
1957          	-6.567676e-304
1958          	-4.597373e-304
1959          	-3.218161e-304
1960          	-2.252713e-304
1961          	-1.576899e-304
1962          	-1.103829e-304
1963          	-7.726805e-305
1964          	-5.408764e-305
1965          	-3.786135e-305
1966          	-2.650294e-305
1967          	-1.855206e-305
1968          	-1.298644e-305
1969          	-9.090509e-306
1970          	-6.363357e-306
1971          	-4.454350e-306
1972          	-3.118045e-306
1973          	-2.182631e-306
1974          	-1.527842e-306
1975          	-1.069489e-306
1976          	-7.486425e-307
1977          	-5.240498e-307
1978          	-3.668348e-307
1979          	-2.567844e-307
1980          	-1.797491e-307
1981          	-1.258244e-307
1982          	-8.807705e-308
1983          	-6.165393e-308
1984          	-4.315775e-308
1985          	-3.021043e-308
1986          	-2.114730e-308
1987          	-1.480311e-308
1988          	-1.036218e-308
1989          	-7.253523e-309
1990          	-5.077467e-309
1991          	-3.554227e-309
1992          	-2.487959e-309
1993          	-1.741571e-309
1994          	-1.219100e-309
1995          	-8.533696e-310
1996          	-5.973588e-310
1997          	-4.181512e-310
1998          	-2.927060e-310
1999          	-2.048941e-310
2000          	-1.434259e-310
2001          	-1.003980e-310
2002          	-7.027870e-311
2003          	-4.919510e-311
2004          	-3.443657e-311
2005          	-2.410550e-311
2006          	-1.687404e-311
2007          	-1.181173e-311
2008          	-8.268208e-312
2009          	-5.787880e-312
2010          	-4.051536e-312
2011          	-2.835937e-312
2012          	-1.985156e-312
2013          	-1.389589e-312
2014          	-9.726769e-313
2015          	-6.809806e-313
2016          	-4.767536e-313
2017          	-3.336326e-313
2018          	-2.335152e-313
2019          	-1.635555e-313
2020          	-1.145047e-313
2021          	-7.999911e-314
2022          	-5.592823e-314
2023          	-3.916952e-314
2024          	-2.758863e-314
2025          	-1.920927e-314
2026          	-1.332001e-314
2027          	-9.288434e-315
2028          	-6.600717e-315
2029          	-4.663980e-315
2030          	-3.201545e-315
2031          	-2.252939e-315
2032          	-1.422909e-315
2033          	-8.300303e-316
2034          	-6.324040e-316
2035          	-4.743030e-316
2036          	-3.952525e-317
2037          	0.000000e+00
2038          	0.000000e+00
2039          	0.000000e+00
2040          	0.000000e+00
2041          	0.000000e+00
2042          	0.000000e+00
2043          	0.000000e+00
2044          	0.000000e+00
2045          	0.000000e+00
2046          	0.000000e+00
2047          	0.000000e+00
2048          	0.000000e+00
2049          	0.000000e+00
2050          	0.000000e+00
2051          	0.000000e+00
2052          	0.000000e+00
2053          	0.000000e+00
2054          	0.000000e+00
2055          	0.000000e+00
2056          	0.000000e+00
2057          	0.000000e+00
2058          	0.000000e+00
2059          	0.000000e+00
2060          	0.000000e+00
2061          	0.000000e+00
2062          	0.000000e+00
2063          	0.000000e+00
2064          	0.000000e+00
2065          	0.000000e+00
2066          	0.000000e+00
2067          	0.000000e+00
2068          	0.000000e+00
2069          	0.000000e+00
2070          	0.000000e+00
2071          	0.000000e+00
2072          	0.000000e+00
2073          	0.000000e+00
2074          	0.000000e+00
2075          	0.000000e+00
2076          	0.000000e+00
2077          	0.000000e+00
2078          	0.000000e+00
2079          	0.000000e+00
2080          	0.000000e+00
2081          	0.000000e+00
2082          	0.000000e+00
2083          	0.000000e+00
2084          	0.000000e+00
2085          	0.000000e+00
2086          	0.000000e+00
2087          	0.000000e+00
2088          	0.000000e+00
2089          	0.000000e+00
2090          	0.000000e+00
2091          	0.000000e+00
2092          	0.000000e+00
2093          	0.000000e+00
2094          	0.000000e+00
2095          	0.000000e+00
2096          	0.000000e+00
2097          	0.000000e+00
2098          	0.000000e+00
2099          	0.000000e+00
2100          	0.000000e+00
2101          	0.000000e+00
2102          	0.000000e+00
2103          	0.000000e+00
2104          	0.000000e+00
2105          	0.000000e+00
2106          	0.000000e+00
2107          	0.000000e+00
2108          	0.000000e+00
2109          	0.000000e+00
2110          	0.000000e+00
2111          	0.000000e+00
2112          	0.000000e+00
2113          	0.000000e+00
2114          	0.000000e+00
2115          	0.000000e+00
2116          	0.000000e+00
2117          	0.000000e+00
2118          	0.000000e+00
2119          	0.000000e+00
2120          	0.000000e+00
2121          	0.000000e+00
2122          	0.000000e+00
2123          	0.000000e+00
2124          	0.000000e+00
2125          	0.000000e+00
2126          	0.000000e+00
2127          	0.000000e+00
2128          	0.000000e+00
2129          	0.000000e+00
2130          	0.000000e+00
2131          	0.000000e+00
2132          	0.000000e+00
2133          	0.000000e+00
2134          	0.000000e+00
2135          	0.000000e+00
2136          	0.000000e+00
2137          	0.000000e+00
2138          	0.000000e+00
2139          	0.000000e+00
2140          	0.000000e+00
2141          	0.000000e+00
2142          	0.000000e+00
2143          	0.000000e+00
2144          	0.000000e+00
2145          	0.000000e+00
2146          	0.000000e+00
2147          	0.000000e+00
2148          	0.000000e+00
2149          	0.000000e+00
2150          	0.000000e+00
2151          	0.000000e+00
2152          	0.000000e+00
2153          	0.000000e+00
2154          	0.000000e+00
2155          	0.000000e+00
2156          	0.000000e+00
2157          	0.000000e+00
2158          	0.000000e+00
2159          	0.000000e+00
2160          	0.000000e+00
2161          	0.000000e+00
2162          	0.000000e+00
2163          	0.000000e+00
2164          	0.000000e+00
2165          	0.000000e+00
2166          	0.000000e+00
2167          	0.000000e+00
2168          	0.000000e+00
2169          	0.000000e+00
2170          	0.000000e+00
2171          	0.000000e+00
2172          	0.000000e+00
2173          	0.000000e+00
2174          	0.000000e+00
2175          	0.000000e+00
2176          	0.000000e+00
2177          	0.000000e+00
2178          	0.000000e+00
2179          	0.000000e+00
2180          	0.000000e+00
2181          	0.000000e+00
2182          	0.000000e+00
2183          	0.000000e+00
2184          	0.000000e+00
2185          	0.000000e+00
2186          	0.000000e+00
2187          	0.000000e+00
2188          	0.000000e+00
2189          	0.000000e+00
2190          	0.000000e+00
2191          	0.000000e+00
2192          	0.000000e+00
2193          	0.000000e+00
2194          	0.000000e+00
2195          	0.000000e+00
2196          	0.000000e+00
2197          	0.000000e+00
2198          	0.000000e+00
2199          	0.000000e+00
2200          	0.000000e+00
2201          	0.000000e+00
2202          	0.000000e+00
2203          	0.000000e+00
2204          	0.000000e+00
2205          	0.000000e+00
2206          	0.000000e+00
2207          	0.000000e+00
2208          	0.000000e+00
2209          	0.000000e+00
2210          	0.000000e+00
2211          	0.000000e+00
2212          	0.000000e+00
2213          	0.000000e+00
2214          	0.000000e+00
2215          	0.000000e+00
2216          	0.000000e+00
2217          	0.000000e+00
2218          	0.000000e+00
2219          	0.000000e+00
2220          	0.000000e+00
2221          	0.000000e+00
2222          	0.000000e+00
2223          	0.000000e+00
2224          	0.000000e+00
2225          	0.000000e+00
2226          	0.000000e+00
2227          	0.000000e+00
2228          	0.000000e+00
2229          	0.000000e+00
2230          	0.000000e+00
2231          	0.000000e+00
2232          	0.000000e+00
2233          	0.000000e+00
2234          	0.000000e+00
2235          	0.000000e+00
2236          	0.000000e+00
2237          	0.000000e+00
2238          	0.000000e+00
2239          	0.000000e+00
2240          	0.000000e+00
2241          	0.000000e+00
2242          	0.000000e+00
2243          	0.000000e+00
2244          	0.000000e+00
2245          	0.000000e+00
2246          	0.000000e+00
2247          	0.000000e+00
2248          	0.000000e+00
2249          	0.000000e+00
2250          	0.000000e+00
2251          	0.000000e+00
2252          	0.000000e+00
2253          	0.000000e+00
2254          	0.000000e+00
2255          	0.000000e+00
2256          	0.000000e+00
2257          	0.000000e+00
2258          	0.000000e+00
2259          	0.000000e+00
2260          	0.000000e+00
2261          	0.000000e+00
2262          	0.000000e+00
2263          	0.000000e+00
2264          	0.000000e+00
2265          	0.000000e+00
2266          	0.000000e+00
2267          	0.000000e+00
2268          	0.000000e+00
2269          	0.000000e+00
2270          	0.000000e+00
2271          	0.000000e+00
2272          	0.000000e+00
2273          	0.000000e+00
2274          	0.000000e+00
2275          	0.000000e+00
2276          	0.000000e+00
2277          	0.000000e+00
2278          	0.000000e+00
2279          	0.000000e+00
2280          	0.000000e+00
2281          	0.000000e+00
2282          	0.000000e+00
2283          	0.000000e+00
2284          	0.000000e+00
2285          	0.000000e+00
2286          	0.000000e+00
2287          	0.000000e+00
2288          	0.000000e+00
2289          	0.000000e+00
2290          	0.000000e+00
2291          	0.000000e+00
2292          	0.000000e+00
2293          	0.000000e+00
2294          	0.000000e+00
2295          	0.000000e+00
2296          	0.000000e+00
2297          	0.000000e+00
2298          	0.000000e+00
2299          	0.000000e+00
2300          	0.000000e+00
2301          	0.000000e+00
2302          	0.000000e+00
2303          	0.000000e+00
2304          	0.000000e+00
2305          	0.000000e+00
2306          	0.000000e+00
2307          	0.000000e+00
2308          	0.000000e+00
2309          	0.000000e+00
2310          	0.000000e+00
2311          	0.000000e+00
2312          	0.000000e+00
2313          	0.000000e+00
2314          	0.000000e+00
2315          	0.000000e+00
2316          	0.000000e+00
2317          	0.000000e+00
2318          	0.000000e+00
2319          	0.000000e+00
2320          	0.000000e+00
2321          	0.000000e+00
2322          	0.000000e+00
2323          	0.000000e+00
2324          	0.000000e+00
2325          	0.000000e+00
2326          	0.000000e+00
2327          	0.000000e+00
2328          	0.000000e+00
2329          	0.000000e+00
2330          	0.000000e+00
2331          	0.000000e+00
2332          	0.000000e+00
2333          	0.000000e+00
2334          	0.000000e+00
2335          	0.000000e+00
2336          	0.000000e+00
2337          	0.000000e+00
2338          	0.000000e+00
2339          	0.000000e+00
2340          	0.000000e+00
2341          	0.000000e+00
2342          	0.000000e+00
2343          	0.000000e+00
2344          	0.000000e+00
2345          	0.000000e+00
2346          	0.000000e+00
2347          	0.000000e+00
2348          	0.000000e+00
2349          	0.000000e+00
2350          	0.000000e+00
2351          	0.000000e+00
2352          	0.000000e+00
2353          	0.000000e+00
2354          	0.000000e+00
2355          	0.000000e+00
2356          	0.000000e+00
2357          	0.000000e+00
2358          	0.000000e+00
2359          	0.000000e+00
2360          	0.000000e+00
2361          	0.000000e+00
2362          	0.000000e+00
2363          	0.000000e+00
2364          	0.000000e+00
2365          	0.000000e+00
2366          	0.000000e+00
2367          	0.000000e+00
2368          	0.000000e+00
2369          	0.000000e+00
2370          	0.000000e+00
2371          	0.000000e+00
2372          	0.000000e+00
2373          	0.000000e+00
2374          	0.000000e+00
2375          	0.000000e+00
2376          	0.000000e+00
2377          	0.000000e+00
2378          	0.000000e+00
2379          	0.000000e+00
2380          	0.000000e+00
2381          	0.000000e+00
2382          	0.000000e+00
2383          	0.000000e+00
2384          	0.000000e+00
2385          	0.000000e+00
2386          	0.000000e+00
2387          	0.000000e+00
2388          	0.000000e+00
2389          	0.000000e+00
2390          	0.000000e+00
2391          	0.000000e+00
2392          	0.000000e+00
2393          	0.000000e+00
2394          	0.000000e+00
2395          	0.000000e+00
2396          	0.000000e+00
2397          	0.000000e+00
2398          	0.000000e+00
2399          	0.000000e+00
2400          	0.000000e+00
2401          	0.000000e+00
2402          	0.000000e+00
2403          	0.000000e+00
2404          	0.000000e+00
2405          	0.000000e+00
2406          	0.000000e+00
2407          	0.000000e+00
2408          	0.000000e+00
2409          	0.000000e+00
2410          	0.000000e+00
2411          	0.000000e+00
2412          	0.000000e+00
2413          	0.000000e+00
2414          	0.000000e+00
2415          	0.000000e+00
2416          	0.000000e+00
2417          	0.000000e+00
2418          	0.000000e+00
2419          	0.000000e+00
2420          	0.000000e+00
2421          	0.000000e+00
2422          	0.000000e+00
2423          	0.000000e+00
2424          	0.000000e+00
2425          	0.000000e+00
2426          	0.000000e+00
2427          	0.000000e+00
2428          	0.000000e+00
2429          	0.000000e+00
2430          	0.000000e+00
2431          	0.000000e+00
2432          	0.000000e+00
2433          	0.000000e+00
2434          	0.000000e+00
2435          	0.000000e+00
2436          	0.000000e+00
2437          	0.000000e+00
2438          	0.000000e+00
2439          	0.000000e+00
2440          	0.000000e+00
2441          	0.000000e+00
2442          	0.000000e+00
2443          	0.000000e+00
2444          	0.000000e+00
2445          	0.000000e+00
2446          	0.000000e+00
2447          	0.000000e+00
2448          	0.000000e+00
2449          	0.000000e+00
2450          	0.000000e+00
2451          	0.000000e+00
2452          	0.000000e+00
2453          	0.000000e+00
2454          	0.000000e+00
2455          	0.000000e+00
2456          	0.000000e+00
2457          	0.000000e+00
2458          	0.000000e+00
2459          	0.000000e+00
2460          	0.000000e+00
2461          	0.000000e+00
2462          	0.000000e+00
2463          	0.000000e+00
2464          	0.000000e+00
2465          	0.000000e+00
2466          	0.000000e+00
2467          	0.000000e+00
2468          	0.000000e+00
2469          	0.000000e+00
2470          	0.000000e+00
2471          	0.000000e+00
2472          	0.000000e+00
2473          	0.000000e+00
2474          	0.000000e+00
2475          	0.000000e+00
2476          	0.000000e+00
2477          	0.000000e+00
2478          	0.000000e+00
2479          	0.000000e+00
2480          	0.000000e+00
2481          	0.000000e+00
2482          	0.000000e+00
2483          	0.000000e+00
2484          	0.000000e+00
2485          	0.000000e+00
2486          	0.000000e+00
2487          	0.000000e+00
2488          	0.000000e+00
2489          	0.000000e+00
2490          	0.000000e+00
2491          	0.000000e+00
2492          	0.000000e+00
2493          	0.000000e+00
2494          	0.000000e+00
2495          	0.000000e+00
2496          	0.000000e+00
2497          	0.000000e+00
2498          	0.000000e+00
2499          	0.000000e+00
2500          	0.000000e+00
2501          	0.000000e+00
2502          	0.000000e+00
2503          	0.000000e+00
2504          	0.000000e+00
2505          	0.000000e+00
2506          	0.000000e+00
2507          	0.000000e+00
2508          	0.000000e+00
2509          	0.000000e+00
2510          	0.000000e+00
2511          	0.000000e+00
2512          	0.000000e+00
2513          	0.000000e+00
2514          	0.000000e+00
2515          	0.000000e+00
2516          	0.000000e+00
2517          	0.000000e+00
2518          	0.000000e+00
2519          	0.000000e+00
2520          	0.000000e+00
2521          	0.000000e+00
2522          	0.000000e+00
2523          	0.000000e+00
2524          	0.000000e+00
2525          	0.000000e+00
2526          	0.000000e+00
2527          	0.000000e+00
2528          	0.000000e+00
2529          	0.000000e+00
2530          	0.000000e+00
2531          	0.000000e+00
2532          	0.000000e+00
2533          	0.000000e+00
2534          	0.000000e+00
2535          	0.000000e+00
2536          	0.000000e+00
2537          	0.000000e+00
2538          	0.000000e+00
2539          	0.000000e+00
2540          	0.000000e+00
2541          	0.000000e+00
2542          	0.000000e+00
2543          	0.000000e+00
2544          	0.000000e+00
2545          	0.000000e+00
2546          	0.000000e+00
2547          	0.000000e+00
2548          	0.000000e+00
2549          	0.000000e+00
2550          	0.000000e+00
2551          	0.000000e+00
2552          	0.000000e+00
2553          	0.000000e+00
2554          	0.000000e+00
2555          	0.000000e+00
2556          	0.000000e+00
2557          	0.000000e+00
2558          	0.000000e+00
2559          	0.000000e+00
2560          	0.000000e+00
2561          	0.000000e+00
2562          	0.000000e+00
2563          	0.000000e+00
2564          	0.000000e+00
2565          	0.000000e+00
2566          	0.000000e+00
2567          	0.000000e+00
2568          	0.000000e+00
2569          	0.000000e+00
2570          	0.000000e+00
2571          	0.000000e+00
2572          	0.000000e+00
2573          	0.000000e+00
2574          	0.000000e+00
2575          	0.000000e+00
2576          	0.000000e+00
2577          	0.000000e+00
2578          	0.000000e+00
2579          	0.000000e+00
2580          	0.000000e+00
2581          	0.000000e+00
2582          	0.000000e+00
2583          	0.000000e+00
2584          	0.000000e+00
2585          	0.000000e+00
2586          	0.000000e+00
2587          	0.000000e+00
2588          	0.000000e+00
2589          	0.000000e+00
2590          	0.000000e+00
2591          	0.000000e+00
2592          	0.000000e+00
2593          	0.000000e+00
2594          	0.000000e+00
2595          	0.000000e+00
2596          	0.000000e+00
2597          	0.000000e+00
2598          	0.000000e+00
2599          	0.000000e+00
2600          	0.000000e+00
2601          	0.000000e+00
2602          	0.000000e+00
2603          	0.000000e+00
2604          	0.000000e+00
2605          	0.000000e+00
2606          	0.000000e+00
2607          	0.000000e+00
2608          	0.000000e+00
2609          	0.000000e+00
2610          	0.000000e+00
2611          	0.000000e+00
2612          	0.000000e+00
2613          	0.000000e+00
2614          	0.000000e+00
2615          	0.000000e+00
2616          	0.000000e+00
2617          	0.000000e+00
2618          	0.000000e+00
2619          	0.000000e+00
2620          	0.000000e+00
2621          	0.000000e+00
2622          	0.000000e+00
2623          	0.000000e+00
2624          	0.000000e+00
2625          	0.000000e+00
2626          	0.000000e+00
2627          	0.000000e+00
2628          	0.000000e+00
2629          	0.000000e+00
2630          	0.000000e+00
2631          	0.000000e+00
2632          	0.000000e+00
2633          	0.000000e+00
2634          	0.000000e+00
2635          	0.000000e+00
2636          	0.000000e+00
2637          	0.000000e+00
2638          	0.000000e+00
2639          	0.000000e+00
2640          	0.000000e+00
2641          	0.000000e+00
2642          	0.000000e+00
2643          	0.000000e+00
2644          	0.000000e+00
2645          	0.000000e+00
2646          	0.000000e+00
2647          	0.000000e+00
2648          	0.000000e+00
2649          	0.000000e+00
2650          	0.000000e+00
2651          	0.000000e+00
2652          	0.000000e+00
2653          	0.000000e+00
2654          	0.000000e+00
2655          	0.000000e+00
2656          	0.000000e+00
2657          	0.000000e+00
2658          	0.000000e+00
2659          	0.000000e+00
2660          	0.000000e+00
2661          	0.000000e+00
2662          	0.000000e+00
2663          	0.000000e+00
2664          	0.000000e+00
2665          	0.000000e+00
2666          	0.000000e+00
2667          	0.000000e+00
2668          	0.000000e+00
2669          	0.000000e+00
2670          	0.000000e+00
2671          	0.000000e+00
2672          	0.000000e+00
2673          	0.000000e+00
2674          	0.000000e+00
2675          	0.000000e+00
2676          	0.000000e+00
2677          	0.000000e+00
2678          	0.000000e+00
2679          	0.000000e+00
2680          	0.000000e+00
2681          	0.000000e+00
2682          	0.000000e+00
2683          	0.000000e+00
2684          	0.000000e+00
2685          	0.000000e+00
2686          	0.000000e+00
2687          	0.000000e+00
2688          	0.000000e+00
2689          	0.000000e+00
2690          	0.000000e+00
2691          	0.000000e+00
2692          	0.000000e+00
2693          	0.000000e+00
2694          	0.000000e+00
2695          	0.000000e+00
2696          	0.000000e+00
2697          	0.000000e+00
2698          	0.000000e+00
2699          	0.000000e+00
2700          	0.000000e+00
2701          	0.000000e+00
2702          	0.000000e+00
2703          	0.000000e+00
2704          	0.000000e+00
2705          	0.000000e+00
2706          	0.000000e+00
2707          	0.000000e+00
2708          	0.000000e+00
2709          	0.000000e+00
2710          	0.000000e+00
2711          	0.000000e+00
2712          	0.000000e+00
2713          	0.000000e+00
2714          	0.000000e+00
2715          	0.000000e+00
2716          	0.000000e+00
2717          	0.000000e+00
2718          	0.000000e+00
2719          	0.000000e+00
2720          	0.000000e+00
2721          	0.000000e+00
2722          	0.000000e+00
2723          	0.000000e+00
2724          	0.000000e+00
2725          	0.000000e+00
2726          	0.000000e+00
2727          	0.000000e+00
2728          	0.000000e+00
2729          	0.000000e+00
2730          	0.000000e+00
2731          	0.000000e+00
2732          	0.000000e+00
2733          	0.000000e+00
2734          	0.000000e+00
2735          	0.000000e+00
2736          	0.000000e+00
2737          	0.000000e+00
2738          	0.000000e+00
2739          	0.000000e+00
2740          	0.000000e+00
2741          	0.000000e+00
2742          	0.000000e+00
2743          	0.000000e+00
2744          	0.000000e+00
2745          	0.000000e+00
2746          	0.000000e+00
2747          	0.000000e+00
2748          	0.000000e+00
2749          	0.000000e+00
2750          	0.000000e+00
2751          	0.000000e+00
2752          	0.000000e+00
2753          	0.000000e+00
2754          	0.000000e+00
2755          	0.000000e+00
2756          	0.000000e+00
2757          	0.000000e+00
2758          	0.000000e+00
2759          	0.000000e+00
2760          	0.000000e+00
2761          	0.000000e+00
2762          	0.000000e+00
2763          	0.000000e+00
2764          	0.000000e+00
2765          	0.000000e+00
2766          	0.000000e+00
2767          	0.000000e+00
2768          	0.000000e+00
2769          	0.000000e+00
2770          	0.000000e+00
2771          	0.000000e+00
2772          	0.000000e+00
2773          	0.000000e+00
2774          	0.000000e+00
2775          	0.000000e+00
2776          	0.000000e+00
2777          	0.000000e+00
2778          	0.000000e+00
2779          	0.000000e+00
2780          	0.000000e+00
2781          	0.000000e+00
2782          	0.000000e+00
2783          	0.000000e+00
2784          	0.000000e+00
2785          	0.000000e+00
2786          	0.000000e+00
2787          	0.000000e+00
2788          	0.000000e+00
2789          	0.000000e+00
2790          	0.000000e+00
2791          	0.000000e+00
2792          	0.000000e+00
2793          	0.000000e+00
2794          	0.000000e+00
2795          	0.000000e+00
2796          	0.000000e+00
2797          	0.000000e+00
2798          	0.000000e+00
2799          	0.000000e+00
2800          	0.000000e+00
2801          	0.000000e+00
2802          	0.000000e+00
2803          	0.000000e+00
2804          	0.000000e+00
2805          	0.000000e+00
2806          	0.000000e+00
2807          	0.000000e+00
2808          	0.000000e+00
2809          	0.000000e+00
2810          	0.000000e+00
2811          	0.000000e+00
2812          	0.000000e+00
2813          	0.000000e+00
2814          	0.000000e+00
2815          	0.000000e+00
2816          	0.000000e+00
2817          	0.000000e+00
2818          	0.000000e+00
2819          	0.000000e+00
2820          	0.000000e+00
2821          	0.000000e+00
2822          	0.000000e+00
2823          	0.000000e+00
2824          	0.000000e+00
2825          	0.000000e+00
2826          	0.000000e+00
2827          	0.000000e+00
2828          	0.000000e+00
2829          	0.000000e+00
2830          	0.000000e+00
2831          	0.000000e+00
2832          	0.000000e+00
2833          	0.000000e+00
2834          	0.000000e+00
2835          	0.000000e+00
2836          	0.000000e+00
2837          	0.000000e+00
2838          	0.000000e+00
2839          	0.000000e+00
2840          	0.000000e+00
2841          	0.000000e+00
2842          	0.000000e+00
2843          	0.000000e+00
2844          	0.000000e+00
2845          	0.000000e+00
2846          	0.000000e+00
2847          	0.000000e+00
2848          	0.000000e+00
2849          	0.000000e+00
2850          	0.000000e+00
2851          	0.000000e+00
2852          	0.000000e+00
2853          	0.000000e+00
2854          	0.000000e+00
2855          	0.000000e+00
2856          	0.000000e+00
2857          	0.000000e+00
2858          	0.000000e+00
2859          	0.000000e+00
2860          	0.000000e+00
2861          	0.000000e+00
2862          	0.000000e+00
2863          	0.000000e+00
2864          	0.000000e+00
2865          	0.000000e+00
2866          	0.000000e+00
2867          	0.000000e+00
2868          	0.000000e+00
2869          	0.000000e+00
2870          	0.000000e+00
2871          	0.000000e+00
2872          	0.000000e+00
2873          	0.000000e+00
2874          	0.000000e+00
2875          	0.000000e+00
2876          	0.000000e+00
2877          	0.000000e+00
2878          	0.000000e+00
2879          	0.000000e+00
2880          	0.000000e+00
2881          	0.000000e+00
2882          	0.000000e+00
2883          	0.000000e+00
2884          	0.000000e+00
2885          	0.000000e+00
2886          	0.000000e+00
2887          	0.000000e+00
2888          	0.000000e+00
2889          	0.000000e+00
2890          	0.000000e+00
2891          	0.000000e+00
2892          	0.000000e+00
2893          	0.000000e+00
2894          	0.000000e+00
2895          	0.000000e+00
2896          	0.000000e+00
2897          	0.000000e+00
2898          	0.000000e+00
2899          	0.000000e+00
2900          	0.000000e+00
2901          	0.000000e+00
2902          	0.000000e+00
2903          	0.000000e+00
2904          	0.000000e+00
2905          	0.000000e+00
2906          	0.000000e+00
2907          	0.000000e+00
2908          	0.000000e+00
2909          	0.000000e+00
2910          	0.000000e+00
2911          	0.000000e+00
2912          	0.000000e+00
2913          	0.000000e+00
2914          	0.000000e+00
2915          	0.000000e+00
2916          	0.000000e+00
2917          	0.000000e+00
2918          	0.000000e+00
2919          	0.000000e+00
2920          	0.000000e+00
2921          	0.000000e+00
2922          	0.000000e+00
2923          	0.000000e+00
2924          	0.000000e+00
2925          	0.000000e+00
2926          	0.000000e+00
2927          	0.000000e+00
2928          	0.000000e+00
2929          	0.000000e+00
2930          	0.000000e+00
2931          	0.000000e+00
2932          	0.000000e+00
2933          	0.000000e+00
2934          	0.000000e+00
2935          	0.000000e+00
2936          	0.000000e+00
2937          	0.000000e+00
2938          	0.000000e+00
2939          	0.000000e+00
2940          	0.000000e+00
2941          	0.000000e+00
2942          	0.000000e+00
2943          	0.000000e+00
2944          	0.000000e+00
2945          	0.000000e+00
2946          	0.000000e+00
2947          	0.000000e+00
2948          	0.000000e+00
2949          	0.000000e+00
2950          	0.000000e+00
2951          	0.000000e+00
2952          	0.000000e+00
2953          	0.000000e+00
2954          	0.000000e+00
2955          	0.000000e+00
2956          	0.000000e+00
2957          	0.000000e+00
2958          	0.000000e+00
2959          	0.000000e+00
2960          	0.000000e+00
2961          	0.000000e+00
2962          	0.000000e+00
2963          	0.000000e+00
2964          	0.000000e+00
2965          	0.000000e+00
2966          	0.000000e+00
2967          	0.000000e+00
2968          	0.000000e+00
2969          	0.000000e+00
2970          	0.000000e+00
2971          	0.000000e+00
2972          	0.000000e+00
2973          	0.000000e+00
2974          	0.000000e+00
2975          	0.000000e+00
