# Region type : patch ent
# Faces  :    238
# Area   :    1.250000e-07
# Time        	areaAverage(p)
0             	0.000000e+00
1             	0.000000e+00
2             	0.000000e+00
3             	0.000000e+00
4             	-1.058487e-01
5             	-9.257209e-02
6             	-7.894314e-02
7             	-6.029602e-02
8             	-5.229947e-02
9             	-3.998622e-02
10            	-2.835551e-02
11            	-1.985457e-02
12            	-1.389820e-02
13            	-9.728741e-03
14            	-6.810119e-03
15            	-4.767083e-03
16            	-3.336958e-03
17            	-2.335871e-03
18            	-1.635110e-03
19            	-1.144577e-03
20            	-8.012037e-04
21            	-5.608426e-04
22            	-3.925898e-04
23            	-2.748129e-04
24            	-1.923690e-04
25            	-1.346583e-04
26            	-9.426081e-05
27            	-6.598257e-05
28            	-4.618780e-05
29            	-3.233146e-05
30            	-2.263202e-05
31            	-1.584241e-05
32            	-1.108969e-05
33            	-7.762783e-06
34            	-5.433948e-06
35            	-3.803764e-06
36            	-2.662635e-06
37            	-1.863844e-06
38            	-1.304691e-06
39            	-9.132837e-07
40            	-6.392986e-07
41            	-4.475090e-07
42            	-3.132563e-07
43            	-2.192794e-07
44            	-1.534956e-07
45            	-1.074469e-07
46            	-7.521284e-08
47            	-5.264899e-08
48            	-3.685429e-08
49            	-2.579800e-08
50            	-1.805860e-08
51            	-1.264102e-08
52            	-8.848715e-09
53            	-6.194100e-09
54            	-4.335870e-09
55            	-3.035109e-09
56            	-2.124576e-09
57            	-1.487204e-09
58            	-1.041042e-09
59            	-7.287297e-10
60            	-5.101108e-10
61            	-3.570776e-10
62            	-2.499543e-10
63            	-1.749680e-10
64            	-1.224776e-10
65            	-8.573432e-11
66            	-6.001403e-11
67            	-4.200982e-11
68            	-2.940687e-11
69            	-2.058481e-11
70            	-1.440937e-11
71            	-1.008656e-11
72            	-7.060590e-12
73            	-4.942413e-12
74            	-3.459689e-12
75            	-2.421782e-12
76            	-1.695248e-12
77            	-1.186673e-12
78            	-8.306714e-13
79            	-5.814700e-13
80            	-4.070290e-13
81            	-2.849203e-13
82            	-1.994442e-13
83            	-1.396109e-13
84            	-9.772766e-14
85            	-6.840936e-14
86            	-4.788655e-14
87            	-3.352059e-14
88            	-2.346441e-14
89            	-1.642509e-14
90            	-1.149756e-14
91            	-8.048293e-15
92            	-5.633805e-15
93            	-3.943663e-15
94            	-2.760564e-15
95            	-1.932395e-15
96            	-1.352677e-15
97            	-9.468736e-16
98            	-6.628115e-16
99            	-4.639681e-16
100           	-3.247776e-16
101           	-2.273444e-16
102           	-1.591410e-16
103           	-1.113987e-16
104           	-7.797911e-17
105           	-5.458538e-17
106           	-3.820977e-17
107           	-2.674684e-17
108           	-1.872278e-17
109           	-1.310595e-17
110           	-9.174165e-18
111           	-6.421915e-18
112           	-4.495341e-18
113           	-3.146738e-18
114           	-2.202717e-18
115           	-1.541902e-18
116           	-1.079331e-18
117           	-7.555319e-19
118           	-5.288723e-19
119           	-3.702106e-19
120           	-2.591474e-19
121           	-1.814032e-19
122           	-1.269822e-19
123           	-8.888757e-20
124           	-6.222130e-20
125           	-4.355491e-20
126           	-3.048844e-20
127           	-2.134191e-20
128           	-1.493933e-20
129           	-1.045753e-20
130           	-7.320274e-21
131           	-5.124192e-21
132           	-3.586934e-21
133           	-2.510854e-21
134           	-1.757598e-21
135           	-1.230318e-21
136           	-8.612229e-22
137           	-6.028560e-22
138           	-4.219992e-22
139           	-2.953995e-22
140           	-2.067796e-22
141           	-1.447457e-22
142           	-1.013220e-22
143           	-7.092541e-23
144           	-4.964779e-23
145           	-3.475345e-23
146           	-2.432742e-23
147           	-1.702919e-23
148           	-1.192043e-23
149           	-8.344303e-24
150           	-5.841012e-24
151           	-4.088709e-24
152           	-2.862096e-24
153           	-2.003467e-24
154           	-1.402427e-24
155           	-9.816990e-25
156           	-6.871893e-25
157           	-4.810325e-25
158           	-3.367227e-25
159           	-2.357059e-25
160           	-1.649941e-25
161           	-1.154959e-25
162           	-8.084713e-26
163           	-5.659299e-26
164           	-3.961509e-26
165           	-2.773057e-26
166           	-1.941140e-26
167           	-1.358798e-26
168           	-9.511584e-27
169           	-6.658109e-27
170           	-4.660676e-27
171           	-3.262473e-27
172           	-2.283731e-27
173           	-1.598612e-27
174           	-1.119028e-27
175           	-7.833198e-28
176           	-5.483239e-28
177           	-3.838267e-28
178           	-2.686787e-28
179           	-1.880751e-28
180           	-1.316526e-28
181           	-9.215680e-29
182           	-6.450976e-29
183           	-4.515683e-29
184           	-3.160978e-29
185           	-2.212685e-29
186           	-1.548879e-29
187           	-1.084215e-29
188           	-7.589508e-30
189           	-5.312656e-30
190           	-3.718859e-30
191           	-2.603201e-30
192           	-1.822241e-30
193           	-1.275569e-30
194           	-8.928981e-31
195           	-6.250287e-31
196           	-4.375201e-31
197           	-3.062640e-31
198           	-2.143848e-31
199           	-1.500694e-31
200           	-1.050486e-31
201           	-7.353400e-32
202           	-5.147380e-32
203           	-3.603166e-32
204           	-2.522216e-32
205           	-1.765551e-32
206           	-1.235886e-32
207           	-8.651201e-33
208           	-6.055841e-33
209           	-4.239089e-33
210           	-2.967362e-33
211           	-2.077153e-33
212           	-1.454007e-33
213           	-1.017805e-33
214           	-7.124636e-34
215           	-4.987245e-34
216           	-3.491072e-34
217           	-2.443750e-34
218           	-1.710625e-34
219           	-1.197438e-34
220           	-8.382063e-35
221           	-5.867444e-35
222           	-4.107211e-35
223           	-2.875048e-35
224           	-2.012533e-35
225           	-1.408773e-35
226           	-9.861413e-36
227           	-6.902989e-36
228           	-4.832093e-36
229           	-3.382465e-36
230           	-2.367725e-36
231           	-1.657408e-36
232           	-1.160185e-36
233           	-8.121298e-37
234           	-5.684909e-37
235           	-3.979436e-37
236           	-2.785605e-37
237           	-1.949924e-37
238           	-1.364947e-37
239           	-9.554626e-38
240           	-6.688238e-38
241           	-4.681767e-38
242           	-3.277237e-38
243           	-2.294066e-38
244           	-1.605846e-38
245           	-1.124092e-38
246           	-7.868645e-39
247           	-5.508052e-39
248           	-3.855636e-39
249           	-2.698945e-39
250           	-1.889262e-39
251           	-1.322483e-39
252           	-9.257383e-40
253           	-6.480168e-40
254           	-4.536117e-40
255           	-3.175282e-40
256           	-2.222698e-40
257           	-1.555888e-40
258           	-1.089122e-40
259           	-7.623853e-41
260           	-5.336697e-41
261           	-3.735688e-41
262           	-2.614981e-41
263           	-1.830487e-41
264           	-1.281341e-41
265           	-8.969386e-42
266           	-6.278570e-42
267           	-4.394999e-42
268           	-3.076500e-42
269           	-2.153550e-42
270           	-1.507485e-42
271           	-1.055239e-42
272           	-7.386675e-43
273           	-5.170673e-43
274           	-3.619471e-43
275           	-2.533630e-43
276           	-1.773541e-43
277           	-1.241479e-43
278           	-8.690350e-44
279           	-6.083245e-44
280           	-4.258271e-44
281           	-2.980790e-44
282           	-2.086553e-44
283           	-1.460587e-44
284           	-1.022411e-44
285           	-7.156877e-45
286           	-5.009814e-45
287           	-3.506870e-45
288           	-2.454809e-45
289           	-1.718366e-45
290           	-1.202856e-45
291           	-8.419994e-46
292           	-5.893996e-46
293           	-4.125797e-46
294           	-2.888058e-46
295           	-2.021641e-46
296           	-1.415148e-46
297           	-9.906038e-47
298           	-6.934227e-47
299           	-4.853959e-47
300           	-3.397771e-47
301           	-2.378440e-47
302           	-1.664908e-47
303           	-1.165436e-47
304           	-8.158049e-48
305           	-5.710634e-48
306           	-3.997444e-48
307           	-2.798211e-48
308           	-1.958747e-48
309           	-1.371123e-48
310           	-9.597863e-49
311           	-6.718504e-49
312           	-4.702953e-49
313           	-3.292067e-49
314           	-2.304447e-49
315           	-1.613113e-49
316           	-1.129179e-49
317           	-7.904253e-50
318           	-5.532977e-50
319           	-3.873084e-50
320           	-2.711159e-50
321           	-1.897811e-50
322           	-1.328468e-50
323           	-9.299274e-51
324           	-6.509492e-51
325           	-4.556644e-51
326           	-3.189651e-51
327           	-2.232756e-51
328           	-1.562929e-51
329           	-1.094050e-51
330           	-7.658352e-52
331           	-5.360846e-52
332           	-3.752593e-52
333           	-2.626815e-52
334           	-1.838770e-52
335           	-1.287139e-52
336           	-9.009975e-53
337           	-6.306982e-53
338           	-4.414888e-53
339           	-3.090421e-53
340           	-2.163295e-53
341           	-1.514306e-53
342           	-1.060015e-53
343           	-7.420102e-54
344           	-5.194071e-54
345           	-3.635850e-54
346           	-2.545095e-54
347           	-1.781566e-54
348           	-1.247096e-54
349           	-8.729675e-55
350           	-6.110773e-55
351           	-4.277541e-55
352           	-2.994279e-55
353           	-2.095995e-55
354           	-1.467197e-55
355           	-1.027038e-55
356           	-7.189263e-56
357           	-5.032484e-56
358           	-3.522739e-56
359           	-2.465917e-56
360           	-1.726142e-56
361           	-1.208299e-56
362           	-8.458096e-57
363           	-5.920667e-57
364           	-4.144467e-57
365           	-2.901127e-57
366           	-2.030789e-57
367           	-1.421552e-57
368           	-9.950865e-58
369           	-6.965606e-58
370           	-4.875924e-58
371           	-3.413147e-58
372           	-2.389203e-58
373           	-1.672442e-58
374           	-1.170709e-58
375           	-8.194966e-59
376           	-5.736476e-59
377           	-4.015533e-59
378           	-2.810873e-59
379           	-1.967611e-59
380           	-1.377328e-59
381           	-9.641295e-60
382           	-6.748907e-60
383           	-4.724235e-60
384           	-3.306964e-60
385           	-2.314875e-60
386           	-1.620412e-60
387           	-1.134289e-60
388           	-7.940021e-61
389           	-5.558015e-61
390           	-3.890610e-61
391           	-2.723427e-61
392           	-1.906399e-61
393           	-1.334479e-61
394           	-9.341355e-62
395           	-6.538949e-62
396           	-4.577264e-62
397           	-3.204085e-62
398           	-2.242859e-62
399           	-1.570002e-62
400           	-1.099001e-62
401           	-7.693008e-63
402           	-5.385105e-63
403           	-3.769574e-63
404           	-2.638702e-63
405           	-1.847091e-63
406           	-1.292964e-63
407           	-9.050747e-64
408           	-6.335523e-64
409           	-4.434866e-64
410           	-3.104406e-64
411           	-2.173084e-64
412           	-1.521159e-64
413           	-1.064811e-64
414           	-7.453679e-65
415           	-5.217575e-65
416           	-3.652303e-65
417           	-2.556612e-65
418           	-1.789628e-65
419           	-1.252740e-65
420           	-8.769179e-66
421           	-6.138425e-66
422           	-4.296898e-66
423           	-3.007828e-66
424           	-2.105480e-66
425           	-1.473836e-66
426           	-1.031685e-66
427           	-7.221796e-67
428           	-5.055257e-67
429           	-3.538680e-67
430           	-2.477076e-67
431           	-1.733953e-67
432           	-1.213767e-67
433           	-8.496371e-68
434           	-5.947459e-68
435           	-4.163222e-68
436           	-2.914255e-68
437           	-2.039979e-68
438           	-1.427985e-68
439           	-9.995895e-69
440           	-6.997127e-69
441           	-4.897989e-69
442           	-3.428592e-69
443           	-2.400014e-69
444           	-1.680010e-69
445           	-1.176007e-69
446           	-8.232049e-70
447           	-5.762435e-70
448           	-4.033704e-70
449           	-2.823593e-70
450           	-1.976515e-70
451           	-1.383561e-70
452           	-9.684924e-71
453           	-6.779447e-71
454           	-4.745613e-71
455           	-3.321929e-71
456           	-2.325350e-71
457           	-1.627745e-71
458           	-1.139422e-71
459           	-7.975951e-72
460           	-5.583166e-72
461           	-3.908216e-72
462           	-2.735751e-72
463           	-1.915026e-72
464           	-1.340518e-72
465           	-9.383627e-73
466           	-6.568539e-73
467           	-4.597977e-73
468           	-3.218584e-73
469           	-2.253009e-73
470           	-1.577106e-73
471           	-1.103974e-73
472           	-7.727820e-74
473           	-5.409474e-74
474           	-3.786632e-74
475           	-2.650642e-74
476           	-1.855450e-74
477           	-1.298815e-74
478           	-9.091703e-75
479           	-6.364192e-75
480           	-4.454935e-75
481           	-3.118454e-75
482           	-2.182918e-75
483           	-1.528043e-75
484           	-1.069630e-75
485           	-7.487409e-76
486           	-5.241186e-76
487           	-3.668830e-76
488           	-2.568181e-76
489           	-1.797727e-76
490           	-1.258409e-76
491           	-8.808861e-77
492           	-6.166203e-77
493           	-4.316342e-77
494           	-3.021439e-77
495           	-2.115008e-77
496           	-1.480505e-77
497           	-1.036354e-77
498           	-7.254476e-78
499           	-5.078133e-78
500           	-3.554693e-78
501           	-2.488285e-78
502           	-1.741800e-78
503           	-1.219260e-78
504           	-8.534819e-79
505           	-5.974373e-79
506           	-4.182061e-79
507           	-2.927443e-79
508           	-2.049210e-79
509           	-1.434447e-79
510           	-1.004113e-79
511           	-7.028790e-80
512           	-4.920153e-80
513           	-3.444107e-80
514           	-2.410875e-80
515           	-1.687612e-80
516           	-1.181329e-80
517           	-8.269301e-81
518           	-5.788511e-81
519           	-4.051958e-81
520           	-2.836370e-81
521           	-1.985459e-81
522           	-1.389821e-81
523           	-9.728750e-82
524           	-6.810125e-82
525           	-4.767088e-82
526           	-3.336961e-82
527           	-2.335873e-82
528           	-1.635111e-82
529           	-1.144578e-82
530           	-8.012044e-83
531           	-5.608431e-83
532           	-3.925902e-83
533           	-2.748131e-83
534           	-1.923692e-83
535           	-1.346584e-83
536           	-9.426090e-84
537           	-6.598263e-84
538           	-4.618784e-84
539           	-3.233149e-84
540           	-2.263204e-84
541           	-1.584243e-84
542           	-1.108970e-84
543           	-7.762790e-85
544           	-5.433953e-85
545           	-3.803767e-85
546           	-2.662637e-85
547           	-1.863846e-85
548           	-1.304692e-85
549           	-9.132845e-86
550           	-6.392992e-86
551           	-4.475094e-86
552           	-3.132566e-86
553           	-2.192796e-86
554           	-1.534957e-86
555           	-1.074470e-86
556           	-7.521291e-87
557           	-5.264903e-87
558           	-3.685432e-87
559           	-2.579803e-87
560           	-1.805862e-87
561           	-1.264103e-87
562           	-8.848723e-88
563           	-6.194106e-88
564           	-4.335874e-88
565           	-3.035112e-88
566           	-2.124578e-88
567           	-1.487205e-88
568           	-1.041043e-88
569           	-7.287304e-89
570           	-5.101113e-89
571           	-3.570779e-89
572           	-2.499545e-89
573           	-1.749682e-89
574           	-1.224777e-89
575           	-8.573440e-90
576           	-6.001408e-90
577           	-4.200986e-90
578           	-2.940690e-90
579           	-2.058483e-90
580           	-1.440938e-90
581           	-1.008657e-90
582           	-7.060597e-91
583           	-4.942418e-91
584           	-3.459692e-91
585           	-2.421785e-91
586           	-1.695249e-91
587           	-1.186675e-91
588           	-8.306722e-92
589           	-5.814705e-92
590           	-4.070294e-92
591           	-2.849206e-92
592           	-1.994444e-92
593           	-1.396111e-92
594           	-9.772775e-93
595           	-6.840942e-93
596           	-4.788660e-93
597           	-3.352062e-93
598           	-2.346443e-93
599           	-1.642510e-93
600           	-1.149757e-93
601           	-8.048300e-94
602           	-5.633810e-94
603           	-3.943667e-94
604           	-2.760567e-94
605           	-1.932397e-94
606           	-1.352678e-94
607           	-9.468745e-95
608           	-6.628121e-95
609           	-4.639685e-95
610           	-3.247779e-95
611           	-2.273446e-95
612           	-1.591412e-95
613           	-1.113988e-95
614           	-7.797919e-96
615           	-5.458543e-96
616           	-3.820980e-96
617           	-2.674686e-96
618           	-1.872280e-96
619           	-1.310596e-96
620           	-9.174173e-97
621           	-6.421921e-97
622           	-4.495345e-97
623           	-3.146741e-97
624           	-2.202719e-97
625           	-1.541903e-97
626           	-1.079332e-97
627           	-7.555326e-98
628           	-5.288728e-98
629           	-3.702110e-98
630           	-2.591477e-98
631           	-1.814034e-98
632           	-1.269824e-98
633           	-8.888766e-99
634           	-6.222136e-99
635           	-4.355495e-99
636           	-3.048847e-99
637           	-2.134193e-99
638           	-1.493935e-99
639           	-1.045754e-99
640           	-7.320281e-100
641           	-5.124196e-100
642           	-3.586938e-100
643           	-2.510856e-100
644           	-1.757599e-100
645           	-1.230320e-100
646           	-8.612237e-101
647           	-6.028566e-101
648           	-4.219996e-101
649           	-2.953997e-101
650           	-2.067798e-101
651           	-1.447459e-101
652           	-1.013221e-101
653           	-7.092548e-102
654           	-4.964783e-102
655           	-3.475348e-102
656           	-2.432744e-102
657           	-1.702921e-102
658           	-1.192044e-102
659           	-8.344311e-103
660           	-5.841018e-103
661           	-4.088713e-103
662           	-2.862099e-103
663           	-2.003469e-103
664           	-1.402428e-103
665           	-9.816999e-104
666           	-6.871899e-104
667           	-4.810329e-104
668           	-3.367231e-104
669           	-2.357061e-104
670           	-1.649943e-104
671           	-1.154960e-104
672           	-8.084721e-105
673           	-5.659304e-105
674           	-3.961513e-105
675           	-2.773059e-105
676           	-1.941141e-105
677           	-1.358799e-105
678           	-9.511593e-106
679           	-6.658115e-106
680           	-4.660681e-106
681           	-3.262476e-106
682           	-2.283733e-106
683           	-1.598613e-106
684           	-1.119029e-106
685           	-7.833206e-107
686           	-5.483244e-107
687           	-3.838271e-107
688           	-2.686790e-107
689           	-1.880753e-107
690           	-1.316527e-107
691           	-9.215688e-108
692           	-6.450982e-108
693           	-4.515687e-108
694           	-3.160981e-108
695           	-2.212687e-108
696           	-1.548881e-108
697           	-1.084217e-108
698           	-7.589516e-109
699           	-5.312661e-109
700           	-3.718863e-109
701           	-2.603204e-109
702           	-1.822243e-109
703           	-1.275570e-109
704           	-8.928989e-110
705           	-6.250292e-110
706           	-4.375205e-110
707           	-3.062643e-110
708           	-2.143850e-110
709           	-1.500695e-110
710           	-1.050487e-110
711           	-7.353407e-111
712           	-5.147385e-111
713           	-3.603169e-111
714           	-2.522218e-111
715           	-1.765553e-111
716           	-1.235887e-111
717           	-8.651209e-112
718           	-6.055846e-112
719           	-4.239093e-112
720           	-2.967365e-112
721           	-2.077155e-112
722           	-1.454009e-112
723           	-1.017806e-112
724           	-7.124643e-113
725           	-4.987250e-113
726           	-3.491075e-113
727           	-2.443752e-113
728           	-1.710627e-113
729           	-1.197439e-113
730           	-8.382071e-114
731           	-5.867450e-114
732           	-4.107215e-114
733           	-2.875050e-114
734           	-2.012535e-114
735           	-1.408775e-114
736           	-9.861423e-115
737           	-6.902996e-115
738           	-4.832097e-115
739           	-3.382468e-115
740           	-2.367728e-115
741           	-1.657409e-115
742           	-1.160187e-115
743           	-8.121306e-116
744           	-5.684914e-116
745           	-3.979440e-116
746           	-2.785608e-116
747           	-1.949925e-116
748           	-1.364948e-116
749           	-9.554635e-117
750           	-6.688244e-117
751           	-4.681771e-117
752           	-3.277240e-117
753           	-2.294068e-117
754           	-1.605847e-117
755           	-1.124093e-117
756           	-7.868653e-118
757           	-5.508057e-118
758           	-3.855640e-118
759           	-2.698948e-118
760           	-1.889264e-118
761           	-1.322484e-118
762           	-9.257391e-119
763           	-6.480174e-119
764           	-4.536122e-119
765           	-3.175285e-119
766           	-2.222700e-119
767           	-1.555890e-119
768           	-1.089123e-119
769           	-7.623860e-120
770           	-5.336702e-120
771           	-3.735691e-120
772           	-2.614984e-120
773           	-1.830489e-120
774           	-1.281342e-120
775           	-8.969395e-121
776           	-6.278576e-121
777           	-4.395003e-121
778           	-3.076502e-121
779           	-2.153552e-121
780           	-1.507486e-121
781           	-1.055240e-121
782           	-7.386682e-122
783           	-5.170678e-122
784           	-3.619474e-122
785           	-2.533632e-122
786           	-1.773542e-122
787           	-1.241480e-122
788           	-8.690358e-123
789           	-6.083250e-123
790           	-4.258275e-123
791           	-2.980793e-123
792           	-2.086555e-123
793           	-1.460588e-123
794           	-1.022412e-123
795           	-7.156883e-124
796           	-5.009818e-124
797           	-3.506873e-124
798           	-2.454811e-124
799           	-1.718368e-124
800           	-1.202857e-124
801           	-8.420002e-125
802           	-5.894001e-125
803           	-4.125801e-125
804           	-2.888061e-125
805           	-2.021642e-125
806           	-1.415150e-125
807           	-9.906048e-126
808           	-6.934233e-126
809           	-4.853963e-126
810           	-3.397774e-126
811           	-2.378442e-126
812           	-1.664909e-126
813           	-1.165437e-126
814           	-8.158056e-127
815           	-5.710639e-127
816           	-3.997448e-127
817           	-2.798213e-127
818           	-1.958749e-127
819           	-1.371125e-127
820           	-9.597872e-128
821           	-6.718510e-128
822           	-4.702957e-128
823           	-3.292070e-128
824           	-2.304449e-128
825           	-1.613114e-128
826           	-1.129180e-128
827           	-7.904260e-129
828           	-5.532982e-129
829           	-3.873087e-129
830           	-2.711161e-129
831           	-1.897813e-129
832           	-1.328469e-129
833           	-9.299283e-130
834           	-6.509498e-130
835           	-4.556649e-130
836           	-3.189654e-130
837           	-2.232758e-130
838           	-1.562930e-130
839           	-1.094051e-130
840           	-7.658359e-131
841           	-5.360852e-131
842           	-3.752596e-131
843           	-2.626817e-131
844           	-1.838772e-131
845           	-1.287140e-131
846           	-9.009983e-132
847           	-6.306988e-132
848           	-4.414892e-132
849           	-3.090424e-132
850           	-2.163297e-132
851           	-1.514308e-132
852           	-1.060016e-132
853           	-7.420109e-133
854           	-5.194076e-133
855           	-3.635853e-133
856           	-2.545097e-133
857           	-1.781568e-133
858           	-1.247098e-133
859           	-8.729683e-134
860           	-6.110778e-134
861           	-4.277545e-134
862           	-2.994281e-134
863           	-2.095997e-134
864           	-1.467198e-134
865           	-1.027039e-134
866           	-7.189270e-135
867           	-5.032489e-135
868           	-3.522742e-135
869           	-2.465920e-135
870           	-1.726144e-135
871           	-1.208301e-135
872           	-8.458104e-136
873           	-5.920673e-136
874           	-4.144471e-136
875           	-2.901130e-136
876           	-2.030791e-136
877           	-1.421554e-136
878           	-9.950875e-137
879           	-6.965612e-137
880           	-4.875929e-137
881           	-3.413150e-137
882           	-2.389205e-137
883           	-1.672444e-137
884           	-1.170710e-137
885           	-8.194973e-138
886           	-5.736481e-138
887           	-4.015537e-138
888           	-2.810876e-138
889           	-1.967613e-138
890           	-1.377329e-138
891           	-9.641304e-139
892           	-6.748913e-139
893           	-4.724239e-139
894           	-3.306967e-139
895           	-2.314877e-139
896           	-1.620414e-139
897           	-1.134290e-139
898           	-7.940028e-140
899           	-5.558020e-140
900           	-3.890614e-140
901           	-2.723430e-140
902           	-1.906401e-140
903           	-1.334481e-140
904           	-9.341364e-141
905           	-6.538955e-141
906           	-4.577268e-141
907           	-3.204088e-141
908           	-2.242862e-141
909           	-1.570003e-141
910           	-1.099002e-141
911           	-7.693015e-142
912           	-5.385110e-142
913           	-3.769577e-142
914           	-2.638704e-142
915           	-1.847093e-142
916           	-1.292965e-142
917           	-9.050755e-143
918           	-6.335529e-143
919           	-4.434870e-143
920           	-3.104409e-143
921           	-2.173086e-143
922           	-1.521160e-143
923           	-1.064812e-143
924           	-7.453686e-144
925           	-5.217580e-144
926           	-3.652306e-144
927           	-2.556614e-144
928           	-1.789630e-144
929           	-1.252741e-144
930           	-8.769187e-145
931           	-6.138431e-145
932           	-4.296902e-145
933           	-3.007831e-145
934           	-2.105482e-145
935           	-1.473837e-145
936           	-1.031686e-145
937           	-7.221803e-146
938           	-5.055262e-146
939           	-3.538683e-146
940           	-2.477078e-146
941           	-1.733955e-146
942           	-1.213768e-146
943           	-8.496379e-147
944           	-5.947465e-147
945           	-4.163226e-147
946           	-2.914258e-147
947           	-2.039981e-147
948           	-1.427986e-147
949           	-9.995905e-148
950           	-6.997133e-148
951           	-4.897993e-148
952           	-3.428595e-148
953           	-2.400017e-148
954           	-1.680012e-148
955           	-1.176008e-148
956           	-8.232057e-149
957           	-5.762440e-149
958           	-4.033708e-149
959           	-2.823596e-149
960           	-1.976517e-149
961           	-1.383562e-149
962           	-9.684933e-150
963           	-6.779453e-150
964           	-4.745617e-150
965           	-3.321932e-150
966           	-2.325352e-150
967           	-1.627747e-150
968           	-1.139423e-150
969           	-7.975959e-151
970           	-5.583171e-151
971           	-3.908220e-151
972           	-2.735754e-151
973           	-1.915028e-151
974           	-1.340519e-151
975           	-9.383636e-152
976           	-6.568545e-152
977           	-4.597982e-152
978           	-3.218587e-152
979           	-2.253011e-152
980           	-1.577108e-152
981           	-1.103975e-152
982           	-7.727828e-153
983           	-5.409479e-153
984           	-3.786635e-153
985           	-2.650645e-153
986           	-1.855451e-153
987           	-1.298816e-153
988           	-9.091712e-154
989           	-6.364198e-154
990           	-4.454939e-154
991           	-3.118457e-154
992           	-2.182920e-154
993           	-1.528044e-154
994           	-1.069631e-154
995           	-7.487416e-155
996           	-5.241191e-155
997           	-3.668834e-155
998           	-2.568184e-155
999           	-1.797728e-155
1000          	-1.258410e-155
1001          	-8.808870e-156
1002          	-6.166209e-156
1003          	-4.316346e-156
1004          	-3.021442e-156
1005          	-2.115010e-156
1006          	-1.480507e-156
1007          	-1.036355e-156
1008          	-7.254483e-157
1009          	-5.078138e-157
1010          	-3.554697e-157
1011          	-2.488288e-157
1012          	-1.741801e-157
1013          	-1.219261e-157
1014          	-8.534827e-158
1015          	-5.974379e-158
1016          	-4.182065e-158
1017          	-2.927446e-158
1018          	-2.049212e-158
1019          	-1.434448e-158
1020          	-1.004114e-158
1021          	-7.028797e-159
1022          	-4.920158e-159
1023          	-3.444110e-159
1024          	-2.410877e-159
1025          	-1.687614e-159
1026          	-1.181330e-159
1027          	-8.269309e-160
1028          	-5.788516e-160
1029          	-4.051961e-160
1030          	-2.836373e-160
1031          	-1.985461e-160
1032          	-1.389823e-160
1033          	-9.728759e-161
1034          	-6.810132e-161
1035          	-4.767092e-161
1036          	-3.336964e-161
1037          	-2.335875e-161
1038          	-1.635113e-161
1039          	-1.144579e-161
1040          	-8.012052e-162
1041          	-5.608436e-162
1042          	-3.925905e-162
1043          	-2.748134e-162
1044          	-1.923694e-162
1045          	-1.346586e-162
1046          	-9.426099e-163
1047          	-6.598269e-163
1048          	-4.618788e-163
1049          	-3.233152e-163
1050          	-2.263206e-163
1051          	-1.584244e-163
1052          	-1.108971e-163
1053          	-7.762798e-164
1054          	-5.433958e-164
1055          	-3.803771e-164
1056          	-2.662640e-164
1057          	-1.863848e-164
1058          	-1.304693e-164
1059          	-9.132854e-165
1060          	-6.392998e-165
1061          	-4.475098e-165
1062          	-3.132569e-165
1063          	-2.192798e-165
1064          	-1.534959e-165
1065          	-1.074471e-165
1066          	-7.521298e-166
1067          	-5.264908e-166
1068          	-3.685436e-166
1069          	-2.579805e-166
1070          	-1.805864e-166
1071          	-1.264105e-166
1072          	-8.848732e-167
1073          	-6.194112e-167
1074          	-4.335878e-167
1075          	-3.035115e-167
1076          	-2.124580e-167
1077          	-1.487206e-167
1078          	-1.041044e-167
1079          	-7.287311e-168
1080          	-5.101118e-168
1081          	-3.570782e-168
1082          	-2.499548e-168
1083          	-1.749683e-168
1084          	-1.224778e-168
1085          	-8.573448e-169
1086          	-6.001414e-169
1087          	-4.200990e-169
1088          	-2.940693e-169
1089          	-2.058485e-169
1090          	-1.440939e-169
1091          	-1.008658e-169
1092          	-7.060603e-170
1093          	-4.942422e-170
1094          	-3.459696e-170
1095          	-2.421787e-170
1096          	-1.695251e-170
1097          	-1.186676e-170
1098          	-8.306729e-171
1099          	-5.814711e-171
1100          	-4.070297e-171
1101          	-2.849208e-171
1102          	-1.994446e-171
1103          	-1.396112e-171
1104          	-9.772784e-172
1105          	-6.840949e-172
1106          	-4.788664e-172
1107          	-3.352065e-172
1108          	-2.346445e-172
1109          	-1.642512e-172
1110          	-1.149758e-172
1111          	-8.048308e-173
1112          	-5.633816e-173
1113          	-3.943671e-173
1114          	-2.760570e-173
1115          	-1.932399e-173
1116          	-1.352679e-173
1117          	-9.468754e-174
1118          	-6.628128e-174
1119          	-4.639689e-174
1120          	-3.247783e-174
1121          	-2.273448e-174
1122          	-1.591413e-174
1123          	-1.113989e-174
1124          	-7.797926e-175
1125          	-5.458548e-175
1126          	-3.820984e-175
1127          	-2.674689e-175
1128          	-1.872282e-175
1129          	-1.310597e-175
1130          	-9.174182e-176
1131          	-6.421927e-176
1132          	-4.495349e-176
1133          	-3.146744e-176
1134          	-2.202721e-176
1135          	-1.541905e-176
1136          	-1.079333e-176
1137          	-7.555333e-177
1138          	-5.288733e-177
1139          	-3.702113e-177
1140          	-2.591479e-177
1141          	-1.814036e-177
1142          	-1.269825e-177
1143          	-8.888774e-178
1144          	-6.222142e-178
1145          	-4.355499e-178
1146          	-3.048849e-178
1147          	-2.134195e-178
1148          	-1.493936e-178
1149          	-1.045755e-178
1150          	-7.320288e-179
1151          	-5.124201e-179
1152          	-3.586941e-179
1153          	-2.510859e-179
1154          	-1.757601e-179
1155          	-1.230321e-179
1156          	-8.612245e-180
1157          	-6.028572e-180
1158          	-4.220000e-180
1159          	-2.954000e-180
1160          	-2.067800e-180
1161          	-1.447460e-180
1162          	-1.013222e-180
1163          	-7.092554e-181
1164          	-4.964788e-181
1165          	-3.475352e-181
1166          	-2.432746e-181
1167          	-1.702922e-181
1168          	-1.192046e-181
1169          	-8.344319e-182
1170          	-5.841023e-182
1171          	-4.088716e-182
1172          	-2.862101e-182
1173          	-2.003471e-182
1174          	-1.402430e-182
1175          	-9.817008e-183
1176          	-6.871906e-183
1177          	-4.810334e-183
1178          	-3.367234e-183
1179          	-2.357064e-183
1180          	-1.649945e-183
1181          	-1.154961e-183
1182          	-8.084728e-184
1183          	-5.659310e-184
1184          	-3.961517e-184
1185          	-2.773062e-184
1186          	-1.941143e-184
1187          	-1.358800e-184
1188          	-9.511602e-185
1189          	-6.658121e-185
1190          	-4.660685e-185
1191          	-3.262479e-185
1192          	-2.283736e-185
1193          	-1.598615e-185
1194          	-1.119030e-185
1195          	-7.833213e-186
1196          	-5.483249e-186
1197          	-3.838274e-186
1198          	-2.686792e-186
1199          	-1.880754e-186
1200          	-1.316528e-186
1201          	-9.215697e-187
1202          	-6.450988e-187
1203          	-4.515691e-187
1204          	-3.160984e-187
1205          	-2.212689e-187
1206          	-1.548882e-187
1207          	-1.084218e-187
1208          	-7.589523e-188
1209          	-5.312666e-188
1210          	-3.718866e-188
1211          	-2.603206e-188
1212          	-1.822244e-188
1213          	-1.275571e-188
1214          	-8.928998e-189
1215          	-6.250298e-189
1216          	-4.375209e-189
1217          	-3.062646e-189
1218          	-2.143852e-189
1219          	-1.500697e-189
1220          	-1.050488e-189
1221          	-7.353413e-190
1222          	-5.147389e-190
1223          	-3.603173e-190
1224          	-2.522221e-190
1225          	-1.765555e-190
1226          	-1.235888e-190
1227          	-8.651217e-191
1228          	-6.055852e-191
1229          	-4.239097e-191
1230          	-2.967368e-191
1231          	-2.077157e-191
1232          	-1.454010e-191
1233          	-1.017807e-191
1234          	-7.124649e-192
1235          	-4.987255e-192
1236          	-3.491078e-192
1237          	-2.443755e-192
1238          	-1.710628e-192
1239          	-1.197440e-192
1240          	-8.382079e-193
1241          	-5.867455e-193
1242          	-4.107219e-193
1243          	-2.875053e-193
1244          	-2.012537e-193
1245          	-1.408776e-193
1246          	-9.861432e-194
1247          	-6.903002e-194
1248          	-4.832102e-194
1249          	-3.382471e-194
1250          	-2.367730e-194
1251          	-1.657411e-194
1252          	-1.160188e-194
1253          	-8.121313e-195
1254          	-5.684919e-195
1255          	-3.979444e-195
1256          	-2.785610e-195
1257          	-1.949927e-195
1258          	-1.364949e-195
1259          	-9.554644e-196
1260          	-6.688251e-196
1261          	-4.681775e-196
1262          	-3.277243e-196
1263          	-2.294070e-196
1264          	-1.605849e-196
1265          	-1.124094e-196
1266          	-7.868660e-197
1267          	-5.508062e-197
1268          	-3.855643e-197
1269          	-2.698950e-197
1270          	-1.889265e-197
1271          	-1.322486e-197
1272          	-9.257400e-198
1273          	-6.480180e-198
1274          	-4.536126e-198
1275          	-3.175288e-198
1276          	-2.222702e-198
1277          	-1.555891e-198
1278          	-1.089124e-198
1279          	-7.623867e-199
1280          	-5.336707e-199
1281          	-3.735695e-199
1282          	-2.614986e-199
1283          	-1.830490e-199
1284          	-1.281343e-199
1285          	-8.969403e-200
1286          	-6.278582e-200
1287          	-4.395008e-200
1288          	-3.076505e-200
1289          	-2.153554e-200
1290          	-1.507488e-200
1291          	-1.055241e-200
1292          	-7.386689e-201
1293          	-5.170682e-201
1294          	-3.619478e-201
1295          	-2.533634e-201
1296          	-1.773544e-201
1297          	-1.241481e-201
1298          	-8.690366e-202
1299          	-6.083256e-202
1300          	-4.258279e-202
1301          	-2.980796e-202
1302          	-2.086557e-202
1303          	-1.460590e-202
1304          	-1.022413e-202
1305          	-7.156890e-203
1306          	-5.009823e-203
1307          	-3.506876e-203
1308          	-2.454813e-203
1309          	-1.718369e-203
1310          	-1.202859e-203
1311          	-8.420010e-204
1312          	-5.894007e-204
1313          	-4.125805e-204
1314          	-2.888063e-204
1315          	-2.021644e-204
1316          	-1.415151e-204
1317          	-9.906057e-205
1318          	-6.934240e-205
1319          	-4.853968e-205
1320          	-3.397778e-205
1321          	-2.378444e-205
1322          	-1.664911e-205
1323          	-1.165438e-205
1324          	-8.158064e-206
1325          	-5.710645e-206
1326          	-3.997451e-206
1327          	-2.798216e-206
1328          	-1.958751e-206
1329          	-1.371126e-206
1330          	-9.597881e-207
1331          	-6.718516e-207
1332          	-4.702962e-207
1333          	-3.292073e-207
1334          	-2.304451e-207
1335          	-1.613116e-207
1336          	-1.129181e-207
1337          	-7.904267e-208
1338          	-5.532987e-208
1339          	-3.873091e-208
1340          	-2.711164e-208
1341          	-1.897815e-208
1342          	-1.328470e-208
1343          	-9.299292e-209
1344          	-6.509504e-209
1345          	-4.556653e-209
1346          	-3.189657e-209
1347          	-2.232760e-209
1348          	-1.562932e-209
1349          	-1.094052e-209
1350          	-7.658366e-210
1351          	-5.360857e-210
1352          	-3.752600e-210
1353          	-2.626820e-210
1354          	-1.838774e-210
1355          	-1.287142e-210
1356          	-9.009992e-211
1357          	-6.306994e-211
1358          	-4.414896e-211
1359          	-3.090427e-211
1360          	-2.163299e-211
1361          	-1.514309e-211
1362          	-1.060016e-211
1363          	-7.420115e-212
1364          	-5.194081e-212
1365          	-3.635857e-212
1366          	-2.545100e-212
1367          	-1.781570e-212
1368          	-1.247099e-212
1369          	-8.729692e-213
1370          	-6.110784e-213
1371          	-4.277549e-213
1372          	-2.994284e-213
1373          	-2.095999e-213
1374          	-1.467199e-213
1375          	-1.027039e-213
1376          	-7.189276e-214
1377          	-5.032494e-214
1378          	-3.522745e-214
1379          	-2.465922e-214
1380          	-1.726145e-214
1381          	-1.208302e-214
1382          	-8.458112e-215
1383          	-5.920678e-215
1384          	-4.144475e-215
1385          	-2.901132e-215
1386          	-2.030793e-215
1387          	-1.421555e-215
1388          	-9.950884e-216
1389          	-6.965619e-216
1390          	-4.875933e-216
1391          	-3.413153e-216
1392          	-2.389207e-216
1393          	-1.672445e-216
1394          	-1.170712e-216
1395          	-8.194981e-217
1396          	-5.736487e-217
1397          	-4.015541e-217
1398          	-2.810878e-217
1399          	-1.967615e-217
1400          	-1.377330e-217
1401          	-9.641313e-218
1402          	-6.748919e-218
1403          	-4.724243e-218
1404          	-3.306970e-218
1405          	-2.314879e-218
1406          	-1.620415e-218
1407          	-1.134291e-218
1408          	-7.940036e-219
1409          	-5.558025e-219
1410          	-3.890618e-219
1411          	-2.723432e-219
1412          	-1.906403e-219
1413          	-1.334482e-219
1414          	-9.341373e-220
1415          	-6.538961e-220
1416          	-4.577273e-220
1417          	-3.204091e-220
1418          	-2.242864e-220
1419          	-1.570005e-220
1420          	-1.099003e-220
1421          	-7.693022e-221
1422          	-5.385116e-221
1423          	-3.769581e-221
1424          	-2.638707e-221
1425          	-1.847095e-221
1426          	-1.292966e-221
1427          	-9.050764e-222
1428          	-6.335535e-222
1429          	-4.434874e-222
1430          	-3.104412e-222
1431          	-2.173088e-222
1432          	-1.521162e-222
1433          	-1.064813e-222
1434          	-7.453693e-223
1435          	-5.217585e-223
1436          	-3.652310e-223
1437          	-2.556617e-223
1438          	-1.789632e-223
1439          	-1.252742e-223
1440          	-8.769195e-224
1441          	-6.138437e-224
1442          	-4.296906e-224
1443          	-3.007834e-224
1444          	-2.105484e-224
1445          	-1.473839e-224
1446          	-1.031687e-224
1447          	-7.221809e-225
1448          	-5.055267e-225
1449          	-3.538687e-225
1450          	-2.477081e-225
1451          	-1.733956e-225
1452          	-1.213770e-225
1453          	-8.496387e-226
1454          	-5.947471e-226
1455          	-4.163229e-226
1456          	-2.914261e-226
1457          	-2.039982e-226
1458          	-1.427988e-226
1459          	-9.995914e-227
1460          	-6.997140e-227
1461          	-4.897998e-227
1462          	-3.428598e-227
1463          	-2.400019e-227
1464          	-1.680013e-227
1465          	-1.176009e-227
1466          	-8.232065e-228
1467          	-5.762445e-228
1468          	-4.033712e-228
1469          	-2.823598e-228
1470          	-1.976519e-228
1471          	-1.383563e-228
1472          	-9.684942e-229
1473          	-6.779459e-229
1474          	-4.745622e-229
1475          	-3.321935e-229
1476          	-2.325355e-229
1477          	-1.627748e-229
1478          	-1.139424e-229
1479          	-7.975966e-230
1480          	-5.583176e-230
1481          	-3.908223e-230
1482          	-2.735756e-230
1483          	-1.915029e-230
1484          	-1.340521e-230
1485          	-9.383645e-231
1486          	-6.568551e-231
1487          	-4.597986e-231
1488          	-3.218590e-231
1489          	-2.253013e-231
1490          	-1.577109e-231
1491          	-1.103976e-231
1492          	-7.727835e-232
1493          	-5.409484e-232
1494          	-3.786639e-232
1495          	-2.650647e-232
1496          	-1.855453e-232
1497          	-1.298817e-232
1498          	-9.091720e-233
1499          	-6.364204e-233
1500          	-4.454943e-233
1501          	-3.118460e-233
1502          	-2.182922e-233
1503          	-1.528045e-233
1504          	-1.069632e-233
1505          	-7.487423e-234
1506          	-5.241196e-234
1507          	-3.668837e-234
1508          	-2.568186e-234
1509          	-1.797730e-234
1510          	-1.258411e-234
1511          	-8.808878e-235
1512          	-6.166214e-235
1513          	-4.316350e-235
1514          	-3.021445e-235
1515          	-2.115012e-235
1516          	-1.480508e-235
1517          	-1.036356e-235
1518          	-7.254490e-236
1519          	-5.078143e-236
1520          	-3.554700e-236
1521          	-2.488290e-236
1522          	-1.741803e-236
1523          	-1.219262e-236
1524          	-8.534835e-237
1525          	-5.974384e-237
1526          	-4.182069e-237
1527          	-2.927448e-237
1528          	-2.049214e-237
1529          	-1.434450e-237
1530          	-1.004115e-237
1531          	-7.028803e-238
1532          	-4.920162e-238
1533          	-3.444114e-238
1534          	-2.410880e-238
1535          	-1.687616e-238
1536          	-1.181331e-238
1537          	-8.269317e-239
1538          	-5.788522e-239
1539          	-4.051965e-239
1540          	-2.836376e-239
1541          	-1.985463e-239
1542          	-1.389824e-239
1543          	-9.728768e-240
1544          	-6.810138e-240
1545          	-4.767097e-240
1546          	-3.336968e-240
1547          	-2.335877e-240
1548          	-1.635114e-240
1549          	-1.144580e-240
1550          	-8.012059e-241
1551          	-5.608441e-241
1552          	-3.925909e-241
1553          	-2.748136e-241
1554          	-1.923695e-241
1555          	-1.346587e-241
1556          	-9.426107e-242
1557          	-6.598275e-242
1558          	-4.618793e-242
1559          	-3.233155e-242
1560          	-2.263208e-242
1561          	-1.584246e-242
1562          	-1.108972e-242
1563          	-7.762805e-243
1564          	-5.433963e-243
1565          	-3.803774e-243
1566          	-2.662642e-243
1567          	-1.863849e-243
1568          	-1.304695e-243
1569          	-9.132862e-244
1570          	-6.393004e-244
1571          	-4.475103e-244
1572          	-3.132572e-244
1573          	-2.192800e-244
1574          	-1.534960e-244
1575          	-1.074472e-244
1576          	-7.521305e-245
1577          	-5.264913e-245
1578          	-3.685439e-245
1579          	-2.579808e-245
1580          	-1.805865e-245
1581          	-1.264106e-245
1582          	-8.848740e-246
1583          	-6.194118e-246
1584          	-4.335883e-246
1585          	-3.035118e-246
1586          	-2.124582e-246
1587          	-1.487208e-246
1588          	-1.041045e-246
1589          	-7.287318e-247
1590          	-5.101122e-247
1591          	-3.570786e-247
1592          	-2.499550e-247
1593          	-1.749685e-247
1594          	-1.224780e-247
1595          	-8.573457e-248
1596          	-6.001420e-248
1597          	-4.200994e-248
1598          	-2.940696e-248
1599          	-2.058487e-248
1600          	-1.440941e-248
1601          	-1.008659e-248
1602          	-7.060610e-249
1603          	-4.942427e-249
1604          	-3.459699e-249
1605          	-2.421789e-249
1606          	-1.695252e-249
1607          	-1.186677e-249
1608          	-8.306737e-250
1609          	-5.814716e-250
1610          	-4.070301e-250
1611          	-2.849211e-250
1612          	-1.994448e-250
1613          	-1.396113e-250
1614          	-9.772793e-251
1615          	-6.840955e-251
1616          	-4.788669e-251
1617          	-3.352068e-251
1618          	-2.346448e-251
1619          	-1.642513e-251
1620          	-1.149759e-251
1621          	-8.048315e-252
1622          	-5.633821e-252
1623          	-3.943675e-252
1624          	-2.760572e-252
1625          	-1.932401e-252
1626          	-1.352680e-252
1627          	-9.468763e-253
1628          	-6.628134e-253
1629          	-4.639694e-253
1630          	-3.247786e-253
1631          	-2.273450e-253
1632          	-1.591415e-253
1633          	-1.113990e-253
1634          	-7.797933e-254
1635          	-5.458553e-254
1636          	-3.820987e-254
1637          	-2.674691e-254
1638          	-1.872284e-254
1639          	-1.310599e-254
1640          	-9.174190e-255
1641          	-6.421933e-255
1642          	-4.495353e-255
1643          	-3.146747e-255
1644          	-2.202723e-255
1645          	-1.541906e-255
1646          	-1.079334e-255
1647          	-7.555340e-256
1648          	-5.288738e-256
1649          	-3.702117e-256
1650          	-2.591482e-256
1651          	-1.814037e-256
1652          	-1.269826e-256
1653          	-8.888782e-257
1654          	-6.222148e-257
1655          	-4.355503e-257
1656          	-3.048852e-257
1657          	-2.134197e-257
1658          	-1.493938e-257
1659          	-1.045756e-257
1660          	-7.320294e-258
1661          	-5.124206e-258
1662          	-3.586944e-258
1663          	-2.510861e-258
1664          	-1.757603e-258
1665          	-1.230322e-258
1666          	-8.612253e-259
1667          	-6.028577e-259
1668          	-4.220004e-259
1669          	-2.954003e-259
1670          	-2.067802e-259
1671          	-1.447461e-259
1672          	-1.013223e-259
1673          	-7.092561e-260
1674          	-4.964793e-260
1675          	-3.475355e-260
1676          	-2.432748e-260
1677          	-1.702924e-260
1678          	-1.192047e-260
1679          	-8.344327e-261
1680          	-5.841029e-261
1681          	-4.088720e-261
1682          	-2.862104e-261
1683          	-2.003473e-261
1684          	-1.402431e-261
1685          	-9.817017e-262
1686          	-6.871912e-262
1687          	-4.810338e-262
1688          	-3.367237e-262
1689          	-2.357066e-262
1690          	-1.649946e-262
1691          	-1.154962e-262
1692          	-8.084736e-263
1693          	-5.659315e-263
1694          	-3.961521e-263
1695          	-2.773064e-263
1696          	-1.941145e-263
1697          	-1.358802e-263
1698          	-9.511611e-264
1699          	-6.658128e-264
1700          	-4.660689e-264
1701          	-3.262482e-264
1702          	-2.283738e-264
1703          	-1.598616e-264
1704          	-1.119031e-264
1705          	-7.833220e-265
1706          	-5.483254e-265
1707          	-3.838278e-265
1708          	-2.686795e-265
1709          	-1.880756e-265
1710          	-1.316529e-265
1711          	-9.215706e-266
1712          	-6.450994e-266
1713          	-4.515696e-266
1714          	-3.160987e-266
1715          	-2.212691e-266
1716          	-1.548884e-266
1717          	-1.084219e-266
1718          	-7.589530e-267
1719          	-5.312671e-267
1720          	-3.718870e-267
1721          	-2.603209e-267
1722          	-1.822246e-267
1723          	-1.275572e-267
1724          	-8.929006e-268
1725          	-6.250304e-268
1726          	-4.375213e-268
1727          	-3.062649e-268
1728          	-2.143854e-268
1729          	-1.500698e-268
1730          	-1.050489e-268
1731          	-7.353420e-269
1732          	-5.147394e-269
1733          	-3.603176e-269
1734          	-2.522223e-269
1735          	-1.765556e-269
1736          	-1.235889e-269
1737          	-8.651225e-270
1738          	-6.055858e-270
1739          	-4.239100e-270
1740          	-2.967370e-270
1741          	-2.077159e-270
1742          	-1.454011e-270
1743          	-1.017808e-270
1744          	-7.124656e-271
1745          	-4.987259e-271
1746          	-3.491082e-271
1747          	-2.443757e-271
1748          	-1.710630e-271
1749          	-1.197441e-271
1750          	-8.382087e-272
1751          	-5.867461e-272
1752          	-4.107223e-272
1753          	-2.875056e-272
1754          	-2.012539e-272
1755          	-1.408777e-272
1756          	-9.861441e-273
1757          	-6.903009e-273
1758          	-4.832106e-273
1759          	-3.382474e-273
1760          	-2.367732e-273
1761          	-1.657412e-273
1762          	-1.160189e-273
1763          	-8.121321e-274
1764          	-5.684925e-274
1765          	-3.979447e-274
1766          	-2.785613e-274
1767          	-1.949929e-274
1768          	-1.364950e-274
1769          	-9.554653e-275
1770          	-6.688257e-275
1771          	-4.681780e-275
1772          	-3.277246e-275
1773          	-2.294072e-275
1774          	-1.605851e-275
1775          	-1.124095e-275
1776          	-7.868667e-276
1777          	-5.508067e-276
1778          	-3.855647e-276
1779          	-2.698953e-276
1780          	-1.889267e-276
1781          	-1.322487e-276
1782          	-9.257409e-277
1783          	-6.480186e-277
1784          	-4.536130e-277
1785          	-3.175291e-277
1786          	-2.222704e-277
1787          	-1.555893e-277
1788          	-1.089125e-277
1789          	-7.623874e-278
1790          	-5.336712e-278
1791          	-3.735698e-278
1792          	-2.614989e-278
1793          	-1.830492e-278
1794          	-1.281345e-278
1795          	-8.969412e-279
1796          	-6.278588e-279
1797          	-4.395012e-279
1798          	-3.076508e-279
1799          	-2.153556e-279
1800          	-1.507489e-279
1801          	-1.055242e-279
1802          	-7.386696e-280
1803          	-5.170687e-280
1804          	-3.619481e-280
1805          	-2.533637e-280
1806          	-1.773546e-280
1807          	-1.241482e-280
1808          	-8.690374e-281
1809          	-6.083262e-281
1810          	-4.258283e-281
1811          	-2.980798e-281
1812          	-2.086559e-281
1813          	-1.460591e-281
1814          	-1.022414e-281
1815          	-7.156897e-282
1816          	-5.009828e-282
1817          	-3.506879e-282
1818          	-2.454816e-282
1819          	-1.718371e-282
1820          	-1.202860e-282
1821          	-8.420017e-283
1822          	-5.894012e-283
1823          	-4.125809e-283
1824          	-2.888066e-283
1825          	-2.021646e-283
1826          	-1.415152e-283
1827          	-9.906066e-284
1828          	-6.934246e-284
1829          	-4.853973e-284
1830          	-3.397781e-284
1831          	-2.378447e-284
1832          	-1.664913e-284
1833          	-1.165439e-284
1834          	-8.158072e-285
1835          	-5.710650e-285
1836          	-3.997455e-285
1837          	-2.798219e-285
1838          	-1.958753e-285
1839          	-1.371127e-285
1840          	-9.597890e-286
1841          	-6.718523e-286
1842          	-4.702966e-286
1843          	-3.292076e-286
1844          	-2.304453e-286
1845          	-1.613117e-286
1846          	-1.129182e-286
1847          	-7.904275e-287
1848          	-5.532992e-287
1849          	-3.873095e-287
1850          	-2.711166e-287
1851          	-1.897816e-287
1852          	-1.328471e-287
1853          	-9.299300e-288
1854          	-6.509510e-288
1855          	-4.556657e-288
1856          	-3.189660e-288
1857          	-2.232762e-288
1858          	-1.562933e-288
1859          	-1.094053e-288
1860          	-7.658374e-289
1861          	-5.360862e-289
1862          	-3.752603e-289
1863          	-2.626822e-289
1864          	-1.838776e-289
1865          	-1.287143e-289
1866          	-9.010000e-290
1867          	-6.307000e-290
1868          	-4.414900e-290
1869          	-3.090430e-290
1870          	-2.163301e-290
1871          	-1.514311e-290
1872          	-1.060017e-290
1873          	-7.420122e-291
1874          	-5.194086e-291
1875          	-3.635860e-291
1876          	-2.545102e-291
1877          	-1.781571e-291
1878          	-1.247100e-291
1879          	-8.729700e-292
1880          	-6.110790e-292
1881          	-4.277553e-292
1882          	-2.994287e-292
1883          	-2.096001e-292
1884          	-1.467201e-292
1885          	-1.027040e-292
1886          	-7.189283e-293
1887          	-5.032498e-293
1888          	-3.522749e-293
1889          	-2.465924e-293
1890          	-1.726147e-293
1891          	-1.208303e-293
1892          	-8.458120e-294
1893          	-5.920684e-294
1894          	-4.144479e-294
1895          	-2.901135e-294
1896          	-2.030795e-294
1897          	-1.421556e-294
1898          	-9.950893e-295
1899          	-6.965625e-295
1900          	-4.875938e-295
1901          	-3.413156e-295
1902          	-2.389210e-295
1903          	-1.672447e-295
1904          	-1.170713e-295
1905          	-8.194989e-296
1906          	-5.736492e-296
1907          	-4.015544e-296
1908          	-2.810881e-296
1909          	-1.967617e-296
1910          	-1.377332e-296
1911          	-9.641322e-297
1912          	-6.748925e-297
1913          	-4.724248e-297
1914          	-3.306973e-297
1915          	-2.314881e-297
1916          	-1.620417e-297
1917          	-1.134292e-297
1918          	-7.940043e-298
1919          	-5.558030e-298
1920          	-3.890621e-298
1921          	-2.723435e-298
1922          	-1.906404e-298
1923          	-1.334483e-298
1924          	-9.341382e-299
1925          	-6.538967e-299
1926          	-4.577277e-299
1927          	-3.204094e-299
1928          	-2.242866e-299
1929          	-1.570006e-299
1930          	-1.099004e-299
1931          	-7.693029e-300
1932          	-5.385121e-300
1933          	-3.769584e-300
1934          	-2.638709e-300
1935          	-1.847096e-300
1936          	-1.292967e-300
1937          	-9.050772e-301
1938          	-6.335541e-301
1939          	-4.434878e-301
1940          	-3.104415e-301
1941          	-2.173090e-301
1942          	-1.521163e-301
1943          	-1.064814e-301
1944          	-7.453700e-302
1945          	-5.217590e-302
1946          	-3.652313e-302
1947          	-2.556619e-302
1948          	-1.789633e-302
1949          	-1.252743e-302
1950          	-8.769204e-303
1951          	-6.138443e-303
1952          	-4.296910e-303
1953          	-3.007837e-303
1954          	-2.105486e-303
1955          	-1.473840e-303
1956          	-1.031688e-303
1957          	-7.221816e-304
1958          	-5.055271e-304
1959          	-3.538690e-304
1960          	-2.477083e-304
1961          	-1.733958e-304
1962          	-1.213771e-304
1963          	-8.496395e-305
1964          	-5.947476e-305
