# Region type : patch out
# Faces  :    416
# Area   :    1.250000e-07
# Time        	areaAverage(p)
0             	0.000000e+00
1             	9.405338e+04
2             	8.159933e+04
3             	4.373574e+04
4             	6.124940e+03
5             	-2.049756e+04
6             	-3.187021e+04
7             	-3.090924e+04
8             	-2.203868e+04
9             	-1.006648e+04
10            	6.503790e+02
11            	7.647815e+03
12            	1.028904e+04
13            	9.362701e+03
14            	6.337348e+03
15            	2.735960e+03
16            	-2.546797e+02
17            	-2.024990e+03
18            	-2.491048e+03
19            	-1.970793e+03
20            	-9.322588e+02
21            	1.629625e+02
22            	9.810714e+02
23            	1.382579e+03
24            	1.389582e+03
25            	1.122685e+03
26            	7.398953e+02
27            	3.806091e+02
28            	1.335356e+02
29            	2.882108e+01
30            	4.497772e+01
31            	1.361608e+02
32            	2.506301e+02
33            	3.469354e+02
34            	4.013583e+02
35            	4.099394e+02
36            	3.831673e+02
37            	3.375496e+02
38            	2.886709e+02
39            	2.488673e+02
40            	2.245809e+02
41            	2.149717e+02
42            	2.173366e+02
43            	2.255969e+02
44            	2.340449e+02
45            	2.391182e+02
46            	2.388923e+02
47            	2.338769e+02
48            	2.256016e+02
49            	2.161042e+02
50            	2.072657e+02
51            	2.000915e+02
52            	1.950976e+02
53            	1.918797e+02
54            	1.897874e+02
55            	1.881117e+02
56            	1.863445e+02
57            	1.840890e+02
58            	1.812087e+02
59            	1.779276e+02
60            	1.745671e+02
61            	1.712395e+02
62            	1.682131e+02
63            	1.654327e+02
64            	1.629372e+02
65            	1.607813e+02
66            	1.587088e+02
67            	1.568025e+02
68            	1.548115e+02
69            	1.527720e+02
70            	1.507610e+02
71            	1.487886e+02
72            	1.468929e+02
73            	1.450347e+02
74            	1.432072e+02
75            	1.414905e+02
76            	1.398386e+02
77            	1.382172e+02
78            	1.366899e+02
79            	1.351986e+02
80            	1.337989e+02
81            	1.323867e+02
82            	1.309317e+02
83            	1.295507e+02
84            	1.282329e+02
85            	1.269667e+02
86            	1.257034e+02
87            	1.244624e+02
88            	1.232393e+02
89            	1.220979e+02
90            	1.209708e+02
91            	1.198241e+02
92            	1.187382e+02
93            	1.176734e+02
94            	1.166557e+02
95            	1.156432e+02
96            	1.147008e+02
97            	1.137111e+02
98            	1.127363e+02
99            	1.118171e+02
100           	1.108889e+02
101           	1.099558e+02
102           	1.090961e+02
103           	1.082190e+02
104           	1.073844e+02
105           	1.065874e+02
106           	1.058192e+02
107           	1.050183e+02
108           	1.042206e+02
109           	1.034417e+02
110           	1.026907e+02
111           	1.019593e+02
112           	1.012272e+02
113           	1.005276e+02
114           	9.984160e+01
115           	9.917813e+01
116           	9.847350e+01
117           	9.781996e+01
118           	9.712822e+01
119           	9.645825e+01
120           	9.585280e+01
121           	9.524488e+01
122           	9.465483e+01
123           	9.403974e+01
124           	9.346568e+01
125           	9.290954e+01
126           	9.232513e+01
127           	9.174222e+01
128           	9.116446e+01
129           	9.061107e+01
130           	9.008884e+01
131           	8.956929e+01
132           	8.903688e+01
133           	8.852417e+01
134           	8.802834e+01
135           	8.753959e+01
136           	8.705046e+01
137           	8.655021e+01
138           	8.605752e+01
139           	8.557391e+01
140           	8.509924e+01
141           	8.463516e+01
142           	8.418782e+01
143           	8.375712e+01
144           	8.333055e+01
145           	8.290100e+01
146           	8.247037e+01
147           	8.202686e+01
148           	8.158791e+01
149           	8.116911e+01
150           	8.076324e+01
151           	8.034950e+01
152           	7.995282e+01
153           	7.956872e+01
154           	7.918838e+01
155           	7.881118e+01
156           	7.843663e+01
157           	7.804605e+01
158           	7.765948e+01
159           	7.729217e+01
160           	7.692453e+01
161           	7.656547e+01
162           	7.620964e+01
163           	7.587433e+01
164           	7.555247e+01
165           	7.521603e+01
166           	7.486878e+01
167           	7.452556e+01
168           	7.418246e+01
169           	7.384685e+01
170           	7.351016e+01
171           	7.318761e+01
172           	7.288664e+01
173           	7.259057e+01
174           	7.230586e+01
175           	7.201051e+01
176           	7.169843e+01
177           	7.138141e+01
178           	7.106959e+01
179           	7.076193e+01
180           	7.046397e+01
181           	7.018343e+01
182           	6.990670e+01
183           	6.964629e+01
184           	6.938590e+01
185           	6.911687e+01
186           	6.884227e+01
187           	6.855555e+01
188           	6.827373e+01
189           	6.799742e+01
190           	6.773314e+01
191           	6.747689e+01
192           	6.723719e+01
193           	6.700832e+01
194           	6.677276e+01
195           	6.652821e+01
196           	6.626914e+01
197           	6.600681e+01
198           	6.575049e+01
199           	6.550196e+01
200           	6.526376e+01
201           	6.504309e+01
202           	6.482635e+01
203           	6.461753e+01
204           	6.440496e+01
205           	6.418105e+01
206           	6.393906e+01
207           	6.369821e+01
208           	6.346371e+01
209           	6.323865e+01
210           	6.303113e+01
211           	6.282955e+01
212           	6.263805e+01
213           	6.246049e+01
214           	6.225710e+01
215           	6.204347e+01
216           	6.182475e+01
217           	6.160522e+01
218           	6.139330e+01
219           	6.119647e+01
220           	6.100430e+01
221           	6.082181e+01
222           	6.064988e+01
223           	6.047908e+01
224           	6.029923e+01
225           	6.010538e+01
226           	5.990368e+01
227           	5.970528e+01
228           	5.952415e+01
229           	5.933964e+01
230           	5.916090e+01
231           	5.899327e+01
232           	5.883710e+01
233           	5.868357e+01
234           	5.851481e+01
235           	5.833641e+01
236           	5.815224e+01
237           	5.797282e+01
238           	5.780210e+01
239           	5.763980e+01
240           	5.748204e+01
241           	5.733387e+01
242           	5.719309e+01
243           	5.705347e+01
244           	5.689781e+01
245           	5.672542e+01
246           	5.655312e+01
247           	5.638781e+01
248           	5.623116e+01
249           	5.608374e+01
250           	5.594576e+01
251           	5.581719e+01
252           	5.569568e+01
253           	5.556337e+01
254           	5.541394e+01
255           	5.525572e+01
256           	5.509780e+01
257           	5.494479e+01
258           	5.480073e+01
259           	5.466790e+01
260           	5.454464e+01
261           	5.443172e+01
262           	5.432106e+01
263           	5.419814e+01
264           	5.405782e+01
265           	5.391558e+01
266           	5.376713e+01
267           	5.362545e+01
268           	5.349430e+01
269           	5.337240e+01
270           	5.326357e+01
271           	5.316392e+01
272           	5.306132e+01
273           	5.294573e+01
274           	5.281688e+01
275           	5.268691e+01
276           	5.254931e+01
277           	5.241881e+01
278           	5.229869e+01
279           	5.218865e+01
280           	5.209116e+01
281           	5.200062e+01
282           	5.190660e+01
283           	5.179907e+01
284           	5.168380e+01
285           	5.156213e+01
286           	5.143310e+01
287           	5.131283e+01
288           	5.120270e+01
289           	5.110303e+01
290           	5.101923e+01
291           	5.093684e+01
292           	5.084945e+01
293           	5.074499e+01
294           	5.063151e+01
295           	5.051794e+01
296           	5.040213e+01
297           	5.029489e+01
298           	5.019597e+01
299           	5.011179e+01
300           	5.003364e+01
301           	4.995745e+01
302           	4.987270e+01
303           	4.977455e+01
304           	4.966975e+01
305           	4.956222e+01
306           	4.945559e+01
307           	4.935793e+01
308           	4.926914e+01
309           	4.919383e+01
310           	4.912353e+01
311           	4.905616e+01
312           	4.897652e+01
313           	4.888274e+01
314           	4.878145e+01
315           	4.868334e+01
316           	4.858483e+01
317           	4.849485e+01
318           	4.841736e+01
319           	4.835177e+01
320           	4.828850e+01
321           	4.822206e+01
322           	4.814543e+01
323           	4.805653e+01
324           	4.796197e+01
325           	4.786938e+01
326           	4.777917e+01
327           	4.769905e+01
328           	4.763276e+01
329           	4.757314e+01
330           	4.751656e+01
331           	4.745338e+01
332           	4.737870e+01
333           	4.729147e+01
334           	4.720368e+01
335           	4.711714e+01
336           	4.703728e+01
337           	4.696811e+01
338           	4.690565e+01
339           	4.684996e+01
340           	4.679959e+01
341           	4.674107e+01
342           	4.667107e+01
343           	4.658640e+01
344           	4.650213e+01
345           	4.642145e+01
346           	4.634835e+01
347           	4.628493e+01
348           	4.623024e+01
349           	4.618187e+01
350           	4.613516e+01
351           	4.607934e+01
352           	4.601009e+01
353           	4.592945e+01
354           	4.584962e+01
355           	4.577514e+01
356           	4.570817e+01
357           	4.565133e+01
358           	4.560188e+01
359           	4.556086e+01
360           	4.551943e+01
361           	4.546428e+01
362           	4.539510e+01
363           	4.531963e+01
364           	4.524538e+01
365           	4.517705e+01
366           	4.511748e+01
367           	4.506427e+01
368           	4.501987e+01
369           	4.498284e+01
370           	4.494309e+01
371           	4.489099e+01
372           	4.483219e+01
373           	4.475584e+01
374           	4.468310e+01
375           	4.461900e+01
376           	4.456316e+01
377           	4.451538e+01
378           	4.447824e+01
379           	4.444875e+01
380           	4.440970e+01
381           	4.435775e+01
382           	4.429168e+01
383           	4.422090e+01
384           	4.415429e+01
385           	4.409559e+01
386           	4.404620e+01
387           	4.400405e+01
388           	4.397158e+01
389           	4.394292e+01
390           	4.390691e+01
391           	4.385419e+01
392           	4.379117e+01
393           	4.372566e+01
394           	4.366443e+01
395           	4.360973e+01
396           	4.356570e+01
397           	4.352906e+01
398           	4.350123e+01
399           	4.347529e+01
400           	4.343826e+01
401           	4.338538e+01
402           	4.332358e+01
403           	4.326286e+01
404           	4.320601e+01
405           	4.315783e+01
406           	4.311784e+01
407           	4.308648e+01
408           	4.306439e+01
409           	4.303859e+01
410           	4.299998e+01
411           	4.294755e+01
412           	4.288876e+01
413           	4.283073e+01
414           	4.277901e+01
415           	4.273519e+01
416           	4.269909e+01
417           	4.267307e+01
418           	4.265510e+01
419           	4.262958e+01
420           	4.259137e+01
421           	4.254041e+01
422           	4.248274e+01
423           	4.242934e+01
424           	4.238126e+01
425           	4.234171e+01
426           	4.231071e+01
427           	4.228905e+01
428           	4.227210e+01
429           	4.224461e+01
430           	4.220485e+01
431           	4.215230e+01
432           	4.209775e+01
433           	4.204654e+01
434           	4.200316e+01
435           	4.196828e+01
436           	4.194275e+01
437           	4.192325e+01
438           	4.190543e+01
439           	4.187805e+01
440           	4.183627e+01
441           	4.178384e+01
442           	4.173065e+01
443           	4.168209e+01
444           	4.164195e+01
445           	4.160968e+01
446           	4.158559e+01
447           	4.157230e+01
448           	4.155641e+01
449           	4.152825e+01
450           	4.148473e+01
451           	4.143267e+01
452           	4.138063e+01
453           	4.133407e+01
454           	4.129711e+01
455           	4.126747e+01
456           	4.124886e+01
457           	4.123794e+01
458           	4.121853e+01
459           	4.118831e+01
460           	4.114403e+01
461           	4.109350e+01
462           	4.104368e+01
463           	4.099924e+01
464           	4.096447e+01
465           	4.093824e+01
466           	4.092238e+01
467           	4.091330e+01
468           	4.089454e+01
469           	4.086265e+01
470           	4.081897e+01
471           	4.076959e+01
472           	4.072169e+01
473           	4.067888e+01
474           	4.064561e+01
475           	4.062411e+01
476           	4.061137e+01
477           	4.060373e+01
478           	4.058504e+01
479           	4.054952e+01
480           	4.050457e+01
481           	4.045629e+01
482           	4.041092e+01
483           	4.037407e+01
484           	4.034442e+01
485           	4.032386e+01
486           	4.031262e+01
487           	4.030445e+01
488           	4.028472e+01
489           	4.024879e+01
490           	4.020325e+01
491           	4.015578e+01
492           	4.011155e+01
493           	4.007829e+01
494           	4.005311e+01
495           	4.003705e+01
496           	4.002736e+01
497           	4.001783e+01
498           	3.999590e+01
499           	3.995948e+01
500           	3.991388e+01
501           	3.986792e+01
502           	3.982693e+01
503           	3.979395e+01
504           	3.977283e+01
505           	3.976044e+01
506           	3.975318e+01
507           	3.974157e+01
508           	3.971643e+01
509           	3.967766e+01
510           	3.963415e+01
511           	3.959122e+01
512           	3.955374e+01
513           	3.952612e+01
514           	3.950685e+01
515           	3.949557e+01
516           	3.949003e+01
517           	3.947646e+01
518           	3.944789e+01
519           	3.940735e+01
520           	3.936517e+01
521           	3.932399e+01
522           	3.929148e+01
523           	3.926576e+01
524           	3.924847e+01
525           	3.923983e+01
526           	3.923510e+01
527           	3.921986e+01
528           	3.918941e+01
529           	3.914728e+01
530           	3.910529e+01
531           	3.906714e+01
532           	3.903575e+01
533           	3.901221e+01
534           	3.899811e+01
535           	3.899168e+01
536           	3.898667e+01
537           	3.896904e+01
538           	3.893726e+01
539           	3.889451e+01
540           	3.885375e+01
541           	3.881612e+01
542           	3.878677e+01
543           	3.876716e+01
544           	3.875628e+01
545           	3.875132e+01
546           	3.874507e+01
547           	3.872425e+01
548           	3.868938e+01
549           	3.864808e+01
550           	3.860914e+01
551           	3.857395e+01
552           	3.854856e+01
553           	3.853110e+01
554           	3.852163e+01
555           	3.851736e+01
556           	3.850890e+01
557           	3.848568e+01
558           	3.845088e+01
559           	3.840985e+01
560           	3.837146e+01
561           	3.834061e+01
562           	3.831741e+01
563           	3.830150e+01
564           	3.829410e+01
565           	3.829059e+01
566           	3.827952e+01
567           	3.825337e+01
568           	3.821466e+01
569           	3.817364e+01
570           	3.813733e+01
571           	3.810893e+01
572           	3.808867e+01
573           	3.807620e+01
574           	3.807170e+01
575           	3.806817e+01
576           	3.805465e+01
577           	3.802653e+01
578           	3.798617e+01
579           	3.794703e+01
580           	3.791328e+01
581           	3.788441e+01
582           	3.786605e+01
583           	3.785625e+01
584           	3.785404e+01
585           	3.785151e+01
586           	3.783496e+01
587           	3.780368e+01
588           	3.776450e+01
589           	3.772729e+01
590           	3.769443e+01
591           	3.767030e+01
592           	3.765374e+01
593           	3.764529e+01
594           	3.764393e+01
595           	3.763924e+01
596           	3.761990e+01
597           	3.758645e+01
598           	3.754743e+01
599           	3.751162e+01
600           	3.748177e+01
601           	3.745993e+01
602           	3.744505e+01
603           	3.743900e+01
604           	3.743796e+01
605           	3.743073e+01
606           	3.740943e+01
607           	3.737366e+01
608           	3.733522e+01
609           	3.730071e+01
610           	3.727347e+01
611           	3.725299e+01
612           	3.724089e+01
613           	3.723726e+01
614           	3.723490e+01
615           	3.722593e+01
616           	3.720253e+01
617           	3.716591e+01
618           	3.712854e+01
619           	3.709509e+01
620           	3.706839e+01
621           	3.705009e+01
622           	3.704048e+01
623           	3.703892e+01
624           	3.703815e+01
625           	3.702564e+01
626           	3.699826e+01
627           	3.696138e+01
628           	3.692478e+01
629           	3.689361e+01
630           	3.686971e+01
631           	3.685281e+01
632           	3.684468e+01
633           	3.684450e+01
634           	3.684313e+01
635           	3.682782e+01
636           	3.679804e+01
637           	3.676109e+01
638           	3.672590e+01
639           	3.669673e+01
640           	3.667563e+01
641           	3.666074e+01
642           	3.665574e+01
643           	3.665723e+01
644           	3.665397e+01
645           	3.663670e+01
646           	3.660763e+01
647           	3.656965e+01
648           	3.653618e+01
649           	3.650917e+01
650           	3.648888e+01
651           	3.647681e+01
652           	3.647451e+01
653           	3.647664e+01
654           	3.647160e+01
655           	3.645177e+01
656           	3.641784e+01
657           	3.638136e+01
658           	3.634969e+01
659           	3.632439e+01
660           	3.630698e+01
661           	3.629796e+01
662           	3.629733e+01
663           	3.630030e+01
664           	3.629248e+01
665           	3.626917e+01
666           	3.623550e+01
667           	3.619984e+01
668           	3.616881e+01
669           	3.614636e+01
670           	3.613061e+01
671           	3.612314e+01
672           	3.612514e+01
673           	3.612603e+01
674           	3.611595e+01
675           	3.609003e+01
676           	3.605580e+01
677           	3.602088e+01
678           	3.599273e+01
679           	3.597182e+01
680           	3.595733e+01
681           	3.595248e+01
682           	3.595584e+01
683           	3.595541e+01
684           	3.594262e+01
685           	3.591378e+01
686           	3.587885e+01
687           	3.584556e+01
688           	3.581902e+01
689           	3.579927e+01
690           	3.578760e+01
691           	3.578512e+01
692           	3.578907e+01
693           	3.578677e+01
694           	3.577039e+01
695           	3.573910e+01
696           	3.570445e+01
697           	3.567306e+01
698           	3.564747e+01
699           	3.562961e+01
700           	3.562019e+01
701           	3.561970e+01
702           	3.562441e+01
703           	3.561961e+01
704           	3.559935e+01
705           	3.556753e+01
706           	3.553347e+01
707           	3.550326e+01
708           	3.548026e+01
709           	3.546471e+01
710           	3.545774e+01
711           	3.546009e+01
712           	3.546437e+01
713           	3.545705e+01
714           	3.543463e+01
715           	3.540228e+01
716           	3.536835e+01
717           	3.534009e+01
718           	3.532010e+01
719           	3.530630e+01
720           	3.530229e+01
721           	3.530659e+01
722           	3.530908e+01
723           	3.530028e+01
724           	3.527558e+01
725           	3.524290e+01
726           	3.521090e+01
727           	3.518506e+01
728           	3.516602e+01
729           	3.515444e+01
730           	3.515304e+01
731           	3.515855e+01
732           	3.516044e+01
733           	3.514839e+01
734           	3.515577e+01
735           	3.511626e+01
736           	3.507786e+01
737           	3.504705e+01
738           	3.502644e+01
739           	3.501511e+01
740           	3.500961e+01
741           	3.501828e+01
742           	3.501943e+01
743           	3.500413e+01
744           	3.497550e+01
745           	3.494260e+01
746           	3.491262e+01
747           	3.488886e+01
748           	3.487346e+01
749           	3.486656e+01
750           	3.486995e+01
751           	3.487707e+01
752           	3.487378e+01
753           	3.485530e+01
754           	3.482628e+01
755           	3.479366e+01
756           	3.476627e+01
757           	3.474643e+01
758           	3.473421e+01
759           	3.473014e+01
760           	3.473533e+01
761           	3.474073e+01
762           	3.473526e+01
763           	3.471343e+01
764           	3.468276e+01
765           	3.465145e+01
766           	3.462580e+01
767           	3.460772e+01
768           	3.459717e+01
769           	3.459601e+01
770           	3.460276e+01
771           	3.460706e+01
772           	3.459895e+01
773           	3.457495e+01
774           	3.454470e+01
775           	3.451481e+01
776           	3.449111e+01
777           	3.447510e+01
778           	3.446690e+01
779           	3.446772e+01
780           	3.447614e+01
781           	3.447899e+01
782           	3.446707e+01
783           	3.444177e+01
784           	3.441184e+01
785           	3.438320e+01
786           	3.436169e+01
787           	3.434757e+01
788           	3.434164e+01
789           	3.434533e+01
790           	3.435435e+01
791           	3.435422e+01
792           	3.433923e+01
793           	3.431243e+01
794           	3.428271e+01
795           	3.425628e+01
796           	3.423658e+01
797           	3.422338e+01
798           	3.421967e+01
799           	3.422528e+01
800           	3.423341e+01
801           	3.423119e+01
802           	3.421342e+01
803           	3.418483e+01
804           	3.415531e+01
805           	3.413005e+01
806           	3.411186e+01
807           	3.410132e+01
808           	3.409971e+01
809           	3.410671e+01
810           	3.411452e+01
811           	3.410964e+01
812           	3.408923e+01
813           	3.406052e+01
814           	3.403168e+01
815           	3.400764e+01
816           	3.399196e+01
817           	3.398399e+01
818           	3.398476e+01
819           	3.399387e+01
820           	3.399993e+01
821           	3.399187e+01
822           	3.396994e+01
823           	3.394161e+01
824           	3.391356e+01
825           	3.389249e+01
826           	3.387883e+01
827           	3.387317e+01
828           	3.387716e+01
829           	3.388749e+01
830           	3.389145e+01
831           	3.388076e+01
832           	3.385859e+01
833           	3.383021e+01
834           	3.380466e+01
835           	3.378568e+01
836           	3.377463e+01
837           	3.377231e+01
838           	3.377918e+01
839           	3.378967e+01
840           	3.379208e+01
841           	3.377887e+01
842           	3.375401e+01
843           	3.372655e+01
844           	3.370323e+01
845           	3.368670e+01
846           	3.367955e+01
847           	3.367956e+01
848           	3.368854e+01
849           	3.369953e+01
850           	3.369949e+01
851           	3.368392e+01
852           	3.365882e+01
853           	3.363240e+01
854           	3.360999e+01
855           	3.359583e+01
856           	3.358979e+01
857           	3.359169e+01
858           	3.360308e+01
859           	3.361325e+01
860           	3.361026e+01
861           	3.359274e+01
862           	3.356745e+01
863           	3.354164e+01
864           	3.352128e+01
865           	3.350887e+01
866           	3.350479e+01
867           	3.350968e+01
868           	3.352186e+01
869           	3.352902e+01
870           	3.352289e+01
871           	3.350269e+01
872           	3.347635e+01
873           	3.345127e+01
874           	3.343259e+01
875           	3.342134e+01
876           	3.341923e+01
877           	3.342543e+01
878           	3.343685e+01
879           	3.344098e+01
880           	3.343054e+01
881           	3.340700e+01
882           	3.338064e+01
883           	3.335626e+01
884           	3.333853e+01
885           	3.332892e+01
886           	3.332800e+01
887           	3.333479e+01
888           	3.334519e+01
889           	3.334575e+01
890           	3.333130e+01
891           	3.330565e+01
892           	3.327856e+01
893           	3.325485e+01
894           	3.323871e+01
895           	3.323036e+01
896           	3.322989e+01
897           	3.323886e+01
898           	3.324887e+01
899           	3.324637e+01
900           	3.322945e+01
901           	3.320288e+01
902           	3.317605e+01
903           	3.315372e+01
904           	3.313951e+01
905           	3.313314e+01
906           	3.313587e+01
907           	3.314651e+01
908           	3.315486e+01
909           	3.315024e+01
910           	3.313112e+01
911           	3.310449e+01
912           	3.307972e+01
913           	3.306000e+01
914           	3.304784e+01
915           	3.304481e+01
916           	3.305051e+01
917           	3.306218e+01
918           	3.306911e+01
919           	3.306182e+01
920           	3.304277e+01
921           	3.301689e+01
922           	3.299296e+01
923           	3.297520e+01
924           	3.296598e+01
925           	3.296554e+01
926           	3.297320e+01
927           	3.298578e+01
928           	3.299037e+01
929           	3.297937e+01
930           	3.295735e+01
931           	3.293179e+01
932           	3.290917e+01
933           	3.289445e+01
934           	3.288827e+01
935           	3.288993e+01
936           	3.289988e+01
937           	3.291175e+01
938           	3.291308e+01
939           	3.289982e+01
940           	3.287631e+01
941           	3.285139e+01
942           	3.283118e+01
943           	3.281797e+01
944           	3.281261e+01
945           	3.281560e+01
946           	3.282749e+01
947           	3.283859e+01
948           	3.283765e+01
949           	3.282162e+01
950           	3.279707e+01
951           	3.277314e+01
952           	3.275387e+01
953           	3.274176e+01
954           	3.273869e+01
955           	3.274409e+01
956           	3.275660e+01
957           	3.276578e+01
958           	3.276164e+01
959           	3.274281e+01
960           	3.271840e+01
961           	3.269557e+01
962           	3.267799e+01
963           	3.266790e+01
964           	3.266703e+01
965           	3.267411e+01
966           	3.268757e+01
967           	3.269436e+01
968           	3.268652e+01
969           	3.266695e+01
970           	3.264224e+01
971           	3.261990e+01
972           	3.260466e+01
973           	3.259747e+01
974           	3.259814e+01
975           	3.260759e+01
976           	3.262078e+01
977           	3.262433e+01
978           	3.261337e+01
979           	3.259175e+01
980           	3.256708e+01
981           	3.254604e+01
982           	3.253295e+01
983           	3.252951e+01
984           	3.253271e+01
985           	3.254398e+01
986           	3.255581e+01
987           	3.255715e+01
988           	3.254354e+01
989           	3.252014e+01
990           	3.249640e+01
991           	3.247719e+01
992           	3.246520e+01
993           	3.246111e+01
994           	3.246650e+01
995           	3.247903e+01
996           	3.249069e+01
997           	3.248906e+01
998           	3.247362e+01
999           	3.244907e+01
1000          	3.242599e+01
1001          	3.240719e+01
1002          	3.239719e+01
1003          	3.239536e+01
1004          	3.240249e+01
1005          	3.241680e+01
1006          	3.242642e+01
1007          	3.242134e+01
1008          	3.240296e+01
1009          	3.237873e+01
1010          	3.235665e+01
1011          	3.234050e+01
1012          	3.233212e+01
1013          	3.233202e+01
1014          	3.234107e+01
1015          	3.235520e+01
1016          	3.236141e+01
1017          	3.235295e+01
1018          	3.233272e+01
1019          	3.230830e+01
1020          	3.228781e+01
1021          	3.227368e+01
1022          	3.226697e+01
1023          	3.226936e+01
1024          	3.228021e+01
1025          	3.229315e+01
1026          	3.229686e+01
1027          	3.228522e+01
1028          	3.226300e+01
1029          	3.223921e+01
1030          	3.221999e+01
1031          	3.220712e+01
1032          	3.220250e+01
1033          	3.220688e+01
1034          	3.221886e+01
1035          	3.223117e+01
1036          	3.223224e+01
1037          	3.221746e+01
1038          	3.219468e+01
1039          	3.217145e+01
1040          	3.215314e+01
1041          	3.214229e+01
1042          	3.213947e+01
1043          	3.214514e+01
1044          	3.215892e+01
1045          	3.216994e+01
1046          	3.216742e+01
1047          	3.215170e+01
1048          	3.212774e+01
1049          	3.210503e+01
1050          	3.208825e+01
1051          	3.207896e+01
1052          	3.207787e+01
1053          	3.208601e+01
1054          	3.210087e+01
1055          	3.210950e+01
1056          	3.210433e+01
1057          	3.208789e+01
1058          	3.206336e+01
1059          	3.204202e+01
1060          	3.202701e+01
1061          	3.201926e+01
1062          	3.202092e+01
1063          	3.203113e+01
1064          	3.204592e+01
1065          	3.205217e+01
1066          	3.204345e+01
1067          	3.202279e+01
1068          	3.199908e+01
1069          	3.197908e+01
1070          	3.196657e+01
1071          	3.196218e+01
1072          	3.196651e+01
1073          	3.197877e+01
1074          	3.199317e+01
1075          	3.199702e+01
1076          	3.198527e+01
1077          	3.196363e+01
1078          	3.194107e+01
1079          	3.192212e+01
1080          	3.191170e+01
1081          	3.190850e+01
1082          	3.191455e+01
1083          	3.192887e+01
1084          	3.194255e+01
1085          	3.194343e+01
1086          	3.192986e+01
1087          	3.190782e+01
1088          	3.188581e+01
1089          	3.186908e+01
1090          	3.186078e+01
1091          	3.185947e+01
1092          	3.186832e+01
1093          	3.188395e+01
1094          	3.189567e+01
1095          	3.189375e+01
1096          	3.187780e+01
1097          	3.185525e+01
1098          	3.183490e+01
1099          	3.182045e+01
1100          	3.181376e+01
1101          	3.181514e+01
1102          	3.182579e+01
1103          	3.184206e+01
1104          	3.185173e+01
1105          	3.184650e+01
1106          	3.182875e+01
1107          	3.180653e+01
1108          	3.178746e+01
1109          	3.177444e+01
1110          	3.176965e+01
1111          	3.177326e+01
1112          	3.178566e+01
1113          	3.180207e+01
1114          	3.180925e+01
1115          	3.180066e+01
1116          	3.178138e+01
1117          	3.175969e+01
1118          	3.174135e+01
1119          	3.173071e+01
1120          	3.172790e+01
1121          	3.173355e+01
1122          	3.174810e+01
1123          	3.176338e+01
1124          	3.176742e+01
1125          	3.175648e+01
1126          	3.173604e+01
1127          	3.171433e+01
1128          	3.169777e+01
1129          	3.168866e+01
1130          	3.168707e+01
1131          	3.169502e+01
1132          	3.171077e+01
1133          	3.172432e+01
1134          	3.172553e+01
1135          	3.171176e+01
1136          	3.169025e+01
1137          	3.166959e+01
1138          	3.165455e+01
1139          	3.164676e+01
1140          	3.164743e+01
1141          	3.165729e+01
1142          	3.167346e+01
1143          	3.168494e+01
1144          	3.168250e+01
1145          	3.166931e+01
1146          	3.164703e+01
1147          	3.162663e+01
1148          	3.161247e+01
1149          	3.160610e+01
1150          	3.160868e+01
1151          	3.162000e+01
1152          	3.163690e+01
1153          	3.164547e+01
1154          	3.163892e+01
1155          	3.162035e+01
1156          	3.159868e+01
1157          	3.157964e+01
1158          	3.156811e+01
1159          	3.156382e+01
1160          	3.156825e+01
1161          	3.158165e+01
1162          	3.159791e+01
1163          	3.160332e+01
1164          	3.159419e+01
1165          	3.157422e+01
1166          	3.155236e+01
1167          	3.153448e+01
1168          	3.152448e+01
1169          	3.152161e+01
1170          	3.152862e+01
1171          	3.154373e+01
1172          	3.155813e+01
1173          	3.156124e+01
1174          	3.154920e+01
1175          	3.152779e+01
1176          	3.150667e+01
1177          	3.149017e+01
1178          	3.148151e+01
1179          	3.148079e+01
1180          	3.148980e+01
1181          	3.150564e+01
1182          	3.151873e+01
1183          	3.151861e+01
1184          	3.150333e+01
1185          	3.148185e+01
1186          	3.146163e+01
1187          	3.144653e+01
1188          	3.144015e+01
1189          	3.144146e+01
1190          	3.145200e+01
1191          	3.146880e+01
1192          	3.147965e+01
1193          	3.147537e+01
1194          	3.145858e+01
1195          	3.143715e+01
1196          	3.141815e+01
1197          	3.140545e+01
1198          	3.140061e+01
1199          	3.140362e+01
1200          	3.141655e+01
1201          	3.143373e+01
1202          	3.144151e+01
1203          	3.143442e+01
1204          	3.141607e+01
1205          	3.139459e+01
1206          	3.137735e+01
1207          	3.136650e+01
1208          	3.136332e+01
1209          	3.136934e+01
1210          	3.138441e+01
1211          	3.140056e+01
1212          	3.140640e+01
1213          	3.139652e+01
1214          	3.137659e+01
1215          	3.135577e+01
1216          	3.133954e+01
1217          	3.133043e+01
1218          	3.132946e+01
1219          	3.133760e+01
1220          	3.135378e+01
1221          	3.136903e+01
1222          	3.137235e+01
1223          	3.135955e+01
1224          	3.133960e+01
1225          	3.131954e+01
1226          	3.130457e+01
1227          	3.129753e+01
1228          	3.129844e+01
1229          	3.130829e+01
1230          	3.132572e+01
1231          	3.133913e+01
1232          	3.133853e+01
1233          	3.140965e+01
1234          	3.137131e+01
1235          	3.133180e+01
1236          	3.130188e+01
1237          	3.128540e+01
1238          	3.128249e+01
1239          	3.129352e+01
1240          	3.131286e+01
1241          	3.132502e+01
1242          	3.132201e+01
1243          	3.130457e+01
1244          	3.128165e+01
1245          	3.126081e+01
1246          	3.124580e+01
1247          	3.123134e+01
1248          	3.123542e+01
1249          	3.124964e+01
1250          	3.126775e+01
1251          	3.127670e+01
1252          	3.127049e+01
1253          	3.125254e+01
1254          	3.123293e+01
1255          	3.121654e+01
1256          	3.120719e+01
1257          	3.120549e+01
1258          	3.121316e+01
1259          	3.122912e+01
1260          	3.124642e+01
1261          	3.125210e+01
1262          	3.124180e+01
1263          	3.122254e+01
1264          	3.120272e+01
1265          	3.118719e+01
1266          	3.118021e+01
1267          	3.118034e+01
1268          	3.118964e+01
1269          	3.120713e+01
1270          	3.122261e+01
1271          	3.122446e+01
1272          	3.121196e+01
1273          	3.119216e+01
1274          	3.117286e+01
1275          	3.115948e+01
1276          	3.115424e+01
1277          	3.115605e+01
1278          	3.116790e+01
1279          	3.118636e+01
1280          	3.119943e+01
1281          	3.119837e+01
1282          	3.118361e+01
1283          	3.116344e+01
1284          	3.114592e+01
1285          	3.113458e+01
1286          	3.113084e+01
1287          	3.113536e+01
1288          	3.114930e+01
1289          	3.116767e+01
1290          	3.117856e+01
1291          	3.117390e+01
1292          	3.115681e+01
1293          	3.113710e+01
1294          	3.112085e+01
1295          	3.111097e+01
1296          	3.110910e+01
1297          	3.111582e+01
1298          	3.113125e+01
1299          	3.114924e+01
1300          	3.115730e+01
1301          	3.114915e+01
1302          	3.113107e+01
1303          	3.111137e+01
1304          	3.109586e+01
1305          	3.108825e+01
1306          	3.108807e+01
1307          	3.109639e+01
1308          	3.111370e+01
1309          	3.113066e+01
1310          	3.113547e+01
1311          	3.112500e+01
1312          	3.110611e+01
1313          	3.108666e+01
1314          	3.107306e+01
1315          	3.106707e+01
1316          	3.106837e+01
1317          	3.107920e+01
1318          	3.109764e+01
1319          	3.111238e+01
1320          	3.111424e+01
1321          	3.110114e+01
1322          	3.108149e+01
1323          	3.106332e+01
1324          	3.105140e+01
1325          	3.104659e+01
1326          	3.105015e+01
1327          	3.106267e+01
1328          	3.108113e+01
1329          	3.109379e+01
1330          	3.109192e+01
1331          	3.107725e+01
1332          	3.105731e+01
1333          	3.103995e+01
1334          	3.102921e+01
1335          	3.102647e+01
1336          	3.103209e+01
1337          	3.104600e+01
1338          	3.106449e+01
1339          	3.107416e+01
1340          	3.106830e+01
1341          	3.105121e+01
1342          	3.103109e+01
1343          	3.101449e+01
1344          	3.100614e+01
1345          	3.100635e+01
1346          	3.101362e+01
1347          	3.102980e+01
1348          	3.104748e+01
1349          	3.105395e+01
1350          	3.104557e+01
1351          	3.102692e+01
1352          	3.100709e+01
1353          	3.099204e+01
1354          	3.098520e+01
1355          	3.098524e+01
1356          	3.099487e+01
1357          	3.101240e+01
1358          	3.102842e+01
1359          	3.103213e+01
1360          	3.102102e+01
1361          	3.100128e+01
1362          	3.098248e+01
1363          	3.096877e+01
1364          	3.096313e+01
1365          	3.096533e+01
1366          	3.097684e+01
1367          	3.099476e+01
1368          	3.100903e+01
1369          	3.100910e+01
1370          	3.099490e+01
1371          	3.097511e+01
1372          	3.095717e+01
1373          	3.094492e+01
1374          	3.094132e+01
1375          	3.094542e+01
1376          	3.095834e+01
1377          	3.097693e+01
1378          	3.098859e+01
1379          	3.098462e+01
1380          	3.096869e+01
1381          	3.094886e+01
1382          	3.093175e+01
1383          	3.092173e+01
1384          	3.091946e+01
1385          	3.092515e+01
1386          	3.094031e+01
1387          	3.095837e+01
1388          	3.096669e+01
1389          	3.095980e+01
1390          	3.094215e+01
1391          	3.092194e+01
1392          	3.090625e+01
1393          	3.089779e+01
1394          	3.089665e+01
1395          	3.090463e+01
1396          	3.092129e+01
1397          	3.093793e+01
1398          	3.094369e+01
1399          	3.093392e+01
1400          	3.091477e+01
1401          	3.089519e+01
1402          	3.088058e+01
1403          	3.087324e+01
1404          	3.087419e+01
1405          	3.088414e+01
1406          	3.090158e+01
1407          	3.091698e+01
1408          	3.091946e+01
1409          	3.090644e+01
1410          	3.088699e+01
1411          	3.086796e+01
1412          	3.085451e+01
1413          	3.084910e+01
1414          	3.085182e+01
1415          	3.086321e+01
1416          	3.088168e+01
1417          	3.089453e+01
1418          	3.089262e+01
1419          	3.087948e+01
1420          	3.085892e+01
1421          	3.083998e+01
1422          	3.082811e+01
1423          	3.083917e+01
1424          	3.084000e+01
1425          	3.085003e+01
1426          	3.086524e+01
1427          	3.086558e+01
1428          	3.086109e+01
1429          	3.084501e+01
1430          	3.082561e+01
1431          	3.080925e+01
1432          	3.079980e+01
1433          	3.079666e+01
1434          	3.080275e+01
1435          	3.081750e+01
1436          	3.083422e+01
1437          	3.084110e+01
1438          	3.083286e+01
1439          	3.081404e+01
1440          	3.079441e+01
1441          	3.077878e+01
1442          	3.077067e+01
1443          	3.077022e+01
1444          	3.077897e+01
1445          	3.079549e+01
1446          	3.081213e+01
1447          	3.081656e+01
1448          	3.080545e+01
1449          	3.078629e+01
1450          	3.076719e+01
1451          	3.075271e+01
1452          	3.074658e+01
1453          	3.074796e+01
1454          	3.075853e+01
1455          	3.077669e+01
1456          	3.079167e+01
1457          	3.079234e+01
1458          	3.077918e+01
1459          	3.075966e+01
1460          	3.074109e+01
1461          	3.072875e+01
1462          	3.072447e+01
1463          	3.072756e+01
1464          	3.074046e+01
1465          	3.075910e+01
1466          	3.077126e+01
1467          	3.076878e+01
1468          	3.075439e+01
1469          	3.073389e+01
1470          	3.071686e+01
1471          	3.070621e+01
1472          	3.070301e+01
1473          	3.070842e+01
1474          	3.072304e+01
1475          	3.074109e+01
1476          	3.075058e+01
1477          	3.074441e+01
1478          	3.072690e+01
1479          	3.070652e+01
1480          	3.069061e+01
1481          	3.068168e+01
1482          	3.068281e+01
1483          	3.069001e+01
1484          	3.070578e+01
1485          	3.072309e+01
1486          	3.072965e+01
1487          	3.072010e+01
1488          	3.070136e+01
1489          	3.068154e+01
1490          	3.066619e+01
1491          	3.065902e+01
1492          	3.065947e+01
1493          	3.066850e+01
1494          	3.068621e+01
1495          	3.070223e+01
1496          	3.070511e+01
1497          	3.069327e+01
1498          	3.067390e+01
1499          	3.065436e+01
1500          	3.064100e+01
1501          	3.063542e+01
1502          	3.063713e+01
1503          	3.064836e+01
1504          	3.066671e+01
1505          	3.068005e+01
1506          	3.067983e+01
1507          	3.066537e+01
1508          	3.064525e+01
1509          	3.062702e+01
1510          	3.061543e+01
1511          	3.061117e+01
1512          	3.061523e+01
1513          	3.062829e+01
1514          	3.064669e+01
1515          	3.065753e+01
1516          	3.065354e+01
1517          	3.063647e+01
1518          	3.061660e+01
1519          	3.059985e+01
1520          	3.058947e+01
1521          	3.058676e+01
1522          	3.059281e+01
1523          	3.060745e+01
1524          	3.062573e+01
1525          	3.063390e+01
1526          	3.062600e+01
1527          	3.060767e+01
1528          	3.058776e+01
1529          	3.057165e+01
1530          	3.056327e+01
1531          	3.056203e+01
1532          	3.056956e+01
1533          	3.058619e+01
1534          	3.060325e+01
1535          	3.060805e+01
1536          	3.059754e+01
1537          	3.057801e+01
1538          	3.055774e+01
1539          	3.054305e+01
1540          	3.053636e+01
1541          	3.053618e+01
1542          	3.054613e+01
1543          	3.056359e+01
1544          	3.057801e+01
1545          	3.057975e+01
1546          	3.056645e+01
1547          	3.054591e+01
1548          	3.052697e+01
1549          	3.051367e+01
1550          	3.050811e+01
1551          	3.051033e+01
1552          	3.052205e+01
1553          	3.053961e+01
1554          	3.055183e+01
1555          	3.054985e+01
1556          	3.053540e+01
1557          	3.051448e+01
1558          	3.049637e+01
1559          	3.048405e+01
1560          	3.048057e+01
1561          	3.048491e+01
1562          	3.049806e+01
1563          	3.051595e+01
1564          	3.052524e+01
1565          	3.051900e+01
1566          	3.050133e+01
1567          	3.048009e+01
1568          	3.046290e+01
1569          	3.045319e+01
1570          	3.045178e+01
1571          	3.045796e+01
1572          	3.047350e+01
1573          	3.049044e+01
1574          	3.049650e+01
1575          	3.048757e+01
1576          	3.046831e+01
1577          	3.044751e+01
1578          	3.043144e+01
1579          	3.042343e+01
1580          	3.042257e+01
1581          	3.043098e+01
1582          	3.044774e+01
1583          	3.046274e+01
1584          	3.046632e+01
1585          	3.045461e+01
1586          	3.043409e+01
1587          	3.041437e+01
1588          	3.039975e+01
1589          	3.039289e+01
1590          	3.039401e+01
1591          	3.040418e+01
1592          	3.042135e+01
1593          	3.043458e+01
1594          	3.043476e+01
1595          	3.041997e+01
1596          	3.039941e+01
1597          	3.038067e+01
1598          	3.036704e+01
1599          	3.036253e+01
1600          	3.036578e+01
1601          	3.037751e+01
1602          	3.039540e+01
1603          	3.040595e+01
1604          	3.040214e+01
1605          	3.038514e+01
1606          	3.036488e+01
1607          	3.034686e+01
1608          	3.033566e+01
1609          	3.033242e+01
1610          	3.033743e+01
1611          	3.035153e+01
1612          	3.036902e+01
1613          	3.037653e+01
1614          	3.036982e+01
1615          	3.035124e+01
1616          	3.033096e+01
1617          	3.031422e+01
1618          	3.030503e+01
1619          	3.030327e+01
1620          	3.031093e+01
1621          	3.032685e+01
1622          	3.034283e+01
1623          	3.034806e+01
1624          	3.033878e+01
1625          	3.031890e+01
1626          	3.029960e+01
1627          	3.028453e+01
1628          	3.027662e+01
1629          	3.027668e+01
1630          	3.028600e+01
1631          	3.030223e+01
1632          	3.031738e+01
1633          	3.032005e+01
1634          	3.030767e+01
1635          	3.028793e+01
1636          	3.026934e+01
1637          	3.025457e+01
1638          	3.024923e+01
1639          	3.025135e+01
1640          	3.026234e+01
1641          	3.027974e+01
1642          	3.029278e+01
1643          	3.029168e+01
1644          	3.028076e+01
1645          	3.025986e+01
1646          	3.024082e+01
1647          	3.022784e+01
1648          	3.022316e+01
1649          	3.022690e+01
1650          	3.023976e+01
1651          	3.025802e+01
1652          	3.026832e+01
1653          	3.026412e+01
1654          	3.024726e+01
1655          	3.022714e+01
1656          	3.020984e+01
1657          	3.019969e+01
1658          	3.019717e+01
1659          	3.020375e+01
1660          	3.021866e+01
1661          	3.023571e+01
1662          	3.024389e+01
1663          	3.023685e+01
1664          	3.021852e+01
1665          	3.019931e+01
1666          	3.018361e+01
1667          	3.017503e+01
1668          	3.017469e+01
1669          	3.018328e+01
1670          	3.019994e+01
1671          	3.021682e+01
1672          	3.022232e+01
1673          	3.021199e+01
1674          	3.019353e+01
1675          	3.017471e+01
1676          	3.016074e+01
1677          	3.015491e+01
1678          	3.015649e+01
1679          	3.016700e+01
1680          	3.018562e+01
1681          	3.020146e+01
1682          	3.020341e+01
1683          	3.019101e+01
1684          	3.017195e+01
1685          	3.015409e+01
1686          	3.014244e+01
1687          	3.013880e+01
1688          	3.014255e+01
1689          	3.015523e+01
1690          	3.017456e+01
1691          	3.018809e+01
1692          	3.018738e+01
1693          	3.017307e+01
1694          	3.015406e+01
1695          	3.013757e+01
1696          	3.012780e+01
1697          	3.012506e+01
1698          	3.013106e+01
1699          	3.014583e+01
1700          	3.016494e+01
1701          	3.017601e+01
1702          	3.017162e+01
1703          	3.015493e+01
1704          	3.013639e+01
1705          	3.012047e+01
1706          	3.011190e+01
1707          	3.011090e+01
1708          	3.011865e+01
1709          	3.013461e+01
1710          	3.015283e+01
1711          	3.016047e+01
1712          	3.015266e+01
1713          	3.013456e+01
1714          	3.011558e+01
1715          	3.010025e+01
1716          	3.009248e+01
1717          	3.009261e+01
1718          	3.010124e+01
1719          	3.011824e+01
1720          	3.013470e+01
1721          	3.013841e+01
1722          	3.012760e+01
1723          	3.010841e+01
1724          	3.008894e+01
1725          	3.007520e+01
1726          	3.006892e+01
1727          	3.006988e+01
1728          	3.008052e+01
1729          	3.009823e+01
1730          	3.011202e+01
1731          	3.011238e+01
1732          	3.248845e+01
1733          	3.187563e+01
1734          	3.078693e+01
1735          	2.950710e+01
1736          	2.866352e+01
1737          	2.844103e+01
1738          	2.867642e+01
1739          	2.911216e+01
1740          	2.954130e+01
1741          	2.985616e+01
1742          	3.003630e+01
1743          	3.010574e+01
1744          	3.010378e+01
1745          	3.006942e+01
1746          	3.003223e+01
1747          	3.000938e+01
1748          	3.001046e+01
1749          	3.003104e+01
1750          	3.005565e+01
1751          	3.006952e+01
1752          	3.007019e+01
1753          	3.006140e+01
1754          	3.004904e+01
1755          	3.003788e+01
1756          	3.003213e+01
1757          	3.003439e+01
1758          	3.004518e+01
1759          	3.005673e+01
1760          	3.006073e+01
1761          	3.005303e+01
1762          	3.003819e+01
1763          	3.002212e+01
1764          	3.001115e+01
1765          	3.000620e+01
1766          	3.000857e+01
1767          	3.001887e+01
1768          	3.003427e+01
1769          	3.004476e+01
1770          	3.004468e+01
1771          	3.003243e+01
1772          	3.001488e+01
1773          	2.999903e+01
1774          	2.998861e+01
1775          	2.998498e+01
1776          	2.998992e+01
1777          	3.000191e+01
1778          	3.001736e+01
1779          	3.002559e+01
1780          	3.002115e+01
1781          	3.000527e+01
1782          	2.998669e+01
1783          	2.997102e+01
1784          	2.996125e+01
1785          	2.995900e+01
1786          	2.996535e+01
1787          	2.997844e+01
1788          	2.999331e+01
1789          	2.999876e+01
1790          	2.999054e+01
1791          	2.997293e+01
1792          	2.995420e+01
1793          	2.993877e+01
1794          	2.993068e+01
1795          	2.993013e+01
1796          	2.993761e+01
1797          	2.995272e+01
1798          	2.996673e+01
1799          	2.996876e+01
1800          	2.995750e+01
1801          	2.993832e+01
1802          	2.991990e+01
1803          	2.990608e+01
1804          	2.989920e+01
1805          	2.990004e+01
1806          	2.990982e+01
1807          	2.992608e+01
1808          	2.993791e+01
1809          	2.993704e+01
1810          	2.994097e+01
1811          	2.991700e+01
1812          	2.989499e+01
1813          	2.987903e+01
1814          	2.987102e+01
1815          	2.987368e+01
1816          	2.988553e+01
1817          	2.990189e+01
1818          	2.991182e+01
1819          	2.990695e+01
1820          	2.988932e+01
1821          	2.986840e+01
1822          	2.985066e+01
1823          	2.983943e+01
1824          	2.983616e+01
1825          	2.984171e+01
1826          	2.985553e+01
1827          	2.987205e+01
1828          	2.987935e+01
1829          	2.987123e+01
1830          	2.985281e+01
1831          	2.983292e+01
1832          	2.981675e+01
1833          	2.980801e+01
1834          	2.980693e+01
1835          	2.981422e+01
1836          	2.983001e+01
1837          	2.984594e+01
1838          	2.985007e+01
1839          	2.983936e+01
1840          	2.982043e+01
1841          	2.980053e+01
1842          	2.978548e+01
1843          	2.977825e+01
1844          	2.977851e+01
1845          	2.978829e+01
1846          	2.980589e+01
1847          	2.982024e+01
1848          	2.982192e+01
1849          	2.980644e+01
1850          	2.978723e+01
1851          	2.976904e+01
1852          	2.975664e+01
1853          	2.975166e+01
1854          	2.975463e+01
1855          	2.976662e+01
1856          	2.978475e+01
1857          	2.979763e+01
1858          	2.979593e+01
1859          	2.978026e+01
1860          	2.976058e+01
1861          	2.974312e+01
1862          	2.973211e+01
1863          	2.972895e+01
1864          	2.973415e+01
1865          	2.974762e+01
1866          	2.976614e+01
1867          	2.977612e+01
1868          	2.977061e+01
1869          	2.975342e+01
1870          	2.973418e+01
1871          	2.971767e+01
1872          	2.970858e+01
1873          	2.970682e+01
1874          	2.971355e+01
1875          	2.972905e+01
1876          	2.974661e+01
1877          	2.975332e+01
1878          	2.974528e+01
1879          	2.972701e+01
1880          	2.970753e+01
1881          	2.969231e+01
1882          	2.968443e+01
1883          	2.968369e+01
1884          	2.969258e+01
1885          	2.970949e+01
1886          	2.972566e+01
1887          	2.972975e+01
1888          	2.971869e+01
1889          	2.969896e+01
1890          	2.968004e+01
1891          	2.966607e+01
1892          	2.965948e+01
1893          	2.966086e+01
1894          	2.967176e+01
1895          	2.968925e+01
1896          	2.970372e+01
1897          	2.970420e+01
1898          	2.969000e+01
1899          	2.967011e+01
1900          	2.965198e+01
1901          	2.963963e+01
1902          	2.963499e+01
1903          	2.963805e+01
1904          	2.965008e+01
1905          	2.966799e+01
1906          	2.967971e+01
1907          	2.967600e+01
1908          	2.966068e+01
1909          	2.964075e+01
1910          	2.962324e+01
1911          	2.961237e+01
1912          	2.960913e+01
1913          	2.961373e+01
1914          	2.962779e+01
1915          	2.964542e+01
1916          	2.965362e+01
1917          	2.964657e+01
1918          	2.962869e+01
1919          	2.960773e+01
1920          	2.959142e+01
1921          	2.958233e+01
1922          	2.958931e+01
1923          	2.959462e+01
1924          	2.960853e+01
1925          	2.962312e+01
1926          	2.962803e+01
1927          	2.961745e+01
1928          	2.959735e+01
1929          	2.957691e+01
1930          	2.956189e+01
1931          	2.955390e+01
1932          	2.955364e+01
1933          	2.956240e+01
1934          	2.957869e+01
1935          	2.959355e+01
1936          	2.959576e+01
1937          	2.958239e+01
1938          	2.956225e+01
1939          	2.954306e+01
1940          	2.952928e+01
1941          	2.952332e+01
1942          	2.952501e+01
1943          	2.953540e+01
1944          	2.955301e+01
1945          	2.956591e+01
1946          	2.956434e+01
1947          	2.954904e+01
1948          	2.952912e+01
1949          	2.951055e+01
1950          	2.949863e+01
1951          	2.949412e+01
1952          	2.949733e+01
1953          	2.950983e+01
1954          	2.952773e+01
1955          	2.953765e+01
1956          	2.953297e+01
1957          	2.951605e+01
1958          	2.949553e+01
1959          	2.947824e+01
1960          	2.946792e+01
1961          	2.946443e+01
1962          	2.947024e+01
1963          	2.948473e+01
1964          	2.950184e+01
1965          	2.950937e+01
1966          	2.950129e+01
1967          	2.948201e+01
1968          	2.946170e+01
1969          	2.944564e+01
1970          	2.943679e+01
1971          	2.943550e+01
1972          	2.944343e+01
1973          	2.945900e+01
1974          	2.947543e+01
1975          	2.947990e+01
1976          	2.946863e+01
1977          	2.944876e+01
1978          	2.942920e+01
1979          	2.941429e+01
1980          	2.940727e+01
1981          	2.940750e+01
1982          	2.941674e+01
1983          	2.943359e+01
1984          	2.944820e+01
1985          	2.944889e+01
1986          	2.943525e+01
1987          	2.941525e+01
1988          	2.939611e+01
1989          	2.938281e+01
1990          	2.937724e+01
1991          	2.937885e+01
1992          	2.939021e+01
1993          	2.940770e+01
1994          	2.941955e+01
1995          	2.941702e+01
1996          	2.940240e+01
1997          	2.938127e+01
1998          	2.936301e+01
1999          	2.935127e+01
2000          	2.934698e+01
2001          	2.935108e+01
2002          	2.936424e+01
2003          	2.938130e+01
2004          	2.939050e+01
2005          	2.938406e+01
2006          	2.936587e+01
2007          	2.934449e+01
2008          	2.932754e+01
2009          	2.931754e+01
2010          	2.931636e+01
2011          	2.932282e+01
2012          	2.933756e+01
2013          	2.935412e+01
2014          	2.936044e+01
2015          	2.935075e+01
2016          	2.933147e+01
2017          	2.931116e+01
2018          	2.929523e+01
2019          	2.928723e+01
2020          	2.928665e+01
2021          	2.929449e+01
2022          	2.931081e+01
2023          	2.932617e+01
2024          	2.932909e+01
2025          	2.931709e+01
2026          	2.929750e+01
2027          	2.927753e+01
2028          	2.926315e+01
2029          	2.925669e+01
2030          	2.925738e+01
2031          	2.926749e+01
2032          	2.928489e+01
2033          	2.929799e+01
2034          	2.929795e+01
2035          	2.928292e+01
2036          	2.926262e+01
2037          	2.924391e+01
2038          	2.923142e+01
2039          	2.922636e+01
2040          	2.922943e+01
2041          	2.924146e+01
2042          	2.925908e+01
2043          	2.927008e+01
2044          	2.926637e+01
2045          	2.924921e+01
2046          	2.922886e+01
2047          	2.921137e+01
2048          	2.920032e+01
2049          	2.919726e+01
2050          	2.920278e+01
2051          	2.921660e+01
2052          	2.923433e+01
2053          	2.924254e+01
2054          	2.923516e+01
2055          	2.921691e+01
2056          	2.919703e+01
2057          	2.918065e+01
2058          	2.917180e+01
2059          	2.917022e+01
2060          	2.917734e+01
2061          	2.919304e+01
2062          	2.920987e+01
2063          	2.921496e+01
2064          	2.920521e+01
2065          	2.918639e+01
2066          	2.916648e+01
2067          	2.915144e+01
2068          	2.914431e+01
2069          	2.914406e+01
2070          	2.915367e+01
2071          	2.917085e+01
2072          	2.918597e+01
2073          	2.918853e+01
2074          	2.917028e+01
2075          	2.915194e+01
2076          	2.913457e+01
2077          	2.912257e+01
2078          	2.911799e+01
2079          	2.912039e+01
2080          	2.913212e+01
2081          	2.914984e+01
2082          	2.916349e+01
2083          	2.916605e+01
2084          	2.915373e+01
2085          	2.913265e+01
2086          	2.911416e+01
2087          	2.910175e+01
2088          	2.909829e+01
2089          	2.910154e+01
2090          	2.911395e+01
2091          	2.913228e+01
2092          	2.914315e+01
2093          	2.913850e+01
2094          	2.912224e+01
2095          	2.910275e+01
2096          	2.908610e+01
2097          	2.907677e+01
2098          	2.907492e+01
2099          	2.908144e+01
2100          	2.909742e+01
2101          	2.911552e+01
2102          	2.912334e+01
2103          	2.911595e+01
2104          	2.909818e+01
2105          	2.907844e+01
2106          	2.906352e+01
2107          	2.905628e+01
2108          	2.905616e+01
2109          	2.906535e+01
2110          	2.908310e+01
2111          	2.910007e+01
2112          	2.910570e+01
2113          	2.909584e+01
2114          	2.907706e+01
2115          	2.905847e+01
2116          	2.904514e+01
2117          	2.903935e+01
2118          	2.904157e+01
2119          	2.905297e+01
2120          	2.907168e+01
2121          	2.908752e+01
2122          	2.908993e+01
2123          	2.907714e+01
2124          	2.905854e+01
2125          	2.904107e+01
2126          	2.902934e+01
2127          	2.902582e+01
2128          	2.903016e+01
2129          	2.904318e+01
2130          	2.906305e+01
2131          	2.907667e+01
2132          	2.907527e+01
2133          	2.906082e+01
2134          	2.904225e+01
2135          	2.902571e+01
2136          	2.901640e+01
2137          	2.901459e+01
2138          	2.902079e+01
2139          	2.903633e+01
2140          	2.905630e+01
2141          	2.906692e+01
2142          	2.906265e+01
2143          	2.904654e+01
2144          	2.902788e+01
2145          	2.901323e+01
2146          	2.900591e+01
2147          	2.900547e+01
2148          	2.901436e+01
2149          	2.903187e+01
2150          	2.905082e+01
2151          	2.905922e+01
2152          	2.905225e+01
2153          	2.903474e+01
2154          	2.901694e+01
2155          	2.900367e+01
2156          	2.899771e+01
2157          	2.899950e+01
2158          	2.901047e+01
2159          	2.902911e+01
2160          	2.904741e+01
2161          	2.905294e+01
2162          	2.904306e+01
2163          	2.902550e+01
2164          	2.900855e+01
2165          	2.899658e+01
2166          	2.899286e+01
2167          	2.899661e+01
2168          	2.900935e+01
2169          	2.902947e+01
2170          	2.904590e+01
2171          	2.904764e+01
2172          	2.904904e+01
2173          	2.902833e+01
2174          	2.900911e+01
2175          	2.899711e+01
2176          	2.899300e+01
2177          	2.899791e+01
2178          	2.901289e+01
2179          	2.903343e+01
2180          	2.904713e+01
2181          	2.904577e+01
2182          	2.903154e+01
2183          	2.901290e+01
2184          	2.899788e+01
2185          	2.898980e+01
2186          	2.898887e+01
2187          	2.899690e+01
2188          	2.901416e+01
2189          	2.903407e+01
2190          	2.904527e+01
2191          	2.904080e+01
2192          	2.902506e+01
2193          	2.900743e+01
2194          	2.899399e+01
2195          	2.898774e+01
2196          	2.898938e+01
2197          	2.899963e+01
2198          	2.901836e+01
2199          	2.903796e+01
2200          	2.904634e+01
2201          	2.903867e+01
2202          	2.902229e+01
2203          	2.900514e+01
2204          	2.899277e+01
2205          	2.898869e+01
2206          	2.899210e+01
2207          	2.900398e+01
2208          	2.902444e+01
2209          	2.904259e+01
2210          	2.904739e+01
2211          	2.903743e+01
2212          	2.902065e+01
2213          	2.900406e+01
2214          	2.899393e+01
2215          	2.899167e+01
2216          	2.899674e+01
2217          	2.901105e+01
2218          	2.903243e+01
2219          	2.904821e+01
2220          	2.905002e+01
2221          	2.903784e+01
2222          	2.902056e+01
2223          	2.900563e+01
2224          	2.899758e+01
2225          	2.899678e+01
2226          	2.900442e+01
2227          	2.902112e+01
2228          	2.904253e+01
2229          	2.905616e+01
2230          	2.905464e+01
2231          	2.904022e+01
2232          	2.902359e+01
2233          	2.901016e+01
2234          	2.900374e+01
2235          	2.900516e+01
2236          	2.901509e+01
2237          	2.903360e+01
2238          	2.905491e+01
2239          	2.906595e+01
2240          	2.906112e+01
2241          	2.904600e+01
2242          	2.902969e+01
2243          	2.901727e+01
2244          	2.901310e+01
2245          	2.901615e+01
2246          	2.902762e+01
2247          	2.904792e+01
2248          	2.906825e+01
2249          	2.907606e+01
2250          	2.906897e+01
2251          	2.905305e+01
2252          	2.903679e+01
2253          	2.902596e+01
2254          	2.902314e+01
2255          	2.902718e+01
