# Region type : patch out
# Faces  :    380
# Area   :    1.250000e-07
# Time        	areaAverage(p)
0             	0.000000e+00
1             	0.000000e+00
2             	0.000000e+00
3             	0.000000e+00
4             	-9.130998e-02
5             	-7.047045e-02
6             	-6.709004e-02
7             	-4.924061e-02
8             	-3.806042e-02
9             	-2.727834e-02
10            	-1.916013e-02
11            	-1.341209e-02
12            	-9.388465e-03
13            	-6.571926e-03
14            	-4.600348e-03
15            	-3.220244e-03
16            	-2.254171e-03
17            	-1.577919e-03
18            	-1.104544e-03
19            	-7.731805e-04
20            	-5.412263e-04
21            	-3.788584e-04
22            	-2.652009e-04
23            	-1.856406e-04
24            	-1.299484e-04
25            	-9.096391e-05
26            	-6.367474e-05
27            	-4.457232e-05
28            	-3.120062e-05
29            	-2.184044e-05
30            	-1.528830e-05
31            	-1.070181e-05
32            	-7.491269e-06
33            	-5.243889e-06
34            	-3.670722e-06
35            	-2.569505e-06
36            	-1.798654e-06
37            	-1.259058e-06
38            	-8.813403e-07
39            	-6.169382e-07
40            	-4.318568e-07
41            	-3.022997e-07
42            	-2.116098e-07
43            	-1.481269e-07
44            	-1.036888e-07
45            	-7.258217e-08
46            	-5.080752e-08
47            	-3.556526e-08
48            	-2.489568e-08
49            	-1.742698e-08
50            	-1.219888e-08
51            	-8.539219e-09
52            	-5.977454e-09
53            	-4.184218e-09
54            	-2.928952e-09
55            	-2.050267e-09
56            	-1.435187e-09
57            	-1.004631e-09
58            	-7.032414e-10
59            	-4.922690e-10
60            	-3.445883e-10
61            	-2.412118e-10
62            	-1.688483e-10
63            	-1.181938e-10
64            	-8.273565e-11
65            	-5.791496e-11
66            	-4.054047e-11
67            	-2.837833e-11
68            	-1.986483e-11
69            	-1.390538e-11
70            	-9.733767e-12
71            	-6.813637e-12
72            	-4.769546e-12
73            	-3.338682e-12
74            	-2.337077e-12
75            	-1.635954e-12
76            	-1.145168e-12
77            	-8.016175e-13
78            	-5.611323e-13
79            	-3.927926e-13
80            	-2.749548e-13
81            	-1.924684e-13
82            	-1.347279e-13
83            	-9.430950e-14
84            	-6.601665e-14
85            	-4.621166e-14
86            	-3.234816e-14
87            	-2.264371e-14
88            	-1.585060e-14
89            	-1.109542e-14
90            	-7.766793e-15
91            	-5.436755e-15
92            	-3.805729e-15
93            	-2.664010e-15
94            	-1.864807e-15
95            	-1.305365e-15
96            	-9.137554e-16
97            	-6.396288e-16
98            	-4.477402e-16
99            	-3.134181e-16
100           	-2.193927e-16
101           	-1.535749e-16
102           	-1.075024e-16
103           	-7.525169e-17
104           	-5.267618e-17
105           	-3.687333e-17
106           	-2.581133e-17
107           	-1.806793e-17
108           	-1.264755e-17
109           	-8.853286e-18
110           	-6.197300e-18
111           	-4.338110e-18
112           	-3.036677e-18
113           	-2.125674e-18
114           	-1.487972e-18
115           	-1.041580e-18
116           	-7.291062e-19
117           	-5.103743e-19
118           	-3.572620e-19
119           	-2.500834e-19
120           	-1.750584e-19
121           	-1.225409e-19
122           	-8.577861e-20
123           	-6.004503e-20
124           	-4.203152e-20
125           	-2.942206e-20
126           	-2.059544e-20
127           	-1.441681e-20
128           	-1.009177e-20
129           	-7.064238e-21
130           	-4.944966e-21
131           	-3.461476e-21
132           	-2.423033e-21
133           	-1.696123e-21
134           	-1.187286e-21
135           	-8.311005e-22
136           	-5.817703e-22
137           	-4.072392e-22
138           	-2.850675e-22
139           	-1.995472e-22
140           	-1.396831e-22
141           	-9.777814e-23
142           	-6.844470e-23
143           	-4.791129e-23
144           	-3.353790e-23
145           	-2.347653e-23
146           	-1.643357e-23
147           	-1.150350e-23
148           	-8.052450e-24
149           	-5.636715e-24
150           	-3.945701e-24
151           	-2.761990e-24
152           	-1.933393e-24
153           	-1.353375e-24
154           	-9.473627e-25
155           	-6.631539e-25
156           	-4.642077e-25
157           	-3.249454e-25
158           	-2.274618e-25
159           	-1.592233e-25
160           	-1.114563e-25
161           	-7.801939e-26
162           	-5.461358e-26
163           	-3.822950e-26
164           	-2.676065e-26
165           	-1.873246e-26
166           	-1.311272e-26
167           	-9.178904e-27
168           	-6.425233e-27
169           	-4.497663e-27
170           	-3.148364e-27
171           	-2.203855e-27
172           	-1.542698e-27
173           	-1.079889e-27
174           	-7.559222e-28
175           	-5.291455e-28
176           	-3.704019e-28
177           	-2.592813e-28
178           	-1.814969e-28
179           	-1.270478e-28
180           	-8.893349e-29
181           	-6.225344e-29
182           	-4.357741e-29
183           	-3.050419e-29
184           	-2.135293e-29
185           	-1.494705e-29
186           	-1.046294e-29
187           	-7.324055e-30
188           	-5.126839e-30
189           	-3.588787e-30
190           	-2.512151e-30
191           	-1.758506e-30
192           	-1.230954e-30
193           	-8.616678e-31
194           	-6.031674e-31
195           	-4.222172e-31
196           	-2.955520e-31
197           	-2.068864e-31
198           	-1.448205e-31
199           	-1.013744e-31
200           	-7.096205e-32
201           	-4.967343e-32
202           	-3.477140e-32
203           	-2.433998e-32
204           	-1.703799e-32
205           	-1.192659e-32
206           	-8.348614e-33
207           	-5.844030e-33
208           	-4.090821e-33
209           	-2.863575e-33
210           	-2.004502e-33
211           	-1.403152e-33
212           	-9.822061e-34
213           	-6.875443e-34
214           	-4.812810e-34
215           	-3.368967e-34
216           	-2.358277e-34
217           	-1.650794e-34
218           	-1.155556e-34
219           	-8.088889e-35
220           	-5.662223e-35
221           	-3.963556e-35
222           	-2.774489e-35
223           	-1.942142e-35
224           	-1.359500e-35
225           	-9.516497e-36
226           	-6.661548e-36
227           	-4.663084e-36
228           	-3.264159e-36
229           	-2.284911e-36
230           	-1.599438e-36
231           	-1.119606e-36
232           	-7.837245e-37
233           	-5.486071e-37
234           	-3.840250e-37
235           	-2.688175e-37
236           	-1.881722e-37
237           	-1.317206e-37
238           	-9.220440e-38
239           	-6.454308e-38
240           	-4.518016e-38
241           	-3.162611e-38
242           	-2.213828e-38
243           	-1.549679e-38
244           	-1.084776e-38
245           	-7.593429e-39
246           	-5.315400e-39
247           	-3.720780e-39
248           	-2.604546e-39
249           	-1.823182e-39
250           	-1.276228e-39
251           	-8.933593e-40
252           	-6.253515e-40
253           	-4.377461e-40
254           	-3.064222e-40
255           	-2.144956e-40
256           	-1.501469e-40
257           	-1.051028e-40
258           	-7.357198e-41
259           	-5.150039e-41
260           	-3.605027e-41
261           	-2.523519e-41
262           	-1.766463e-41
263           	-1.236524e-41
264           	-8.655670e-42
265           	-6.058969e-42
266           	-4.241278e-42
267           	-2.968895e-42
268           	-2.078226e-42
269           	-1.454758e-42
270           	-1.018331e-42
271           	-7.128317e-43
272           	-4.989822e-43
273           	-3.492875e-43
274           	-2.445013e-43
275           	-1.711509e-43
276           	-1.198056e-43
277           	-8.386393e-44
278           	-5.870475e-44
279           	-4.109333e-44
280           	-2.876533e-44
281           	-2.013573e-44
282           	-1.409501e-44
283           	-9.866508e-45
284           	-6.906555e-45
285           	-4.834589e-45
286           	-3.384212e-45
287           	-2.368948e-45
288           	-1.658264e-45
289           	-1.160785e-45
290           	-8.125493e-46
291           	-5.687845e-46
292           	-3.981492e-46
293           	-2.787044e-46
294           	-1.950931e-46
295           	-1.365652e-46
296           	-9.559562e-47
297           	-6.691693e-47
298           	-4.684185e-47
299           	-3.278930e-47
300           	-2.295251e-47
301           	-1.606676e-47
302           	-1.124673e-47
303           	-7.872710e-48
304           	-5.510897e-48
305           	-3.857628e-48
306           	-2.700340e-48
307           	-1.890238e-48
308           	-1.323166e-48
309           	-9.262165e-49
310           	-6.483515e-49
311           	-4.538461e-49
312           	-3.176922e-49
313           	-2.223846e-49
314           	-1.556692e-49
315           	-1.089684e-49
316           	-7.627791e-50
317           	-5.339454e-50
318           	-3.737618e-50
319           	-2.616332e-50
320           	-1.831433e-50
321           	-1.282003e-50
322           	-8.974020e-51
323           	-6.281814e-51
324           	-4.397270e-51
325           	-3.078089e-51
326           	-2.154662e-51
327           	-1.508263e-51
328           	-1.055784e-51
329           	-7.390491e-52
330           	-5.173344e-52
331           	-3.621341e-52
332           	-2.534938e-52
333           	-1.774457e-52
334           	-1.242120e-52
335           	-8.694839e-53
336           	-6.086387e-53
337           	-4.260471e-53
338           	-2.982330e-53
339           	-2.087631e-53
340           	-1.461342e-53
341           	-1.022939e-53
342           	-7.160574e-54
343           	-5.012402e-54
344           	-3.508681e-54
345           	-2.456077e-54
346           	-1.719254e-54
347           	-1.203478e-54
348           	-8.424343e-55
349           	-5.897040e-55
350           	-4.127928e-55
351           	-2.889550e-55
352           	-2.022685e-55
353           	-1.415879e-55
354           	-9.911156e-56
355           	-6.937809e-56
356           	-4.856466e-56
357           	-3.399526e-56
358           	-2.379668e-56
359           	-1.665768e-56
360           	-1.166038e-56
361           	-8.162263e-57
362           	-5.713584e-57
363           	-3.999509e-57
364           	-2.799656e-57
365           	-1.959759e-57
366           	-1.371832e-57
367           	-9.602821e-58
368           	-6.721974e-58
369           	-4.705382e-58
370           	-3.293767e-58
371           	-2.305637e-58
372           	-1.613946e-58
373           	-1.129762e-58
374           	-7.908336e-59
375           	-5.535835e-59
376           	-3.875085e-59
377           	-2.712559e-59
378           	-1.898791e-59
379           	-1.329154e-59
380           	-9.304078e-60
381           	-6.512855e-60
382           	-4.558998e-60
383           	-3.191299e-60
384           	-2.233909e-60
385           	-1.563736e-60
386           	-1.094615e-60
387           	-7.662308e-61
388           	-5.363616e-61
389           	-3.754531e-61
390           	-2.628172e-61
391           	-1.839720e-61
392           	-1.287804e-61
393           	-9.014629e-62
394           	-6.310240e-62
395           	-4.417168e-62
396           	-3.092018e-62
397           	-2.164412e-62
398           	-1.515089e-62
399           	-1.060562e-62
400           	-7.423935e-63
401           	-5.196754e-63
402           	-3.637728e-63
403           	-2.546410e-63
404           	-1.782487e-63
405           	-1.247741e-63
406           	-8.734185e-64
407           	-6.113929e-64
408           	-4.279751e-64
409           	-2.995825e-64
410           	-2.097078e-64
411           	-1.467954e-64
412           	-1.027568e-64
413           	-7.192977e-65
414           	-5.035084e-65
415           	-3.524559e-65
416           	-2.467191e-65
417           	-1.727034e-65
418           	-1.208924e-65
419           	-8.462465e-66
420           	-5.923726e-66
421           	-4.146608e-66
422           	-2.902626e-66
423           	-2.031838e-66
424           	-1.422287e-66
425           	-9.956006e-67
426           	-6.969204e-67
427           	-4.878443e-67
428           	-3.414910e-67
429           	-2.390437e-67
430           	-1.673306e-67
431           	-1.171314e-67
432           	-8.199199e-68
433           	-5.739439e-68
434           	-4.017607e-68
435           	-2.812325e-68
436           	-1.968628e-68
437           	-1.378039e-68
438           	-9.646275e-69
439           	-6.752393e-69
440           	-4.726675e-69
441           	-3.308672e-69
442           	-2.316071e-69
443           	-1.621250e-69
444           	-1.134875e-69
445           	-7.944123e-70
446           	-5.560886e-70
447           	-3.892620e-70
448           	-2.724834e-70
449           	-1.907384e-70
450           	-1.335169e-70
451           	-9.346181e-71
452           	-6.542327e-71
453           	-4.579629e-71
454           	-3.205740e-71
455           	-2.244018e-71
456           	-1.570813e-71
457           	-1.099569e-71
458           	-7.696982e-72
459           	-5.387887e-72
460           	-3.771521e-72
461           	-2.640065e-72
462           	-1.848045e-72
463           	-1.293632e-72
464           	-9.055422e-73
465           	-6.338795e-73
466           	-4.437157e-73
467           	-3.106010e-73
468           	-2.174207e-73
469           	-1.521945e-73
470           	-1.065361e-73
471           	-7.457529e-74
472           	-5.220271e-74
473           	-3.654189e-74
474           	-2.557933e-74
475           	-1.790553e-74
476           	-1.253387e-74
477           	-8.773709e-75
478           	-6.141596e-75
479           	-4.299117e-75
480           	-3.009382e-75
481           	-2.106567e-75
482           	-1.474597e-75
483           	-1.032218e-75
484           	-7.225527e-76
485           	-5.057869e-76
486           	-3.540508e-76
487           	-2.478356e-76
488           	-1.734849e-76
489           	-1.214394e-76
490           	-8.500760e-77
491           	-5.950532e-77
492           	-4.165372e-77
493           	-2.915761e-77
494           	-2.041032e-77
495           	-1.428723e-77
496           	-1.000106e-77
497           	-7.000741e-78
498           	-4.900519e-78
499           	-3.430363e-78
500           	-2.401254e-78
501           	-1.680878e-78
502           	-1.176615e-78
503           	-8.236302e-79
504           	-5.765411e-79
505           	-4.035788e-79
506           	-2.825052e-79
507           	-1.977536e-79
508           	-1.384275e-79
509           	-9.689927e-80
510           	-6.782949e-80
511           	-4.748064e-80
512           	-3.323645e-80
513           	-2.326551e-80
514           	-1.628586e-80
515           	-1.140010e-80
516           	-7.980071e-81
517           	-5.586050e-81
518           	-3.910235e-81
519           	-2.737165e-81
520           	-1.916015e-81
521           	-1.341211e-81
522           	-9.388474e-82
523           	-6.571932e-82
524           	-4.600352e-82
525           	-3.220247e-82
526           	-2.254173e-82
527           	-1.577921e-82
528           	-1.104545e-82
529           	-7.731812e-83
530           	-5.412269e-83
531           	-3.788588e-83
532           	-2.652012e-83
533           	-1.856408e-83
534           	-1.299486e-83
535           	-9.096400e-84
536           	-6.367480e-84
537           	-4.457236e-84
538           	-3.120065e-84
539           	-2.184046e-84
540           	-1.528832e-84
541           	-1.070182e-84
542           	-7.491276e-85
543           	-5.243893e-85
544           	-3.670725e-85
545           	-2.569508e-85
546           	-1.798655e-85
547           	-1.259059e-85
548           	-8.813412e-86
549           	-6.169388e-86
550           	-4.318572e-86
551           	-3.023000e-86
552           	-2.116100e-86
553           	-1.481270e-86
554           	-1.036889e-86
555           	-7.258224e-87
556           	-5.080756e-87
557           	-3.556530e-87
558           	-2.489571e-87
559           	-1.742699e-87
560           	-1.219890e-87
561           	-8.539227e-88
562           	-5.977459e-88
563           	-4.184221e-88
564           	-2.928955e-88
565           	-2.050269e-88
566           	-1.435188e-88
567           	-1.004632e-88
568           	-7.032421e-89
569           	-4.922695e-89
570           	-3.445886e-89
571           	-2.412120e-89
572           	-1.688484e-89
573           	-1.181939e-89
574           	-8.273573e-90
575           	-5.791501e-90
576           	-4.054051e-90
577           	-2.837836e-90
578           	-1.986485e-90
579           	-1.390539e-90
580           	-9.733776e-91
581           	-6.813643e-91
582           	-4.769550e-91
583           	-3.338685e-91
584           	-2.337080e-91
585           	-1.635956e-91
586           	-1.145169e-91
587           	-8.016183e-92
588           	-5.611328e-92
589           	-3.927930e-92
590           	-2.749551e-92
591           	-1.924686e-92
592           	-1.347280e-92
593           	-9.430959e-93
594           	-6.601671e-93
595           	-4.621170e-93
596           	-3.234819e-93
597           	-2.264373e-93
598           	-1.585061e-93
599           	-1.109543e-93
600           	-7.766800e-94
601           	-5.436760e-94
602           	-3.805732e-94
603           	-2.664013e-94
604           	-1.864809e-94
605           	-1.305366e-94
606           	-9.137563e-95
607           	-6.396294e-95
608           	-4.477406e-95
609           	-3.134184e-95
610           	-2.193929e-95
611           	-1.535750e-95
612           	-1.075025e-95
613           	-7.525176e-96
614           	-5.267623e-96
615           	-3.687336e-96
616           	-2.581135e-96
617           	-1.806795e-96
618           	-1.264756e-96
619           	-8.853294e-97
620           	-6.197306e-97
621           	-4.338114e-97
622           	-3.036680e-97
623           	-2.125676e-97
624           	-1.487973e-97
625           	-1.041581e-97
626           	-7.291069e-98
627           	-5.103748e-98
628           	-3.572624e-98
629           	-2.500837e-98
630           	-1.750586e-98
631           	-1.225410e-98
632           	-8.577869e-99
633           	-6.004508e-99
634           	-4.203156e-99
635           	-2.942209e-99
636           	-2.059546e-99
637           	-1.441682e-99
638           	-1.009178e-99
639           	-7.064244e-100
640           	-4.944971e-100
641           	-3.461480e-100
642           	-2.423036e-100
643           	-1.696125e-100
644           	-1.187288e-100
645           	-8.311013e-101
646           	-5.817709e-101
647           	-4.072396e-101
648           	-2.850677e-101
649           	-1.995474e-101
650           	-1.396832e-101
651           	-9.777823e-102
652           	-6.844476e-102
653           	-4.791133e-102
654           	-3.353793e-102
655           	-2.347655e-102
656           	-1.643359e-102
657           	-1.150351e-102
658           	-8.052458e-103
659           	-5.636721e-103
660           	-3.945704e-103
661           	-2.761993e-103
662           	-1.933395e-103
663           	-1.353377e-103
664           	-9.473636e-104
665           	-6.631545e-104
666           	-4.642082e-104
667           	-3.249457e-104
668           	-2.274620e-104
669           	-1.592234e-104
670           	-1.114564e-104
671           	-7.801947e-105
672           	-5.461363e-105
673           	-3.822954e-105
674           	-2.676068e-105
675           	-1.873247e-105
676           	-1.311273e-105
677           	-9.178912e-106
678           	-6.425239e-106
679           	-4.497667e-106
680           	-3.148367e-106
681           	-2.203857e-106
682           	-1.542700e-106
683           	-1.079890e-106
684           	-7.559229e-107
685           	-5.291460e-107
686           	-3.704022e-107
687           	-2.592816e-107
688           	-1.814971e-107
689           	-1.270480e-107
690           	-8.893357e-108
691           	-6.225350e-108
692           	-4.357745e-108
693           	-3.050422e-108
694           	-2.135295e-108
695           	-1.494707e-108
696           	-1.046295e-108
697           	-7.324062e-109
698           	-5.126844e-109
699           	-3.588790e-109
700           	-2.512153e-109
701           	-1.758507e-109
702           	-1.230955e-109
703           	-8.616686e-110
704           	-6.031680e-110
705           	-4.222176e-110
706           	-2.955523e-110
707           	-2.068866e-110
708           	-1.448206e-110
709           	-1.013744e-110
710           	-7.096211e-111
711           	-4.967348e-111
712           	-3.477144e-111
713           	-2.434000e-111
714           	-1.703800e-111
715           	-1.192660e-111
716           	-8.348622e-112
717           	-5.844035e-112
718           	-4.090825e-112
719           	-2.863577e-112
720           	-2.004504e-112
721           	-1.403153e-112
722           	-9.822070e-113
723           	-6.875449e-113
724           	-4.812814e-113
725           	-3.368970e-113
726           	-2.358279e-113
727           	-1.650795e-113
728           	-1.155557e-113
729           	-8.088897e-114
730           	-5.662228e-114
731           	-3.963560e-114
732           	-2.774492e-114
733           	-1.942144e-114
734           	-1.359501e-114
735           	-9.516506e-115
736           	-6.661554e-115
737           	-4.663088e-115
738           	-3.264162e-115
739           	-2.284913e-115
740           	-1.599439e-115
741           	-1.119607e-115
742           	-7.837252e-116
743           	-5.486077e-116
744           	-3.840254e-116
745           	-2.688178e-116
746           	-1.881724e-116
747           	-1.317207e-116
748           	-9.220449e-117
749           	-6.454314e-117
750           	-4.518020e-117
751           	-3.162614e-117
752           	-2.213830e-117
753           	-1.549681e-117
754           	-1.084777e-117
755           	-7.593436e-118
756           	-5.315405e-118
757           	-3.720784e-118
758           	-2.604549e-118
759           	-1.823184e-118
760           	-1.276229e-118
761           	-8.933602e-119
762           	-6.253521e-119
763           	-4.377465e-119
764           	-3.064225e-119
765           	-2.144958e-119
766           	-1.501470e-119
767           	-1.051029e-119
768           	-7.357205e-120
769           	-5.150044e-120
770           	-3.605030e-120
771           	-2.523521e-120
772           	-1.766465e-120
773           	-1.236525e-120
774           	-8.655678e-121
775           	-6.058975e-121
776           	-4.241282e-121
777           	-2.968898e-121
778           	-2.078228e-121
779           	-1.454760e-121
780           	-1.018332e-121
781           	-7.128323e-122
782           	-4.989826e-122
783           	-3.492878e-122
784           	-2.445015e-122
785           	-1.711510e-122
786           	-1.198057e-122
787           	-8.386401e-123
788           	-5.870481e-123
789           	-4.109336e-123
790           	-2.876536e-123
791           	-2.013575e-123
792           	-1.409502e-123
793           	-9.866517e-124
794           	-6.906562e-124
795           	-4.834593e-124
796           	-3.384215e-124
797           	-2.368951e-124
798           	-1.658265e-124
799           	-1.160786e-124
800           	-8.125501e-125
801           	-5.687851e-125
802           	-3.981495e-125
803           	-2.787047e-125
804           	-1.950933e-125
805           	-1.365653e-125
806           	-9.559571e-126
807           	-6.691699e-126
808           	-4.684190e-126
809           	-3.278933e-126
810           	-2.295253e-126
811           	-1.606677e-126
812           	-1.124674e-126
813           	-7.872717e-127
814           	-5.510902e-127
815           	-3.857632e-127
816           	-2.700342e-127
817           	-1.890239e-127
818           	-1.323168e-127
819           	-9.262173e-128
820           	-6.483521e-128
821           	-4.538465e-128
822           	-3.176925e-128
823           	-2.223848e-128
824           	-1.556693e-128
825           	-1.089685e-128
826           	-7.627798e-129
827           	-5.339459e-129
828           	-3.737621e-129
829           	-2.616335e-129
830           	-1.831434e-129
831           	-1.282004e-129
832           	-8.974028e-130
833           	-6.281820e-130
834           	-4.397274e-130
835           	-3.078092e-130
836           	-2.154664e-130
837           	-1.508265e-130
838           	-1.055785e-130
839           	-7.390498e-131
840           	-5.173349e-131
841           	-3.621344e-131
842           	-2.534941e-131
843           	-1.774459e-131
844           	-1.242121e-131
845           	-8.694847e-132
846           	-6.086393e-132
847           	-4.260475e-132
848           	-2.982333e-132
849           	-2.087633e-132
850           	-1.461343e-132
851           	-1.022940e-132
852           	-7.160580e-133
853           	-5.012406e-133
854           	-3.508684e-133
855           	-2.456079e-133
856           	-1.719255e-133
857           	-1.203479e-133
858           	-8.424351e-134
859           	-5.897046e-134
860           	-4.127932e-134
861           	-2.889552e-134
862           	-2.022687e-134
863           	-1.415881e-134
864           	-9.911165e-135
865           	-6.937815e-135
866           	-4.856471e-135
867           	-3.399530e-135
868           	-2.379671e-135
869           	-1.665769e-135
870           	-1.166039e-135
871           	-8.162271e-136
872           	-5.713589e-136
873           	-3.999513e-136
874           	-2.799659e-136
875           	-1.959761e-136
876           	-1.371833e-136
877           	-9.602830e-137
878           	-6.721981e-137
879           	-4.705387e-137
880           	-3.293771e-137
881           	-2.305639e-137
882           	-1.613948e-137
883           	-1.129763e-137
884           	-7.908343e-138
885           	-5.535840e-138
886           	-3.875088e-138
887           	-2.712562e-138
888           	-1.898793e-138
889           	-1.329155e-138
890           	-9.304087e-139
891           	-6.512861e-139
892           	-4.559002e-139
893           	-3.191302e-139
894           	-2.233911e-139
895           	-1.563738e-139
896           	-1.094616e-139
897           	-7.662315e-140
898           	-5.363621e-140
899           	-3.754535e-140
900           	-2.628174e-140
901           	-1.839722e-140
902           	-1.287805e-140
903           	-9.014637e-141
904           	-6.310246e-141
905           	-4.417172e-141
906           	-3.092021e-141
907           	-2.164414e-141
908           	-1.515090e-141
909           	-1.060563e-141
910           	-7.423942e-142
911           	-5.196759e-142
912           	-3.637731e-142
913           	-2.546412e-142
914           	-1.782488e-142
915           	-1.247742e-142
916           	-8.734193e-143
917           	-6.113935e-143
918           	-4.279755e-143
919           	-2.995828e-143
920           	-2.097080e-143
921           	-1.467956e-143
922           	-1.027569e-143
923           	-7.192984e-144
924           	-5.035088e-144
925           	-3.524562e-144
926           	-2.467193e-144
927           	-1.727035e-144
928           	-1.208925e-144
929           	-8.462473e-145
930           	-5.923731e-145
931           	-4.146612e-145
932           	-2.902628e-145
933           	-2.031840e-145
934           	-1.422288e-145
935           	-9.956015e-146
936           	-6.969211e-146
937           	-4.878447e-146
938           	-3.414913e-146
939           	-2.390439e-146
940           	-1.673307e-146
941           	-1.171315e-146
942           	-8.199207e-147
943           	-5.739445e-147
944           	-4.017611e-147
945           	-2.812328e-147
946           	-1.968629e-147
947           	-1.378041e-147
948           	-9.646284e-148
949           	-6.752399e-148
950           	-4.726679e-148
951           	-3.308676e-148
952           	-2.316073e-148
953           	-1.621251e-148
954           	-1.134876e-148
955           	-7.944130e-149
956           	-5.560891e-149
957           	-3.892624e-149
958           	-2.724837e-149
959           	-1.907386e-149
960           	-1.335170e-149
961           	-9.346190e-150
962           	-6.542333e-150
963           	-4.579633e-150
964           	-3.205743e-150
965           	-2.244020e-150
966           	-1.570814e-150
967           	-1.099570e-150
968           	-7.696989e-151
969           	-5.387892e-151
970           	-3.771525e-151
971           	-2.640067e-151
972           	-1.848047e-151
973           	-1.293633e-151
974           	-9.055431e-152
975           	-6.338801e-152
976           	-4.437161e-152
977           	-3.106013e-152
978           	-2.174209e-152
979           	-1.521946e-152
980           	-1.065362e-152
981           	-7.457536e-153
982           	-5.220276e-153
983           	-3.654193e-153
984           	-2.557935e-153
985           	-1.790555e-153
986           	-1.253388e-153
987           	-8.773717e-154
988           	-6.141602e-154
989           	-4.299121e-154
990           	-3.009385e-154
991           	-2.106569e-154
992           	-1.474599e-154
993           	-1.032219e-154
994           	-7.225533e-155
995           	-5.057873e-155
996           	-3.540511e-155
997           	-2.478358e-155
998           	-1.734851e-155
999           	-1.214395e-155
1000          	-8.500768e-156
1001          	-5.950537e-156
1002          	-4.165376e-156
1003          	-2.915763e-156
1004          	-2.041034e-156
1005          	-1.428724e-156
1006          	-1.000107e-156
1007          	-7.000748e-157
1008          	-4.900523e-157
1009          	-3.430366e-157
1010          	-2.401256e-157
1011          	-1.680880e-157
1012          	-1.176616e-157
1013          	-8.236310e-158
1014          	-5.765417e-158
1015          	-4.035792e-158
1016          	-2.825054e-158
1017          	-1.977538e-158
1018          	-1.384277e-158
1019          	-9.689936e-159
1020          	-6.782955e-159
1021          	-4.748069e-159
1022          	-3.323648e-159
1023          	-2.326554e-159
1024          	-1.628588e-159
1025          	-1.140011e-159
1026          	-7.980079e-160
1027          	-5.586055e-160
1028          	-3.910239e-160
1029          	-2.737167e-160
1030          	-1.916017e-160
1031          	-1.341212e-160
1032          	-9.388483e-161
1033          	-6.571938e-161
1034          	-4.600357e-161
1035          	-3.220250e-161
1036          	-2.254175e-161
1037          	-1.577922e-161
1038          	-1.104546e-161
1039          	-7.731819e-162
1040          	-5.412274e-162
1041          	-3.788592e-162
1042          	-2.652014e-162
1043          	-1.856410e-162
1044          	-1.299487e-162
1045          	-9.096408e-163
1046          	-6.367486e-163
1047          	-4.457240e-163
1048          	-3.120068e-163
1049          	-2.184048e-163
1050          	-1.528833e-163
1051          	-1.070183e-163
1052          	-7.491283e-164
1053          	-5.243898e-164
1054          	-3.670729e-164
1055          	-2.569510e-164
1056          	-1.798657e-164
1057          	-1.259060e-164
1058          	-8.813420e-165
1059          	-6.169394e-165
1060          	-4.318576e-165
1061          	-3.023003e-165
1062          	-2.116102e-165
1063          	-1.481271e-165
1064          	-1.036890e-165
1065          	-7.258230e-166
1066          	-5.080761e-166
1067          	-3.556533e-166
1068          	-2.489573e-166
1069          	-1.742701e-166
1070          	-1.219891e-166
1071          	-8.539235e-167
1072          	-5.977465e-167
1073          	-4.184225e-167
1074          	-2.928958e-167
1075          	-2.050270e-167
1076          	-1.435189e-167
1077          	-1.004633e-167
1078          	-7.032428e-168
1079          	-4.922699e-168
1080          	-3.445890e-168
1081          	-2.412123e-168
1082          	-1.688486e-168
1083          	-1.181940e-168
1084          	-8.273581e-169
1085          	-5.791506e-169
1086          	-4.054055e-169
1087          	-2.837838e-169
1088          	-1.986487e-169
1089          	-1.390541e-169
1090          	-9.733785e-170
1091          	-6.813649e-170
1092          	-4.769555e-170
1093          	-3.338688e-170
1094          	-2.337082e-170
1095          	-1.635957e-170
1096          	-1.145170e-170
1097          	-8.016190e-171
1098          	-5.611333e-171
1099          	-3.927933e-171
1100          	-2.749553e-171
1101          	-1.924687e-171
1102          	-1.347281e-171
1103          	-9.430968e-172
1104          	-6.601678e-172
1105          	-4.621174e-172
1106          	-3.234822e-172
1107          	-2.264375e-172
1108          	-1.585063e-172
1109          	-1.109544e-172
1110          	-7.766808e-173
1111          	-5.436765e-173
1112          	-3.805736e-173
1113          	-2.664015e-173
1114          	-1.864811e-173
1115          	-1.305367e-173
1116          	-9.137571e-174
1117          	-6.396300e-174
1118          	-4.477410e-174
1119          	-3.134187e-174
1120          	-2.193931e-174
1121          	-1.535752e-174
1122          	-1.075026e-174
1123          	-7.525183e-175
1124          	-5.267628e-175
1125          	-3.687340e-175
1126          	-2.581138e-175
1127          	-1.806796e-175
1128          	-1.264758e-175
1129          	-8.853303e-176
1130          	-6.197312e-176
1131          	-4.338118e-176
1132          	-3.036683e-176
1133          	-2.125678e-176
1134          	-1.487975e-176
1135          	-1.041582e-176
1136          	-7.291075e-177
1137          	-5.103753e-177
1138          	-3.572627e-177
1139          	-2.500839e-177
1140          	-1.750587e-177
1141          	-1.225411e-177
1142          	-8.577877e-178
1143          	-6.004514e-178
1144          	-4.203160e-178
1145          	-2.942212e-178
1146          	-2.059548e-178
1147          	-1.441684e-178
1148          	-1.009179e-178
1149          	-7.064251e-179
1150          	-4.944976e-179
1151          	-3.461483e-179
1152          	-2.423038e-179
1153          	-1.696127e-179
1154          	-1.187289e-179
1155          	-8.311020e-180
1156          	-5.817714e-180
1157          	-4.072400e-180
1158          	-2.850680e-180
1159          	-1.995476e-180
1160          	-1.396833e-180
1161          	-9.777832e-181
1162          	-6.844483e-181
1163          	-4.791138e-181
1164          	-3.353797e-181
1165          	-2.347658e-181
1166          	-1.643360e-181
1167          	-1.150352e-181
1168          	-8.052465e-182
1169          	-5.636726e-182
1170          	-3.945708e-182
1171          	-2.761996e-182
1172          	-1.933397e-182
1173          	-1.353378e-182
1174          	-9.473645e-183
1175          	-6.631552e-183
1176          	-4.642086e-183
1177          	-3.249460e-183
1178          	-2.274622e-183
1179          	-1.592236e-183
1180          	-1.114565e-183
1181          	-7.801954e-184
1182          	-5.461368e-184
1183          	-3.822957e-184
1184          	-2.676070e-184
1185          	-1.873249e-184
1186          	-1.311274e-184
1187          	-9.178921e-185
1188          	-6.425245e-185
1189          	-4.497671e-185
1190          	-3.148370e-185
1191          	-2.203859e-185
1192          	-1.542701e-185
1193          	-1.079891e-185
1194          	-7.559236e-186
1195          	-5.291465e-186
1196          	-3.704026e-186
1197          	-2.592818e-186
1198          	-1.814973e-186
1199          	-1.270481e-186
1200          	-8.893366e-187
1201          	-6.225356e-187
1202          	-4.357749e-187
1203          	-3.050424e-187
1204          	-2.135297e-187
1205          	-1.494708e-187
1206          	-1.046296e-187
1207          	-7.324069e-188
1208          	-5.126848e-188
1209          	-3.588794e-188
1210          	-2.512156e-188
1211          	-1.758509e-188
1212          	-1.230956e-188
1213          	-8.616694e-189
1214          	-6.031686e-189
1215          	-4.222180e-189
1216          	-2.955526e-189
1217          	-2.068868e-189
1218          	-1.448208e-189
1219          	-1.013745e-189
1220          	-7.096218e-190
1221          	-4.967353e-190
1222          	-3.477147e-190
1223          	-2.434003e-190
1224          	-1.703802e-190
1225          	-1.192661e-190
1226          	-8.348630e-191
1227          	-5.844041e-191
1228          	-4.090828e-191
1229          	-2.863580e-191
1230          	-2.004506e-191
1231          	-1.403154e-191
1232          	-9.822079e-192
1233          	-6.875455e-192
1234          	-4.812819e-192
1235          	-3.368973e-192
1236          	-2.358281e-192
1237          	-1.650797e-192
1238          	-1.155558e-192
1239          	-8.088905e-193
1240          	-5.662233e-193
1241          	-3.963563e-193
1242          	-2.774494e-193
1243          	-1.942146e-193
1244          	-1.359502e-193
1245          	-9.516515e-194
1246          	-6.661561e-194
1247          	-4.663092e-194
1248          	-3.264165e-194
1249          	-2.284915e-194
1250          	-1.599441e-194
1251          	-1.119609e-194
1252          	-7.837260e-195
1253          	-5.486082e-195
1254          	-3.840257e-195
1255          	-2.688180e-195
1256          	-1.881726e-195
1257          	-1.317208e-195
1258          	-9.220457e-196
1259          	-6.454320e-196
1260          	-4.518024e-196
1261          	-3.162617e-196
1262          	-2.213832e-196
1263          	-1.549682e-196
1264          	-1.084778e-196
1265          	-7.593443e-197
1266          	-5.315410e-197
1267          	-3.720787e-197
1268          	-2.604551e-197
1269          	-1.823186e-197
1270          	-1.276230e-197
1271          	-8.933610e-198
1272          	-6.253527e-198
1273          	-4.377469e-198
1274          	-3.064228e-198
1275          	-2.144960e-198
1276          	-1.501472e-198
1277          	-1.051030e-198
1278          	-7.357212e-199
1279          	-5.150048e-199
1280          	-3.605034e-199
1281          	-2.523524e-199
1282          	-1.766467e-199
1283          	-1.236527e-199
1284          	-8.655686e-200
1285          	-6.058980e-200
1286          	-4.241286e-200
1287          	-2.968900e-200
1288          	-2.078230e-200
1289          	-1.454761e-200
1290          	-1.018333e-200
1291          	-7.128330e-201
1292          	-4.989831e-201
1293          	-3.492882e-201
1294          	-2.445017e-201
1295          	-1.711512e-201
1296          	-1.198058e-201
1297          	-8.386409e-202
1298          	-5.870486e-202
1299          	-4.109340e-202
1300          	-2.876538e-202
1301          	-2.013577e-202
1302          	-1.409504e-202
1303          	-9.866526e-203
1304          	-6.906568e-203
1305          	-4.834598e-203
1306          	-3.384218e-203
1307          	-2.368953e-203
1308          	-1.658267e-203
1309          	-1.160787e-203
1310          	-8.125509e-204
1311          	-5.687856e-204
1312          	-3.981499e-204
1313          	-2.787049e-204
1314          	-1.950935e-204
1315          	-1.365654e-204
1316          	-9.559580e-205
1317          	-6.691706e-205
1318          	-4.684194e-205
1319          	-3.278936e-205
1320          	-2.295255e-205
1321          	-1.606679e-205
1322          	-1.124675e-205
1323          	-7.872725e-206
1324          	-5.510907e-206
1325          	-3.857635e-206
1326          	-2.700345e-206
1327          	-1.890241e-206
1328          	-1.323169e-206
1329          	-9.262182e-207
1330          	-6.483527e-207
1331          	-4.538469e-207
1332          	-3.176928e-207
1333          	-2.223850e-207
1334          	-1.556695e-207
1335          	-1.089686e-207
1336          	-7.627805e-208
1337          	-5.339464e-208
1338          	-3.737625e-208
1339          	-2.616337e-208
1340          	-1.831436e-208
1341          	-1.282005e-208
1342          	-8.974036e-209
1343          	-6.281826e-209
1344          	-4.397278e-209
1345          	-3.078095e-209
1346          	-2.154666e-209
1347          	-1.508266e-209
1348          	-1.055786e-209
1349          	-7.390505e-210
1350          	-5.173353e-210
1351          	-3.621347e-210
1352          	-2.534943e-210
1353          	-1.774460e-210
1354          	-1.242122e-210
1355          	-8.694855e-211
1356          	-6.086399e-211
1357          	-4.260479e-211
1358          	-2.982335e-211
1359          	-2.087635e-211
1360          	-1.461344e-211
1361          	-1.022941e-211
1362          	-7.160587e-212
1363          	-5.012411e-212
1364          	-3.508688e-212
1365          	-2.456081e-212
1366          	-1.719257e-212
1367          	-1.203480e-212
1368          	-8.424359e-213
1369          	-5.897051e-213
1370          	-4.127936e-213
1371          	-2.889555e-213
1372          	-2.022689e-213
1373          	-1.415882e-213
1374          	-9.911174e-214
1375          	-6.937822e-214
1376          	-4.856475e-214
1377          	-3.399533e-214
1378          	-2.379673e-214
1379          	-1.665771e-214
1380          	-1.166040e-214
1381          	-8.162278e-215
1382          	-5.713595e-215
1383          	-3.999516e-215
1384          	-2.799661e-215
1385          	-1.959763e-215
1386          	-1.371834e-215
1387          	-9.602839e-216
1388          	-6.721987e-216
1389          	-4.705391e-216
1390          	-3.293774e-216
1391          	-2.305642e-216
1392          	-1.613949e-216
1393          	-1.129764e-216
1394          	-7.908351e-217
1395          	-5.535845e-217
1396          	-3.875092e-217
1397          	-2.712564e-217
1398          	-1.898795e-217
1399          	-1.329156e-217
1400          	-9.304095e-218
1401          	-6.512867e-218
1402          	-4.559007e-218
1403          	-3.191305e-218
1404          	-2.233913e-218
1405          	-1.563739e-218
1406          	-1.094618e-218
1407          	-7.662323e-219
1408          	-5.363626e-219
1409          	-3.754538e-219
1410          	-2.628177e-219
1411          	-1.839724e-219
1412          	-1.287807e-219
1413          	-9.014646e-220
1414          	-6.310252e-220
1415          	-4.417176e-220
1416          	-3.092024e-220
1417          	-2.164416e-220
1418          	-1.515092e-220
1419          	-1.060564e-220
1420          	-7.423949e-221
1421          	-5.196764e-221
1422          	-3.637735e-221
1423          	-2.546414e-221
1424          	-1.782490e-221
1425          	-1.247743e-221
1426          	-8.734201e-222
1427          	-6.113941e-222
1428          	-4.279759e-222
1429          	-2.995831e-222
1430          	-2.097082e-222
1431          	-1.467957e-222
1432          	-1.027570e-222
1433          	-7.192990e-223
1434          	-5.035093e-223
1435          	-3.524565e-223
1436          	-2.467196e-223
1437          	-1.727037e-223
1438          	-1.208926e-223
1439          	-8.462481e-224
1440          	-5.923737e-224
1441          	-4.146616e-224
1442          	-2.902631e-224
1443          	-2.031842e-224
1444          	-1.422289e-224
1445          	-9.956024e-225
1446          	-6.969217e-225
1447          	-4.878452e-225
1448          	-3.414916e-225
1449          	-2.390441e-225
1450          	-1.673309e-225
1451          	-1.171316e-225
1452          	-8.199214e-226
1453          	-5.739450e-226
1454          	-4.017615e-226
1455          	-2.812330e-226
1456          	-1.968631e-226
1457          	-1.378042e-226
1458          	-9.646294e-227
1459          	-6.752405e-227
1460          	-4.726684e-227
1461          	-3.308679e-227
1462          	-2.316075e-227
1463          	-1.621253e-227
1464          	-1.134877e-227
1465          	-7.944138e-228
1466          	-5.560896e-228
1467          	-3.892627e-228
1468          	-2.724839e-228
1469          	-1.907387e-228
1470          	-1.335171e-228
1471          	-9.346198e-229
1472          	-6.542339e-229
1473          	-4.579637e-229
1474          	-3.205746e-229
1475          	-2.244022e-229
1476          	-1.570816e-229
1477          	-1.099571e-229
1478          	-7.696996e-230
1479          	-5.387897e-230
1480          	-3.771528e-230
1481          	-2.640070e-230
1482          	-1.848049e-230
1483          	-1.293634e-230
1484          	-9.055439e-231
1485          	-6.338807e-231
1486          	-4.437165e-231
1487          	-3.106016e-231
1488          	-2.174211e-231
1489          	-1.521948e-231
1490          	-1.065363e-231
1491          	-7.457543e-232
1492          	-5.220280e-232
1493          	-3.654196e-232
1494          	-2.557937e-232
1495          	-1.790556e-232
1496          	-1.253389e-232
1497          	-8.773725e-233
1498          	-6.141608e-233
1499          	-4.299125e-233
1500          	-3.009388e-233
1501          	-2.106571e-233
1502          	-1.474600e-233
1503          	-1.032220e-233
1504          	-7.225540e-234
1505          	-5.057878e-234
1506          	-3.540515e-234
1507          	-2.478360e-234
1508          	-1.734852e-234
1509          	-1.214397e-234
1510          	-8.500776e-235
1511          	-5.950543e-235
1512          	-4.165380e-235
1513          	-2.915766e-235
1514          	-2.041036e-235
1515          	-1.428725e-235
1516          	-1.000108e-235
1517          	-7.000754e-236
1518          	-4.900528e-236
1519          	-3.430370e-236
1520          	-2.401259e-236
1521          	-1.680881e-236
1522          	-1.176617e-236
1523          	-8.236317e-237
1524          	-5.765422e-237
1525          	-4.035796e-237
1526          	-2.825057e-237
1527          	-1.977540e-237
1528          	-1.384278e-237
1529          	-9.689945e-238
1530          	-6.782962e-238
1531          	-4.748073e-238
1532          	-3.323651e-238
1533          	-2.326556e-238
1534          	-1.628589e-238
1535          	-1.140012e-238
1536          	-7.980086e-239
1537          	-5.586060e-239
1538          	-3.910242e-239
1539          	-2.737170e-239
1540          	-1.916019e-239
1541          	-1.341213e-239
1542          	-9.388492e-240
1543          	-6.571944e-240
1544          	-4.600361e-240
1545          	-3.220253e-240
1546          	-2.254177e-240
1547          	-1.577924e-240
1548          	-1.104547e-240
1549          	-7.731827e-241
1550          	-5.412279e-241
1551          	-3.788595e-241
1552          	-2.652017e-241
1553          	-1.856412e-241
1554          	-1.299488e-241
1555          	-9.096417e-242
1556          	-6.367492e-242
1557          	-4.457244e-242
1558          	-3.120071e-242
1559          	-2.184050e-242
1560          	-1.528835e-242
1561          	-1.070184e-242
1562          	-7.491290e-243
1563          	-5.243903e-243
1564          	-3.670732e-243
1565          	-2.569513e-243
1566          	-1.798659e-243
1567          	-1.259061e-243
1568          	-8.813428e-244
1569          	-6.169400e-244
1570          	-4.318580e-244
1571          	-3.023006e-244
1572          	-2.116104e-244
1573          	-1.481273e-244
1574          	-1.036891e-244
1575          	-7.258237e-245
1576          	-5.080766e-245
1577          	-3.556536e-245
1578          	-2.489575e-245
1579          	-1.742703e-245
1580          	-1.219892e-245
1581          	-8.539243e-246
1582          	-5.977470e-246
1583          	-4.184229e-246
1584          	-2.928960e-246
1585          	-2.050272e-246
1586          	-1.435191e-246
1587          	-1.004633e-246
1588          	-7.032434e-247
1589          	-4.922704e-247
1590          	-3.445893e-247
1591          	-2.412125e-247
1592          	-1.688487e-247
1593          	-1.181941e-247
1594          	-8.273588e-248
1595          	-5.791512e-248
1596          	-4.054058e-248
1597          	-2.837841e-248
1598          	-1.986489e-248
1599          	-1.390542e-248
1600          	-9.733794e-249
1601          	-6.813656e-249
1602          	-4.769559e-249
1603          	-3.338691e-249
1604          	-2.337084e-249
1605          	-1.635959e-249
1606          	-1.145171e-249
1607          	-8.016198e-250
1608          	-5.611339e-250
1609          	-3.927937e-250
1610          	-2.749556e-250
1611          	-1.924689e-250
1612          	-1.347282e-250
1613          	-9.430977e-251
1614          	-6.601684e-251
1615          	-4.621179e-251
1616          	-3.234825e-251
1617          	-2.264378e-251
1618          	-1.585064e-251
1619          	-1.109545e-251
1620          	-7.766815e-252
1621          	-5.436770e-252
1622          	-3.805739e-252
1623          	-2.664018e-252
1624          	-1.864812e-252
1625          	-1.305369e-252
1626          	-9.137580e-253
1627          	-6.396306e-253
1628          	-4.477414e-253
1629          	-3.134190e-253
1630          	-2.193933e-253
1631          	-1.535753e-253
1632          	-1.075027e-253
1633          	-7.525190e-254
1634          	-5.267633e-254
1635          	-3.687343e-254
1636          	-2.581140e-254
1637          	-1.806798e-254
1638          	-1.264759e-254
1639          	-8.853311e-255
1640          	-6.197318e-255
1641          	-4.338122e-255
1642          	-3.036686e-255
1643          	-2.125680e-255
1644          	-1.487976e-255
1645          	-1.041583e-255
1646          	-7.291082e-256
1647          	-5.103758e-256
1648          	-3.572630e-256
1649          	-2.500841e-256
1650          	-1.750589e-256
1651          	-1.225412e-256
1652          	-8.577885e-257
1653          	-6.004520e-257
1654          	-4.203164e-257
1655          	-2.942215e-257
1656          	-2.059550e-257
1657          	-1.441685e-257
1658          	-1.009180e-257
1659          	-7.064257e-258
1660          	-4.944980e-258
1661          	-3.461486e-258
1662          	-2.423040e-258
1663          	-1.696128e-258
1664          	-1.187290e-258
1665          	-8.311028e-259
1666          	-5.817720e-259
1667          	-4.072404e-259
1668          	-2.850683e-259
1669          	-1.995478e-259
1670          	-1.396835e-259
1671          	-9.777842e-260
1672          	-6.844489e-260
1673          	-4.791142e-260
1674          	-3.353800e-260
1675          	-2.347660e-260
1676          	-1.643362e-260
1677          	-1.150353e-260
1678          	-8.052473e-261
1679          	-5.636731e-261
1680          	-3.945712e-261
1681          	-2.761998e-261
1682          	-1.933399e-261
1683          	-1.353379e-261
1684          	-9.473654e-262
1685          	-6.631558e-262
1686          	-4.642090e-262
1687          	-3.249463e-262
1688          	-2.274624e-262
1689          	-1.592237e-262
1690          	-1.114566e-262
1691          	-7.801961e-263
1692          	-5.461373e-263
1693          	-3.822961e-263
1694          	-2.676073e-263
1695          	-1.873251e-263
1696          	-1.311276e-263
1697          	-9.178930e-264
1698          	-6.425251e-264
1699          	-4.497675e-264
1700          	-3.148373e-264
1701          	-2.203861e-264
1702          	-1.542703e-264
1703          	-1.079892e-264
1704          	-7.559243e-265
1705          	-5.291470e-265
1706          	-3.704029e-265
1707          	-2.592820e-265
1708          	-1.814974e-265
1709          	-1.270482e-265
1710          	-8.893374e-266
1711          	-6.225362e-266
1712          	-4.357753e-266
1713          	-3.050427e-266
1714          	-2.135299e-266
1715          	-1.494709e-266
1716          	-1.046297e-266
1717          	-7.324076e-267
1718          	-5.126853e-267
1719          	-3.588797e-267
1720          	-2.512158e-267
1721          	-1.758511e-267
1722          	-1.230957e-267
1723          	-8.616702e-268
1724          	-6.031691e-268
1725          	-4.222184e-268
1726          	-2.955529e-268
1727          	-2.068870e-268
1728          	-1.448209e-268
1729          	-1.013746e-268
1730          	-7.096225e-269
1731          	-4.967357e-269
1732          	-3.477150e-269
1733          	-2.434005e-269
1734          	-1.703804e-269
1735          	-1.192662e-269
1736          	-8.348637e-270
1737          	-5.844046e-270
1738          	-4.090832e-270
1739          	-2.863583e-270
1740          	-2.004508e-270
1741          	-1.403155e-270
1742          	-9.822088e-271
1743          	-6.875462e-271
1744          	-4.812823e-271
1745          	-3.368976e-271
1746          	-2.358283e-271
1747          	-1.650798e-271
1748          	-1.155559e-271
1749          	-8.088912e-272
1750          	-5.662238e-272
1751          	-3.963567e-272
1752          	-2.774497e-272
1753          	-1.942148e-272
1754          	-1.359503e-272
1755          	-9.516524e-273
1756          	-6.661567e-273
1757          	-4.663097e-273
1758          	-3.264168e-273
1759          	-2.284917e-273
1760          	-1.599442e-273
1761          	-1.119610e-273
1762          	-7.837267e-274
1763          	-5.486087e-274
1764          	-3.840261e-274
1765          	-2.688183e-274
1766          	-1.881728e-274
1767          	-1.317209e-274
1768          	-9.220466e-275
1769          	-6.454326e-275
1770          	-4.518028e-275
1771          	-3.162620e-275
1772          	-2.213834e-275
1773          	-1.549684e-275
1774          	-1.084779e-275
1775          	-7.593450e-276
1776          	-5.315415e-276
1777          	-3.720791e-276
1778          	-2.604553e-276
1779          	-1.823187e-276
1780          	-1.276231e-276
1781          	-8.933618e-277
1782          	-6.253533e-277
1783          	-4.377473e-277
1784          	-3.064231e-277
1785          	-2.144962e-277
1786          	-1.501473e-277
1787          	-1.051031e-277
1788          	-7.357219e-278
1789          	-5.150053e-278
1790          	-3.605037e-278
1791          	-2.523526e-278
1792          	-1.766468e-278
1793          	-1.236528e-278
1794          	-8.655694e-279
1795          	-6.058986e-279
1796          	-4.241290e-279
1797          	-2.968903e-279
1798          	-2.078232e-279
1799          	-1.454763e-279
1800          	-1.018334e-279
1801          	-7.128337e-280
1802          	-4.989836e-280
1803          	-3.492885e-280
1804          	-2.445019e-280
1805          	-1.711514e-280
1806          	-1.198060e-280
1807          	-8.386417e-281
1808          	-5.870492e-281
1809          	-4.109344e-281
1810          	-2.876541e-281
1811          	-2.013579e-281
1812          	-1.409505e-281
1813          	-9.866535e-282
1814          	-6.906575e-282
1815          	-4.834602e-282
1816          	-3.384222e-282
1817          	-2.368955e-282
1818          	-1.658269e-282
1819          	-1.160788e-282
1820          	-8.125516e-283
1821          	-5.687861e-283
1822          	-3.981503e-283
1823          	-2.787052e-283
1824          	-1.950936e-283
1825          	-1.365655e-283
1826          	-9.559588e-284
1827          	-6.691712e-284
1828          	-4.684198e-284
1829          	-3.278939e-284
1830          	-2.295257e-284
1831          	-1.606680e-284
1832          	-1.124676e-284
1833          	-7.872732e-285
1834          	-5.510913e-285
1835          	-3.857639e-285
1836          	-2.700347e-285
1837          	-1.890243e-285
1838          	-1.323170e-285
1839          	-9.262191e-286
1840          	-6.483533e-286
1841          	-4.538473e-286
1842          	-3.176931e-286
1843          	-2.223852e-286
1844          	-1.556696e-286
1845          	-1.089687e-286
1846          	-7.627812e-287
1847          	-5.339469e-287
1848          	-3.737628e-287
1849          	-2.616340e-287
1850          	-1.831438e-287
1851          	-1.282006e-287
1852          	-8.974045e-288
1853          	-6.281831e-288
1854          	-4.397282e-288
1855          	-3.078097e-288
1856          	-2.154668e-288
1857          	-1.508268e-288
1858          	-1.055787e-288
1859          	-7.390512e-289
1860          	-5.173358e-289
1861          	-3.621351e-289
1862          	-2.534946e-289
1863          	-1.774462e-289
1864          	-1.242123e-289
1865          	-8.694863e-290
1866          	-6.086404e-290
1867          	-4.260483e-290
1868          	-2.982338e-290
1869          	-2.087637e-290
1870          	-1.461346e-290
1871          	-1.022942e-290
1872          	-7.160594e-291
1873          	-5.012416e-291
1874          	-3.508691e-291
1875          	-2.456084e-291
1876          	-1.719259e-291
1877          	-1.203481e-291
1878          	-8.424367e-292
1879          	-5.897057e-292
1880          	-4.127940e-292
1881          	-2.889558e-292
1882          	-2.022691e-292
1883          	-1.415883e-292
1884          	-9.911184e-293
1885          	-6.937828e-293
1886          	-4.856480e-293
1887          	-3.399536e-293
1888          	-2.379675e-293
1889          	-1.665773e-293
1890          	-1.166041e-293
1891          	-8.162286e-294
1892          	-5.713600e-294
1893          	-3.999520e-294
1894          	-2.799664e-294
1895          	-1.959765e-294
