# Region type : patch out
# Faces  :    244
# Area   :    1.250000e-07
# Time        	areaAverage(p)
0             	0.000000e+00
1             	0.000000e+00
2             	0.000000e+00
3             	0.000000e+00
4             	-8.128197e-02
5             	-8.709152e-02
6             	-7.295809e-02
7             	-5.623659e-02
8             	-4.870926e-02
9             	-3.652279e-02
10            	-2.585642e-02
11            	-1.810897e-02
12            	-1.267628e-02
13            	-8.873397e-03
14            	-6.211378e-03
15            	-4.347965e-03
16            	-3.043575e-03
17            	-2.130503e-03
18            	-1.491352e-03
19            	-1.043946e-03
20            	-7.307624e-04
21            	-5.115337e-04
22            	-3.580736e-04
23            	-2.506515e-04
24            	-1.754561e-04
25            	-1.228192e-04
26            	-8.597347e-05
27            	-6.018143e-05
28            	-4.212700e-05
29            	-2.948890e-05
30            	-2.064223e-05
31            	-1.444956e-05
32            	-1.011469e-05
33            	-7.080285e-06
34            	-4.956199e-06
35            	-3.469340e-06
36            	-2.428538e-06
37            	-1.699976e-06
38            	-1.189983e-06
39            	-8.329884e-07
40            	-5.830919e-07
41            	-4.081643e-07
42            	-2.857150e-07
43            	-2.000005e-07
44            	-1.400004e-07
45            	-9.800026e-08
46            	-6.860018e-08
47            	-4.802013e-08
48            	-3.361409e-08
49            	-2.352986e-08
50            	-1.647090e-08
51            	-1.152963e-08
52            	-8.070742e-09
53            	-5.649520e-09
54            	-3.954664e-09
55            	-2.768265e-09
56            	-1.937785e-09
57            	-1.356450e-09
58            	-9.495148e-10
59            	-6.646603e-10
60            	-4.652622e-10
61            	-3.256836e-10
62            	-2.279785e-10
63            	-1.595849e-10
64            	-1.117095e-10
65            	-7.819663e-11
66            	-5.473764e-11
67            	-3.831635e-11
68            	-2.682144e-11
69            	-1.877501e-11
70            	-1.314251e-11
71            	-9.199755e-12
72            	-6.439828e-12
73            	-4.507880e-12
74            	-3.155516e-12
75            	-2.208861e-12
76            	-1.546203e-12
77            	-1.082342e-12
78            	-7.576394e-13
79            	-5.303476e-13
80            	-3.712433e-13
81            	-2.598703e-13
82            	-1.819092e-13
83            	-1.273364e-13
84            	-8.913551e-14
85            	-6.239486e-14
86            	-4.367640e-14
87            	-3.057348e-14
88            	-2.140144e-14
89            	-1.498101e-14
90            	-1.048670e-14
91            	-7.340693e-15
92            	-5.138485e-15
93            	-3.596939e-15
94            	-2.517858e-15
95            	-1.762500e-15
96            	-1.233750e-15
97            	-8.636252e-16
98            	-6.045376e-16
99            	-4.231763e-16
100           	-2.962234e-16
101           	-2.073564e-16
102           	-1.451495e-16
103           	-1.016046e-16
104           	-7.112325e-17
105           	-4.978627e-17
106           	-3.485039e-17
107           	-2.439527e-17
108           	-1.707669e-17
109           	-1.195368e-17
110           	-8.367579e-18
111           	-5.857305e-18
112           	-4.100114e-18
113           	-2.870080e-18
114           	-2.009056e-18
115           	-1.406339e-18
116           	-9.844373e-19
117           	-6.891061e-19
118           	-4.823743e-19
119           	-3.376620e-19
120           	-2.363634e-19
121           	-1.654544e-19
122           	-1.158181e-19
123           	-8.107264e-20
124           	-5.675085e-20
125           	-3.972559e-20
126           	-2.780792e-20
127           	-1.946554e-20
128           	-1.362588e-20
129           	-9.538115e-21
130           	-6.676681e-21
131           	-4.673677e-21
132           	-3.271574e-21
133           	-2.290101e-21
134           	-1.603071e-21
135           	-1.122150e-21
136           	-7.855048e-22
137           	-5.498534e-22
138           	-3.848974e-22
139           	-2.694282e-22
140           	-1.885997e-22
141           	-1.320198e-22
142           	-9.241386e-23
143           	-6.468970e-23
144           	-4.528279e-23
145           	-3.169795e-23
146           	-2.218857e-23
147           	-1.553200e-23
148           	-1.087240e-23
149           	-7.610678e-24
150           	-5.327475e-24
151           	-3.729232e-24
152           	-2.610463e-24
153           	-1.827324e-24
154           	-1.279127e-24
155           	-8.953887e-25
156           	-6.267721e-25
157           	-4.387405e-25
158           	-3.071183e-25
159           	-2.149828e-25
160           	-1.504880e-25
161           	-1.053416e-25
162           	-7.373911e-26
163           	-5.161738e-26
164           	-3.613216e-26
165           	-2.529251e-26
166           	-1.770476e-26
167           	-1.239333e-26
168           	-8.675333e-27
169           	-6.072733e-27
170           	-4.250913e-27
171           	-2.975639e-27
172           	-2.082947e-27
173           	-1.458063e-27
174           	-1.020644e-27
175           	-7.144509e-28
176           	-5.001157e-28
177           	-3.500810e-28
178           	-2.450567e-28
179           	-1.715397e-28
180           	-1.200778e-28
181           	-8.405444e-29
182           	-5.883811e-29
183           	-4.118667e-29
184           	-2.883067e-29
185           	-2.018147e-29
186           	-1.412703e-29
187           	-9.888921e-30
188           	-6.922244e-30
189           	-4.845571e-30
190           	-3.391900e-30
191           	-2.374330e-30
192           	-1.662031e-30
193           	-1.163422e-30
194           	-8.143951e-31
195           	-5.700766e-31
196           	-3.990536e-31
197           	-2.793375e-31
198           	-1.955363e-31
199           	-1.368754e-31
200           	-9.581277e-32
201           	-6.706894e-32
202           	-4.694826e-32
203           	-3.286378e-32
204           	-2.300465e-32
205           	-1.610325e-32
206           	-1.127228e-32
207           	-7.890594e-33
208           	-5.523416e-33
209           	-3.866391e-33
210           	-2.706474e-33
211           	-1.894532e-33
212           	-1.326172e-33
213           	-9.283205e-34
214           	-6.498243e-34
215           	-4.548770e-34
216           	-3.184139e-34
217           	-2.228897e-34
218           	-1.560228e-34
219           	-1.092160e-34
220           	-7.645118e-35
221           	-5.351583e-35
222           	-3.746108e-35
223           	-2.622276e-35
224           	-1.835593e-35
225           	-1.284915e-35
226           	-8.994405e-36
227           	-6.296084e-36
228           	-4.407259e-36
229           	-3.085081e-36
230           	-2.159557e-36
231           	-1.511690e-36
232           	-1.058183e-36
233           	-7.407279e-37
234           	-5.185096e-37
235           	-3.629567e-37
236           	-2.540697e-37
237           	-1.778488e-37
238           	-1.244941e-37
239           	-8.714590e-38
240           	-6.100213e-38
241           	-4.270149e-38
242           	-2.989104e-38
243           	-2.092373e-38
244           	-1.464661e-38
245           	-1.025263e-38
246           	-7.176840e-39
247           	-5.023788e-39
248           	-3.516652e-39
249           	-2.461656e-39
250           	-1.723159e-39
251           	-1.206211e-39
252           	-8.443480e-40
253           	-5.910436e-40
254           	-4.137305e-40
255           	-2.896114e-40
256           	-2.027280e-40
257           	-1.419096e-40
258           	-9.933670e-41
259           	-6.953569e-41
260           	-4.867498e-41
261           	-3.407249e-41
262           	-2.385074e-41
263           	-1.669552e-41
264           	-1.168686e-41
265           	-8.180804e-42
266           	-5.726563e-42
267           	-4.008594e-42
268           	-2.806016e-42
269           	-1.964211e-42
270           	-1.374948e-42
271           	-9.624635e-43
272           	-6.737244e-43
273           	-4.716071e-43
274           	-3.301250e-43
275           	-2.310875e-43
276           	-1.617612e-43
277           	-1.132329e-43
278           	-7.926300e-44
279           	-5.548410e-44
280           	-3.883887e-44
281           	-2.718721e-44
282           	-1.903105e-44
283           	-1.332173e-44
284           	-9.325213e-45
285           	-6.527649e-45
286           	-4.569354e-45
287           	-3.198548e-45
288           	-2.238984e-45
289           	-1.567289e-45
290           	-1.097102e-45
291           	-7.679714e-46
292           	-5.375800e-46
293           	-3.763060e-46
294           	-2.634142e-46
295           	-1.843899e-46
296           	-1.290730e-46
297           	-9.035107e-47
298           	-6.324575e-47
299           	-4.427202e-47
300           	-3.099042e-47
301           	-2.169329e-47
302           	-1.518530e-47
303           	-1.062971e-47
304           	-7.440799e-48
305           	-5.208559e-48
306           	-3.645992e-48
307           	-2.552194e-48
308           	-1.786536e-48
309           	-1.250575e-48
310           	-8.754026e-49
311           	-6.127818e-49
312           	-4.289473e-49
313           	-3.002631e-49
314           	-2.101842e-49
315           	-1.471289e-49
316           	-1.029902e-49
317           	-7.209317e-50
318           	-5.046522e-50
319           	-3.532565e-50
320           	-2.472796e-50
321           	-1.730957e-50
322           	-1.211670e-50
323           	-8.481689e-51
324           	-5.937182e-51
325           	-4.156028e-51
326           	-2.909219e-51
327           	-2.036453e-51
328           	-1.425517e-51
329           	-9.978622e-52
330           	-6.985035e-52
331           	-4.889525e-52
332           	-3.422667e-52
333           	-2.395867e-52
334           	-1.677107e-52
335           	-1.173975e-52
336           	-8.217824e-53
337           	-5.752477e-53
338           	-4.026734e-53
339           	-2.818714e-53
340           	-1.973100e-53
341           	-1.381170e-53
342           	-9.668188e-54
343           	-6.767732e-54
344           	-4.737412e-54
345           	-3.316189e-54
346           	-2.321332e-54
347           	-1.624932e-54
348           	-1.137453e-54
349           	-7.962169e-55
350           	-5.573518e-55
351           	-3.901463e-55
352           	-2.731024e-55
353           	-1.911717e-55
354           	-1.338202e-55
355           	-9.367412e-56
356           	-6.557188e-56
357           	-4.590032e-56
358           	-3.213022e-56
359           	-2.249116e-56
360           	-1.574381e-56
361           	-1.102067e-56
362           	-7.714466e-57
363           	-5.400127e-57
364           	-3.780089e-57
365           	-2.646062e-57
366           	-1.852243e-57
367           	-1.296570e-57
368           	-9.075993e-58
369           	-6.353195e-58
370           	-4.447236e-58
371           	-3.113065e-58
372           	-2.179146e-58
373           	-1.525402e-58
374           	-1.067781e-58
375           	-7.474470e-59
376           	-5.232129e-59
377           	-3.662490e-59
378           	-2.563743e-59
379           	-1.794620e-59
380           	-1.256234e-59
381           	-8.793639e-60
382           	-6.155548e-60
383           	-4.308883e-60
384           	-3.016218e-60
385           	-2.111353e-60
386           	-1.477947e-60
387           	-1.034563e-60
388           	-7.241940e-61
389           	-5.069358e-61
390           	-3.548551e-61
391           	-2.483985e-61
392           	-1.738790e-61
393           	-1.217153e-61
394           	-8.520070e-62
395           	-5.964049e-62
396           	-4.174834e-62
397           	-2.922384e-62
398           	-2.045669e-62
399           	-1.431968e-62
400           	-1.002378e-62
401           	-7.016644e-63
402           	-4.911651e-63
403           	-3.438156e-63
404           	-2.406709e-63
405           	-1.684696e-63
406           	-1.179287e-63
407           	-8.255012e-64
408           	-5.778508e-64
409           	-4.044956e-64
410           	-2.831469e-64
411           	-1.982028e-64
412           	-1.387420e-64
413           	-9.711939e-65
414           	-6.798357e-65
415           	-4.758850e-65
416           	-3.331195e-65
417           	-2.331836e-65
418           	-1.632286e-65
419           	-1.142600e-65
420           	-7.998199e-66
421           	-5.598739e-66
422           	-3.919118e-66
423           	-2.743382e-66
424           	-1.920368e-66
425           	-1.344257e-66
426           	-9.409801e-67
427           	-6.586861e-67
428           	-4.610803e-67
429           	-3.227562e-67
430           	-2.259293e-67
431           	-1.581505e-67
432           	-1.107054e-67
433           	-7.749376e-68
434           	-5.424563e-68
435           	-3.797194e-68
436           	-2.658036e-68
437           	-1.860625e-68
438           	-1.302438e-68
439           	-9.117063e-69
440           	-6.381944e-69
441           	-4.467361e-69
442           	-3.127153e-69
443           	-2.189007e-69
444           	-1.532305e-69
445           	-1.072613e-69
446           	-7.508294e-70
447           	-5.255806e-70
448           	-3.679064e-70
449           	-2.575345e-70
450           	-1.802741e-70
451           	-1.261919e-70
452           	-8.833433e-71
453           	-6.183403e-71
454           	-4.328382e-71
455           	-3.029867e-71
456           	-2.120907e-71
457           	-1.484635e-71
458           	-1.039245e-71
459           	-7.274712e-72
460           	-5.092298e-72
461           	-3.564609e-72
462           	-2.495226e-72
463           	-1.746658e-72
464           	-1.222661e-72
465           	-8.558625e-73
466           	-5.991038e-73
467           	-4.193726e-73
468           	-2.935608e-73
469           	-2.054926e-73
470           	-1.438448e-73
471           	-1.006914e-73
472           	-7.048396e-74
473           	-4.933877e-74
474           	-3.453714e-74
475           	-2.417600e-74
476           	-1.692320e-74
477           	-1.184624e-74
478           	-8.292367e-75
479           	-5.804657e-75
480           	-4.063260e-75
481           	-2.844282e-75
482           	-1.990997e-75
483           	-1.393698e-75
484           	-9.755887e-76
485           	-6.829121e-76
486           	-4.780385e-76
487           	-3.346269e-76
488           	-2.342389e-76
489           	-1.639672e-76
490           	-1.147770e-76
491           	-8.034393e-77
492           	-5.624075e-77
493           	-3.936852e-77
494           	-2.755797e-77
495           	-1.929058e-77
496           	-1.350340e-77
497           	-9.452383e-78
498           	-6.616668e-78
499           	-4.631668e-78
500           	-3.242167e-78
501           	-2.269517e-78
502           	-1.588662e-78
503           	-1.112063e-78
504           	-7.784444e-79
505           	-5.449111e-79
506           	-3.814377e-79
507           	-2.670064e-79
508           	-1.869045e-79
509           	-1.308331e-79
510           	-9.158320e-80
511           	-6.410824e-80
512           	-4.487577e-80
513           	-3.141304e-80
514           	-2.198913e-80
515           	-1.539239e-80
516           	-1.077467e-80
517           	-7.542270e-81
518           	-5.279589e-81
519           	-3.695712e-81
520           	-2.586999e-81
521           	-1.810899e-81
522           	-1.267629e-81
523           	-8.873406e-82
524           	-6.211384e-82
525           	-4.347969e-82
526           	-3.043578e-82
527           	-2.130505e-82
528           	-1.491353e-82
529           	-1.043947e-82
530           	-7.307631e-83
531           	-5.115342e-83
532           	-3.580739e-83
533           	-2.506517e-83
534           	-1.754562e-83
535           	-1.228194e-83
536           	-8.597355e-84
537           	-6.018148e-84
538           	-4.212704e-84
539           	-2.948893e-84
540           	-2.064225e-84
541           	-1.444957e-84
542           	-1.011470e-84
543           	-7.080291e-85
544           	-4.956204e-85
545           	-3.469343e-85
546           	-2.428540e-85
547           	-1.699978e-85
548           	-1.189985e-85
549           	-8.329892e-86
550           	-5.830924e-86
551           	-4.081647e-86
552           	-2.857153e-86
553           	-2.000007e-86
554           	-1.400005e-86
555           	-9.800035e-87
556           	-6.860024e-87
557           	-4.802017e-87
558           	-3.361412e-87
559           	-2.352988e-87
560           	-1.647092e-87
561           	-1.152964e-87
562           	-8.070750e-88
563           	-5.649525e-88
564           	-3.954668e-88
565           	-2.768267e-88
566           	-1.937787e-88
567           	-1.356451e-88
568           	-9.495157e-89
569           	-6.646610e-89
570           	-4.652627e-89
571           	-3.256839e-89
572           	-2.279787e-89
573           	-1.595851e-89
574           	-1.117096e-89
575           	-7.819670e-90
576           	-5.473769e-90
577           	-3.831638e-90
578           	-2.682147e-90
579           	-1.877503e-90
580           	-1.314252e-90
581           	-9.199763e-91
582           	-6.439834e-91
583           	-4.507884e-91
584           	-3.155519e-91
585           	-2.208863e-91
586           	-1.546204e-91
587           	-1.082343e-91
588           	-7.576401e-92
589           	-5.303481e-92
590           	-3.712436e-92
591           	-2.598705e-92
592           	-1.819094e-92
593           	-1.273366e-92
594           	-8.913560e-93
595           	-6.239492e-93
596           	-4.367644e-93
597           	-3.057351e-93
598           	-2.140146e-93
599           	-1.498102e-93
600           	-1.048671e-93
601           	-7.340700e-94
602           	-5.138490e-94
603           	-3.596943e-94
604           	-2.517860e-94
605           	-1.762502e-94
606           	-1.233751e-94
607           	-8.636260e-95
608           	-6.045382e-95
609           	-4.231767e-95
610           	-2.962237e-95
611           	-2.073566e-95
612           	-1.451496e-95
613           	-1.016047e-95
614           	-7.112331e-96
615           	-4.978632e-96
616           	-3.485042e-96
617           	-2.439530e-96
618           	-1.707671e-96
619           	-1.195370e-96
620           	-8.367587e-97
621           	-5.857311e-97
622           	-4.100117e-97
623           	-2.870082e-97
624           	-2.009058e-97
625           	-1.406340e-97
626           	-9.844382e-98
627           	-6.891067e-98
628           	-4.823747e-98
629           	-3.376623e-98
630           	-2.363636e-98
631           	-1.654545e-98
632           	-1.158182e-98
633           	-8.107272e-99
634           	-5.675090e-99
635           	-3.972563e-99
636           	-2.780794e-99
637           	-1.946556e-99
638           	-1.362589e-99
639           	-9.538124e-100
640           	-6.676687e-100
641           	-4.673681e-100
642           	-3.271577e-100
643           	-2.290104e-100
644           	-1.603073e-100
645           	-1.122151e-100
646           	-7.855055e-101
647           	-5.498539e-101
648           	-3.848977e-101
649           	-2.694284e-101
650           	-1.885999e-101
651           	-1.320199e-101
652           	-9.241394e-102
653           	-6.468976e-102
654           	-4.528283e-102
655           	-3.169798e-102
656           	-2.218859e-102
657           	-1.553201e-102
658           	-1.087241e-102
659           	-7.610686e-103
660           	-5.327480e-103
661           	-3.729236e-103
662           	-2.610465e-103
663           	-1.827326e-103
664           	-1.279128e-103
665           	-8.953895e-104
666           	-6.267727e-104
667           	-4.387409e-104
668           	-3.071186e-104
669           	-2.149830e-104
670           	-1.504881e-104
671           	-1.053417e-104
672           	-7.373918e-105
673           	-5.161743e-105
674           	-3.613220e-105
675           	-2.529254e-105
676           	-1.770478e-105
677           	-1.239334e-105
678           	-8.675341e-106
679           	-6.072738e-106
680           	-4.250917e-106
681           	-2.975642e-106
682           	-2.082949e-106
683           	-1.458065e-106
684           	-1.020645e-106
685           	-7.144516e-107
686           	-5.001161e-107
687           	-3.500813e-107
688           	-2.450569e-107
689           	-1.715398e-107
690           	-1.200779e-107
691           	-8.405452e-108
692           	-5.883816e-108
693           	-4.118671e-108
694           	-2.883070e-108
695           	-2.018149e-108
696           	-1.412704e-108
697           	-9.888930e-109
698           	-6.922251e-109
699           	-4.845576e-109
700           	-3.391903e-109
701           	-2.374332e-109
702           	-1.662032e-109
703           	-1.163423e-109
704           	-8.143959e-110
705           	-5.700771e-110
706           	-3.990540e-110
707           	-2.793378e-110
708           	-1.955365e-110
709           	-1.368755e-110
710           	-9.581286e-111
711           	-6.706900e-111
712           	-4.694830e-111
713           	-3.286381e-111
714           	-2.300467e-111
715           	-1.610327e-111
716           	-1.127229e-111
717           	-7.890601e-112
718           	-5.523421e-112
719           	-3.866395e-112
720           	-2.706476e-112
721           	-1.894533e-112
722           	-1.326173e-112
723           	-9.283213e-113
724           	-6.498249e-113
725           	-4.548775e-113
726           	-3.184142e-113
727           	-2.228900e-113
728           	-1.560230e-113
729           	-1.092161e-113
730           	-7.645125e-114
731           	-5.351588e-114
732           	-3.746111e-114
733           	-2.622278e-114
734           	-1.835595e-114
735           	-1.284916e-114
736           	-8.994414e-115
737           	-6.296090e-115
738           	-4.407263e-115
739           	-3.085084e-115
740           	-2.159559e-115
741           	-1.511691e-115
742           	-1.058184e-115
743           	-7.407286e-116
744           	-5.185101e-116
745           	-3.629570e-116
746           	-2.540699e-116
747           	-1.778489e-116
748           	-1.244943e-116
749           	-8.714598e-117
750           	-6.100219e-117
751           	-4.270153e-117
752           	-2.989107e-117
753           	-2.092375e-117
754           	-1.464663e-117
755           	-1.025264e-117
756           	-7.176847e-118
757           	-5.023793e-118
758           	-3.516655e-118
759           	-2.461658e-118
760           	-1.723161e-118
761           	-1.206213e-118
762           	-8.443488e-119
763           	-5.910442e-119
764           	-4.137309e-119
765           	-2.896116e-119
766           	-2.027282e-119
767           	-1.419097e-119
768           	-9.933679e-120
769           	-6.953576e-120
770           	-4.867503e-120
771           	-3.407252e-120
772           	-2.385076e-120
773           	-1.669553e-120
774           	-1.168687e-120
775           	-8.180812e-121
776           	-5.726568e-121
777           	-4.008598e-121
778           	-2.806019e-121
779           	-1.964213e-121
780           	-1.374949e-121
781           	-9.624644e-122
782           	-6.737251e-122
783           	-4.716075e-122
784           	-3.301253e-122
785           	-2.310877e-122
786           	-1.617614e-122
787           	-1.132330e-122
788           	-7.926308e-123
789           	-5.548416e-123
790           	-3.883891e-123
791           	-2.718724e-123
792           	-1.903107e-123
793           	-1.332175e-123
794           	-9.325222e-124
795           	-6.527655e-124
796           	-4.569359e-124
797           	-3.198551e-124
798           	-2.238986e-124
799           	-1.567290e-124
800           	-1.097103e-124
801           	-7.679721e-125
802           	-5.375805e-125
803           	-3.763063e-125
804           	-2.634144e-125
805           	-1.843901e-125
806           	-1.290731e-125
807           	-9.035115e-126
808           	-6.324581e-126
809           	-4.427207e-126
810           	-3.099045e-126
811           	-2.169331e-126
812           	-1.518532e-126
813           	-1.062972e-126
814           	-7.440806e-127
815           	-5.208564e-127
816           	-3.645995e-127
817           	-2.552196e-127
818           	-1.786538e-127
819           	-1.250576e-127
820           	-8.754034e-128
821           	-6.127824e-128
822           	-4.289477e-128
823           	-3.002634e-128
824           	-2.101844e-128
825           	-1.471290e-128
826           	-1.029903e-128
827           	-7.209323e-129
828           	-5.046526e-129
829           	-3.532568e-129
830           	-2.472798e-129
831           	-1.730959e-129
832           	-1.211671e-129
833           	-8.481697e-130
834           	-5.937188e-130
835           	-4.156031e-130
836           	-2.909222e-130
837           	-2.036455e-130
838           	-1.425519e-130
839           	-9.978631e-131
840           	-6.985042e-131
841           	-4.889529e-131
842           	-3.422671e-131
843           	-2.395869e-131
844           	-1.677109e-131
845           	-1.173976e-131
846           	-8.217832e-132
847           	-5.752482e-132
848           	-4.026738e-132
849           	-2.818716e-132
850           	-1.973101e-132
851           	-1.381171e-132
852           	-9.668197e-133
853           	-6.767738e-133
854           	-4.737417e-133
855           	-3.316192e-133
856           	-2.321334e-133
857           	-1.624934e-133
858           	-1.137454e-133
859           	-7.962176e-134
860           	-5.573523e-134
861           	-3.901466e-134
862           	-2.731026e-134
863           	-1.911718e-134
864           	-1.338203e-134
865           	-9.367421e-135
866           	-6.557194e-135
867           	-4.590036e-135
868           	-3.213025e-135
869           	-2.249118e-135
870           	-1.574382e-135
871           	-1.102068e-135
872           	-7.714474e-136
873           	-5.400132e-136
874           	-3.780092e-136
875           	-2.646064e-136
876           	-1.852245e-136
877           	-1.296572e-136
878           	-9.076001e-137
879           	-6.353201e-137
880           	-4.447241e-137
881           	-3.113068e-137
882           	-2.179148e-137
883           	-1.525404e-137
884           	-1.067782e-137
885           	-7.474477e-138
886           	-5.232134e-138
887           	-3.662494e-138
888           	-2.563746e-138
889           	-1.794622e-138
890           	-1.256235e-138
891           	-8.793648e-139
892           	-6.155553e-139
893           	-4.308887e-139
894           	-3.016221e-139
895           	-2.111355e-139
896           	-1.477948e-139
897           	-1.034564e-139
898           	-7.241947e-140
899           	-5.069363e-140
900           	-3.548554e-140
901           	-2.483988e-140
902           	-1.738791e-140
903           	-1.217154e-140
904           	-8.520078e-141
905           	-5.964055e-141
906           	-4.174838e-141
907           	-2.922387e-141
908           	-2.045671e-141
909           	-1.431970e-141
910           	-1.002379e-141
911           	-7.016651e-142
912           	-4.911656e-142
913           	-3.438159e-142
914           	-2.406711e-142
915           	-1.684698e-142
916           	-1.179288e-142
917           	-8.255019e-143
918           	-5.778514e-143
919           	-4.044960e-143
920           	-2.831472e-143
921           	-1.982030e-143
922           	-1.387421e-143
923           	-9.711948e-144
924           	-6.798363e-144
925           	-4.758854e-144
926           	-3.331198e-144
927           	-2.331839e-144
928           	-1.632287e-144
929           	-1.142601e-144
930           	-7.998207e-145
931           	-5.598745e-145
932           	-3.919121e-145
933           	-2.743385e-145
934           	-1.920369e-145
935           	-1.344259e-145
936           	-9.409810e-146
937           	-6.586867e-146
938           	-4.610807e-146
939           	-3.227565e-146
940           	-2.259295e-146
941           	-1.581507e-146
942           	-1.107055e-146
943           	-7.749383e-147
944           	-5.424568e-147
945           	-3.797198e-147
946           	-2.658038e-147
947           	-1.860627e-147
948           	-1.302439e-147
949           	-9.117072e-148
950           	-6.381950e-148
951           	-4.467365e-148
952           	-3.127156e-148
953           	-2.189009e-148
954           	-1.532306e-148
955           	-1.072614e-148
956           	-7.508301e-149
957           	-5.255811e-149
958           	-3.679067e-149
959           	-2.575347e-149
960           	-1.802743e-149
961           	-1.261920e-149
962           	-8.833441e-150
963           	-6.183409e-150
964           	-4.328386e-150
965           	-3.029870e-150
966           	-2.120909e-150
967           	-1.484636e-150
968           	-1.039245e-150
969           	-7.274718e-151
970           	-5.092303e-151
971           	-3.564612e-151
972           	-2.495228e-151
973           	-1.746660e-151
974           	-1.222662e-151
975           	-8.558633e-152
976           	-5.991043e-152
977           	-4.193730e-152
978           	-2.935611e-152
979           	-2.054928e-152
980           	-1.438450e-152
981           	-1.006915e-152
982           	-7.048403e-153
983           	-4.933882e-153
984           	-3.453717e-153
985           	-2.417602e-153
986           	-1.692321e-153
987           	-1.184625e-153
988           	-8.292375e-154
989           	-5.804663e-154
990           	-4.063264e-154
991           	-2.844285e-154
992           	-1.990999e-154
993           	-1.393699e-154
994           	-9.755896e-155
995           	-6.829128e-155
996           	-4.780389e-155
997           	-3.346272e-155
998           	-2.342391e-155
999           	-1.639674e-155
1000          	-1.147771e-155
1001          	-8.034400e-156
1002          	-5.624080e-156
1003          	-3.936856e-156
1004          	-2.755799e-156
1005          	-1.929059e-156
1006          	-1.350342e-156
1007          	-9.452392e-157
1008          	-6.616674e-157
1009          	-4.631672e-157
1010          	-3.242170e-157
1011          	-2.269519e-157
1012          	-1.588663e-157
1013          	-1.112064e-157
1014          	-7.784451e-158
1015          	-5.449116e-158
1016          	-3.814381e-158
1017          	-2.670067e-158
1018          	-1.869047e-158
1019          	-1.308333e-158
1020          	-9.158329e-159
1021          	-6.410830e-159
1022          	-4.487581e-159
1023          	-3.141307e-159
1024          	-2.198915e-159
1025          	-1.539240e-159
1026          	-1.077468e-159
1027          	-7.542277e-160
1028          	-5.279594e-160
1029          	-3.695716e-160
1030          	-2.587001e-160
1031          	-1.810901e-160
1032          	-1.267631e-160
1033          	-8.873414e-161
1034          	-6.211390e-161
1035          	-4.347973e-161
1036          	-3.043581e-161
1037          	-2.130507e-161
1038          	-1.491355e-161
1039          	-1.043948e-161
1040          	-7.307638e-162
1041          	-5.115347e-162
1042          	-3.580743e-162
1043          	-2.506520e-162
1044          	-1.754564e-162
1045          	-1.228195e-162
1046          	-8.597363e-163
1047          	-6.018154e-163
1048          	-4.212708e-163
1049          	-2.948896e-163
1050          	-2.064227e-163
1051          	-1.444959e-163
1052          	-1.011471e-163
1053          	-7.080298e-164
1054          	-4.956209e-164
1055          	-3.469346e-164
1056          	-2.428542e-164
1057          	-1.699980e-164
1058          	-1.189986e-164
1059          	-8.329900e-165
1060          	-5.830930e-165
1061          	-4.081651e-165
1062          	-2.857156e-165
1063          	-2.000009e-165
1064          	-1.400006e-165
1065          	-9.800044e-166
1066          	-6.860031e-166
1067          	-4.802022e-166
1068          	-3.361415e-166
1069          	-2.352991e-166
1070          	-1.647093e-166
1071          	-1.152965e-166
1072          	-8.070758e-167
1073          	-5.649530e-167
1074          	-3.954671e-167
1075          	-2.768270e-167
1076          	-1.937789e-167
1077          	-1.356452e-167
1078          	-9.495166e-168
1079          	-6.646616e-168
1080          	-4.652631e-168
1081          	-3.256842e-168
1082          	-2.279789e-168
1083          	-1.595852e-168
1084          	-1.117097e-168
1085          	-7.819677e-169
1086          	-5.473774e-169
1087          	-3.831642e-169
1088          	-2.682149e-169
1089          	-1.877504e-169
1090          	-1.314253e-169
1091          	-9.199772e-170
1092          	-6.439840e-170
1093          	-4.507888e-170
1094          	-3.155522e-170
1095          	-2.208865e-170
1096          	-1.546206e-170
1097          	-1.082344e-170
1098          	-7.576408e-171
1099          	-5.303485e-171
1100          	-3.712440e-171
1101          	-2.598708e-171
1102          	-1.819096e-171
1103          	-1.273367e-171
1104          	-8.913568e-172
1105          	-6.239498e-172
1106          	-4.367648e-172
1107          	-3.057354e-172
1108          	-2.140148e-172
1109          	-1.498103e-172
1110          	-1.048672e-172
1111          	-7.340707e-173
1112          	-5.138495e-173
1113          	-3.596946e-173
1114          	-2.517862e-173
1115          	-1.762504e-173
1116          	-1.233753e-173
1117          	-8.636268e-174
1118          	-6.045388e-174
1119          	-4.231771e-174
1120          	-2.962240e-174
1121          	-2.073568e-174
1122          	-1.451498e-174
1123          	-1.016048e-174
1124          	-7.112338e-175
1125          	-4.978637e-175
1126          	-3.485046e-175
1127          	-2.439532e-175
1128          	-1.707672e-175
1129          	-1.195371e-175
1130          	-8.367594e-176
1131          	-5.857316e-176
1132          	-4.100121e-176
1133          	-2.870085e-176
1134          	-2.009059e-176
1135          	-1.406342e-176
1136          	-9.844391e-177
1137          	-6.891074e-177
1138          	-4.823752e-177
1139          	-3.376626e-177
1140          	-2.363638e-177
1141          	-1.654547e-177
1142          	-1.158183e-177
1143          	-8.107279e-178
1144          	-5.675096e-178
1145          	-3.972567e-178
1146          	-2.780797e-178
1147          	-1.946558e-178
1148          	-1.362590e-178
1149          	-9.538133e-179
1150          	-6.676693e-179
1151          	-4.673685e-179
1152          	-3.271580e-179
1153          	-2.290106e-179
1154          	-1.603074e-179
1155          	-1.122152e-179
1156          	-7.855063e-180
1157          	-5.498544e-180
1158          	-3.848981e-180
1159          	-2.694287e-180
1160          	-1.886001e-180
1161          	-1.320200e-180
1162          	-9.241403e-181
1163          	-6.468982e-181
1164          	-4.528287e-181
1165          	-3.169801e-181
1166          	-2.218861e-181
1167          	-1.553203e-181
1168          	-1.087242e-181
1169          	-7.610693e-182
1170          	-5.327485e-182
1171          	-3.729239e-182
1172          	-2.610468e-182
1173          	-1.827327e-182
1174          	-1.279129e-182
1175          	-8.953904e-183
1176          	-6.267733e-183
1177          	-4.387413e-183
1178          	-3.071189e-183
1179          	-2.149832e-183
1180          	-1.504883e-183
1181          	-1.053418e-183
1182          	-7.373925e-184
1183          	-5.161747e-184
1184          	-3.613223e-184
1185          	-2.529256e-184
1186          	-1.770479e-184
1187          	-1.239336e-184
1188          	-8.675349e-185
1189          	-6.072744e-185
1190          	-4.250921e-185
1191          	-2.975645e-185
1192          	-2.082951e-185
1193          	-1.458066e-185
1194          	-1.020646e-185
1195          	-7.144523e-186
1196          	-5.001166e-186
1197          	-3.500816e-186
1198          	-2.450571e-186
1199          	-1.715400e-186
1200          	-1.200780e-186
1201          	-8.405460e-187
1202          	-5.883822e-187
1203          	-4.118675e-187
1204          	-2.883073e-187
1205          	-2.018151e-187
1206          	-1.412706e-187
1207          	-9.888939e-188
1208          	-6.922257e-188
1209          	-4.845580e-188
1210          	-3.391906e-188
1211          	-2.374334e-188
1212          	-1.662034e-188
1213          	-1.163424e-188
1214          	-8.143967e-189
1215          	-5.700777e-189
1216          	-3.990544e-189
1217          	-2.793381e-189
1218          	-1.955366e-189
1219          	-1.368756e-189
1220          	-9.581295e-190
1221          	-6.706907e-190
1222          	-4.694835e-190
1223          	-3.286384e-190
1224          	-2.300469e-190
1225          	-1.610328e-190
1226          	-1.127230e-190
1227          	-7.890609e-191
1228          	-5.523426e-191
1229          	-3.866398e-191
1230          	-2.706479e-191
1231          	-1.894535e-191
1232          	-1.326175e-191
1233          	-9.283222e-192
1234          	-6.498256e-192
1235          	-4.548779e-192
1236          	-3.184145e-192
1237          	-2.228902e-192
1238          	-1.560231e-192
1239          	-1.092162e-192
1240          	-7.645133e-193
1241          	-5.351593e-193
1242          	-3.746115e-193
1243          	-2.622281e-193
1244          	-1.835596e-193
1245          	-1.284917e-193
1246          	-8.994422e-194
1247          	-6.296095e-194
1248          	-4.407267e-194
1249          	-3.085087e-194
1250          	-2.159561e-194
1251          	-1.511693e-194
1252          	-1.058185e-194
1253          	-7.407293e-195
1254          	-5.185105e-195
1255          	-3.629574e-195
1256          	-2.540702e-195
1257          	-1.778491e-195
1258          	-1.244944e-195
1259          	-8.714607e-196
1260          	-6.100225e-196
1261          	-4.270157e-196
1262          	-2.989110e-196
1263          	-2.092377e-196
1264          	-1.464664e-196
1265          	-1.025265e-196
1266          	-7.176853e-197
1267          	-5.023797e-197
1268          	-3.516658e-197
1269          	-2.461661e-197
1270          	-1.723162e-197
1271          	-1.206214e-197
1272          	-8.443496e-198
1273          	-5.910447e-198
1274          	-4.137313e-198
1275          	-2.896119e-198
1276          	-2.027283e-198
1277          	-1.419098e-198
1278          	-9.933689e-199
1279          	-6.953582e-199
1280          	-4.867507e-199
1281          	-3.407255e-199
1282          	-2.385079e-199
1283          	-1.669555e-199
1284          	-1.168689e-199
1285          	-8.180820e-200
1286          	-5.726574e-200
1287          	-4.008602e-200
1288          	-2.806021e-200
1289          	-1.964215e-200
1290          	-1.374950e-200
1291          	-9.624653e-201
1292          	-6.737257e-201
1293          	-4.716080e-201
1294          	-3.301256e-201
1295          	-2.310879e-201
1296          	-1.617615e-201
1297          	-1.132331e-201
1298          	-7.926315e-202
1299          	-5.548421e-202
1300          	-3.883895e-202
1301          	-2.718726e-202
1302          	-1.903108e-202
1303          	-1.332176e-202
1304          	-9.325231e-203
1305          	-6.527662e-203
1306          	-4.569363e-203
1307          	-3.198554e-203
1308          	-2.238988e-203
1309          	-1.567292e-203
1310          	-1.097104e-203
1311          	-7.679729e-204
1312          	-5.375810e-204
1313          	-3.763067e-204
1314          	-2.634147e-204
1315          	-1.843903e-204
1316          	-1.290732e-204
1317          	-9.035124e-205
1318          	-6.324587e-205
1319          	-4.427211e-205
1320          	-3.099047e-205
1321          	-2.169333e-205
1322          	-1.518533e-205
1323          	-1.062973e-205
1324          	-7.440813e-206
1325          	-5.208569e-206
1326          	-3.645998e-206
1327          	-2.552199e-206
1328          	-1.786539e-206
1329          	-1.250577e-206
1330          	-8.754042e-207
1331          	-6.127829e-207
1332          	-4.289481e-207
1333          	-3.002636e-207
1334          	-2.101845e-207
1335          	-1.471292e-207
1336          	-1.029904e-207
1337          	-7.209330e-208
1338          	-5.046531e-208
1339          	-3.532572e-208
1340          	-2.472800e-208
1341          	-1.730960e-208
1342          	-1.211672e-208
1343          	-8.481705e-209
1344          	-5.937193e-209
1345          	-4.156035e-209
1346          	-2.909225e-209
1347          	-2.036457e-209
1348          	-1.425520e-209
1349          	-9.978641e-210
1350          	-6.985049e-210
1351          	-4.889534e-210
1352          	-3.422674e-210
1353          	-2.395872e-210
1354          	-1.677110e-210
1355          	-1.173977e-210
1356          	-8.217840e-211
1357          	-5.752488e-211
1358          	-4.026741e-211
1359          	-2.818719e-211
1360          	-1.973103e-211
1361          	-1.381172e-211
1362          	-9.668206e-212
1363          	-6.767744e-212
1364          	-4.737421e-212
1365          	-3.316195e-212
1366          	-2.321336e-212
1367          	-1.624935e-212
1368          	-1.137455e-212
1369          	-7.962184e-213
1370          	-5.573529e-213
1371          	-3.901470e-213
1372          	-2.731029e-213
1373          	-1.911720e-213
1374          	-1.338204e-213
1375          	-9.367429e-214
1376          	-6.557201e-214
1377          	-4.590040e-214
1378          	-3.213028e-214
1379          	-2.249120e-214
1380          	-1.574384e-214
1381          	-1.102069e-214
1382          	-7.714481e-215
1383          	-5.400137e-215
1384          	-3.780096e-215
1385          	-2.646067e-215
1386          	-1.852247e-215
1387          	-1.296573e-215
1388          	-9.076010e-216
1389          	-6.353207e-216
1390          	-4.447245e-216
1391          	-3.113071e-216
1392          	-2.179150e-216
1393          	-1.525405e-216
1394          	-1.067783e-216
1395          	-7.474484e-217
1396          	-5.232139e-217
1397          	-3.662497e-217
1398          	-2.563748e-217
1399          	-1.794624e-217
1400          	-1.256237e-217
1401          	-8.793656e-218
1402          	-6.155559e-218
1403          	-4.308891e-218
1404          	-3.016224e-218
1405          	-2.111357e-218
1406          	-1.477950e-218
1407          	-1.034565e-218
1408          	-7.241954e-219
1409          	-5.069368e-219
1410          	-3.548557e-219
1411          	-2.483990e-219
1412          	-1.738793e-219
1413          	-1.217155e-219
1414          	-8.520086e-220
1415          	-5.964060e-220
1416          	-4.174842e-220
1417          	-2.922390e-220
1418          	-2.045673e-220
1419          	-1.431971e-220
1420          	-1.002380e-220
1421          	-7.016657e-221
1422          	-4.911660e-221
1423          	-3.438162e-221
1424          	-2.406713e-221
1425          	-1.684699e-221
1426          	-1.179290e-221
1427          	-8.255027e-222
1428          	-5.778519e-222
1429          	-4.044963e-222
1430          	-2.831474e-222
1431          	-1.982032e-222
1432          	-1.387422e-222
1433          	-9.711957e-223
1434          	-6.798370e-223
1435          	-4.758859e-223
1436          	-3.331201e-223
1437          	-2.331841e-223
1438          	-1.632289e-223
1439          	-1.142602e-223
1440          	-7.998214e-224
1441          	-5.598750e-224
1442          	-3.919125e-224
1443          	-2.743387e-224
1444          	-1.920371e-224
1445          	-1.344260e-224
1446          	-9.409819e-225
1447          	-6.586873e-225
1448          	-4.610811e-225
1449          	-3.227568e-225
1450          	-2.259298e-225
1451          	-1.581508e-225
1452          	-1.107056e-225
1453          	-7.749391e-226
1454          	-5.424573e-226
1455          	-3.797201e-226
1456          	-2.658041e-226
1457          	-1.860629e-226
1458          	-1.302440e-226
1459          	-9.117080e-227
1460          	-6.381956e-227
1461          	-4.467369e-227
1462          	-3.127159e-227
1463          	-2.189011e-227
1464          	-1.532308e-227
1465          	-1.072615e-227
1466          	-7.508308e-228
1467          	-5.255815e-228
1468          	-3.679071e-228
1469          	-2.575350e-228
1470          	-1.802745e-228
1471          	-1.261921e-228
1472          	-8.833449e-229
1473          	-6.183414e-229
1474          	-4.328390e-229
1475          	-3.029873e-229
1476          	-2.120911e-229
1477          	-1.484638e-229
1478          	-1.039246e-229
1479          	-7.274725e-230
1480          	-5.092308e-230
1481          	-3.564615e-230
1482          	-2.495231e-230
1483          	-1.746662e-230
1484          	-1.222663e-230
1485          	-8.558641e-231
1486          	-5.991049e-231
1487          	-4.193734e-231
1488          	-2.935614e-231
1489          	-2.054930e-231
1490          	-1.438451e-231
1491          	-1.006916e-231
1492          	-7.048409e-232
1493          	-4.933886e-232
1494          	-3.453721e-232
1495          	-2.417604e-232
1496          	-1.692323e-232
1497          	-1.184626e-232
1498          	-8.292383e-233
1499          	-5.804668e-233
1500          	-4.063268e-233
1501          	-2.844287e-233
1502          	-1.991001e-233
1503          	-1.393701e-233
1504          	-9.755906e-234
1505          	-6.829134e-234
1506          	-4.780394e-234
1507          	-3.346276e-234
1508          	-2.342393e-234
1509          	-1.639675e-234
1510          	-1.147773e-234
1511          	-8.034408e-235
1512          	-5.624085e-235
1513          	-3.936860e-235
1514          	-2.755802e-235
1515          	-1.929061e-235
1516          	-1.350343e-235
1517          	-9.452400e-236
1518          	-6.616680e-236
1519          	-4.631676e-236
1520          	-3.242173e-236
1521          	-2.269521e-236
1522          	-1.588665e-236
1523          	-1.112065e-236
1524          	-7.784458e-237
1525          	-5.449121e-237
1526          	-3.814385e-237
1527          	-2.670069e-237
1528          	-1.869048e-237
1529          	-1.308334e-237
1530          	-9.158337e-238
1531          	-6.410836e-238
1532          	-4.487585e-238
1533          	-3.141310e-238
1534          	-2.198917e-238
1535          	-1.539242e-238
1536          	-1.077469e-238
1537          	-7.542285e-239
1538          	-5.279599e-239
1539          	-3.695719e-239
1540          	-2.587004e-239
1541          	-1.810903e-239
1542          	-1.267632e-239
1543          	-8.873422e-240
1544          	-6.211396e-240
1545          	-4.347977e-240
1546          	-3.043584e-240
1547          	-2.130509e-240
1548          	-1.491356e-240
1549          	-1.043949e-240
1550          	-7.307645e-241
1551          	-5.115351e-241
1552          	-3.580746e-241
1553          	-2.506522e-241
1554          	-1.754566e-241
1555          	-1.228196e-241
1556          	-8.597371e-242
1557          	-6.018160e-242
1558          	-4.212712e-242
1559          	-2.948898e-242
1560          	-2.064229e-242
1561          	-1.444960e-242
1562          	-1.011472e-242
1563          	-7.080305e-243
1564          	-4.956213e-243
1565          	-3.469349e-243
1566          	-2.428545e-243
1567          	-1.699981e-243
1568          	-1.189987e-243
1569          	-8.329908e-244
1570          	-5.830935e-244
1571          	-4.081655e-244
1572          	-2.857158e-244
1573          	-2.000011e-244
1574          	-1.400008e-244
1575          	-9.800053e-245
1576          	-6.860037e-245
1577          	-4.802026e-245
1578          	-3.361418e-245
1579          	-2.352993e-245
1580          	-1.647095e-245
1581          	-1.152966e-245
1582          	-8.070765e-246
1583          	-5.649536e-246
1584          	-3.954675e-246
1585          	-2.768272e-246
1586          	-1.937791e-246
1587          	-1.356454e-246
1588          	-9.495175e-247
1589          	-6.646622e-247
1590          	-4.652636e-247
1591          	-3.256845e-247
1592          	-2.279791e-247
1593          	-1.595854e-247
1594          	-1.117098e-247
1595          	-7.819685e-248
1596          	-5.473779e-248
1597          	-3.831645e-248
1598          	-2.682152e-248
1599          	-1.877506e-248
1600          	-1.314254e-248
1601          	-9.199781e-249
1602          	-6.439846e-249
1603          	-4.507893e-249
1604          	-3.155525e-249
1605          	-2.208867e-249
1606          	-1.546207e-249
1607          	-1.082345e-249
1608          	-7.576415e-250
1609          	-5.303490e-250
1610          	-3.712443e-250
1611          	-2.598710e-250
1612          	-1.819097e-250
1613          	-1.273368e-250
1614          	-8.913576e-251
1615          	-6.239503e-251
1616          	-4.367652e-251
1617          	-3.057357e-251
1618          	-2.140150e-251
1619          	-1.498105e-251
1620          	-1.048673e-251
1621          	-7.340713e-252
1622          	-5.138499e-252
1623          	-3.596950e-252
1624          	-2.517865e-252
1625          	-1.762505e-252
1626          	-1.233754e-252
1627          	-8.636276e-253
1628          	-6.045393e-253
1629          	-4.231775e-253
1630          	-2.962243e-253
1631          	-2.073570e-253
1632          	-1.451499e-253
1633          	-1.016049e-253
1634          	-7.112345e-254
1635          	-4.978641e-254
1636          	-3.485049e-254
1637          	-2.439534e-254
1638          	-1.707674e-254
1639          	-1.195372e-254
1640          	-8.367602e-255
1641          	-5.857322e-255
1642          	-4.100125e-255
1643          	-2.870088e-255
1644          	-2.009061e-255
1645          	-1.406343e-255
1646          	-9.844400e-256
1647          	-6.891080e-256
1648          	-4.823756e-256
1649          	-3.376629e-256
1650          	-2.363641e-256
1651          	-1.654548e-256
1652          	-1.158184e-256
1653          	-8.107287e-257
1654          	-5.675101e-257
1655          	-3.972571e-257
1656          	-2.780799e-257
1657          	-1.946560e-257
1658          	-1.362592e-257
1659          	-9.538142e-258
1660          	-6.676700e-258
1661          	-4.673690e-258
1662          	-3.271583e-258
1663          	-2.290108e-258
1664          	-1.603076e-258
1665          	-1.122153e-258
1666          	-7.855070e-259
1667          	-5.498549e-259
1668          	-3.848984e-259
1669          	-2.694289e-259
1670          	-1.886002e-259
1671          	-1.320202e-259
1672          	-9.241412e-260
1673          	-6.468988e-260
1674          	-4.528292e-260
1675          	-3.169804e-260
1676          	-2.218863e-260
1677          	-1.553204e-260
1678          	-1.087243e-260
1679          	-7.610700e-261
1680          	-5.327490e-261
1681          	-3.729243e-261
1682          	-2.610470e-261
1683          	-1.827329e-261
1684          	-1.279130e-261
1685          	-8.953912e-262
1686          	-6.267739e-262
1687          	-4.387417e-262
1688          	-3.071192e-262
1689          	-2.149834e-262
1690          	-1.504884e-262
1691          	-1.053419e-262
1692          	-7.373932e-263
1693          	-5.161752e-263
1694          	-3.613227e-263
1695          	-2.529259e-263
1696          	-1.770481e-263
1697          	-1.239337e-263
1698          	-8.675357e-264
1699          	-6.072750e-264
1700          	-4.250925e-264
1701          	-2.975647e-264
1702          	-2.082953e-264
1703          	-1.458067e-264
1704          	-1.020647e-264
1705          	-7.144529e-265
1706          	-5.001171e-265
1707          	-3.500819e-265
1708          	-2.450574e-265
1709          	-1.715402e-265
1710          	-1.200781e-265
1711          	-8.405467e-266
1712          	-5.883827e-266
1713          	-4.118679e-266
1714          	-2.883075e-266
1715          	-2.018153e-266
1716          	-1.412707e-266
1717          	-9.888948e-267
1718          	-6.922264e-267
1719          	-4.845585e-267
1720          	-3.391909e-267
1721          	-2.374337e-267
1722          	-1.662036e-267
1723          	-1.163425e-267
1724          	-8.143974e-268
1725          	-5.700782e-268
1726          	-3.990547e-268
1727          	-2.793383e-268
1728          	-1.955368e-268
1729          	-1.368758e-268
1730          	-9.581304e-269
1731          	-6.706913e-269
1732          	-4.694839e-269
1733          	-3.286387e-269
1734          	-2.300471e-269
1735          	-1.610330e-269
1736          	-1.127231e-269
1737          	-7.890616e-270
1738          	-5.523431e-270
1739          	-3.866402e-270
1740          	-2.706481e-270
1741          	-1.894537e-270
1742          	-1.326176e-270
1743          	-9.283231e-271
1744          	-6.498262e-271
1745          	-4.548783e-271
1746          	-3.184148e-271
1747          	-2.228904e-271
1748          	-1.560233e-271
1749          	-1.092163e-271
1750          	-7.645140e-272
1751          	-5.351598e-272
1752          	-3.746119e-272
1753          	-2.622283e-272
1754          	-1.835598e-272
1755          	-1.284919e-272
1756          	-8.994431e-273
1757          	-6.296101e-273
1758          	-4.407271e-273
1759          	-3.085090e-273
1760          	-2.159563e-273
1761          	-1.511694e-273
1762          	-1.058186e-273
1763          	-7.407300e-274
1764          	-5.185110e-274
1765          	-3.629577e-274
1766          	-2.540704e-274
1767          	-1.778493e-274
1768          	-1.244945e-274
1769          	-8.714615e-275
1770          	-6.100230e-275
1771          	-4.270161e-275
1772          	-2.989113e-275
1773          	-2.092379e-275
1774          	-1.464665e-275
1775          	-1.025266e-275
1776          	-7.176860e-276
1777          	-5.023802e-276
1778          	-3.516661e-276
1779          	-2.461663e-276
1780          	-1.723164e-276
1781          	-1.206215e-276
1782          	-8.443504e-277
1783          	-5.910453e-277
1784          	-4.137317e-277
1785          	-2.896122e-277
1786          	-2.027285e-277
1787          	-1.419100e-277
1788          	-9.933698e-278
1789          	-6.953589e-278
1790          	-4.867512e-278
1791          	-3.407258e-278
1792          	-2.385081e-278
1793          	-1.669557e-278
1794          	-1.168690e-278
1795          	-8.180827e-279
1796          	-5.726579e-279
1797          	-4.008605e-279
1798          	-2.806024e-279
1799          	-1.964217e-279
1800          	-1.374952e-279
