# Region type : patch ent
# Faces  :    140
# Area   :    1.250000e-07
# Time        	areaAverage(p)
0             	0.000000e+00
1             	0.000000e+00
2             	0.000000e+00
3             	0.000000e+00
4             	-7.653207e-03
5             	-4.898215e-02
6             	-3.738688e-02
7             	-3.026985e-02
8             	-2.401021e-02
9             	-1.855551e-02
10            	-1.329917e-02
11            	-9.317761e-03
12            	-6.522432e-03
13            	-4.565703e-03
14            	-3.195992e-03
15            	-2.237194e-03
16            	-1.566036e-03
17            	-1.096225e-03
18            	-7.673576e-04
19            	-5.371504e-04
20            	-3.760052e-04
21            	-2.632037e-04
22            	-1.842426e-04
23            	-1.289698e-04
24            	-9.027886e-05
25            	-6.319520e-05
26            	-4.423664e-05
27            	-3.096565e-05
28            	-2.167595e-05
29            	-1.517317e-05
30            	-1.062122e-05
31            	-7.434852e-06
32            	-5.204397e-06
33            	-3.643078e-06
34            	-2.550154e-06
35            	-1.785108e-06
36            	-1.249576e-06
37            	-8.747029e-07
38            	-6.122921e-07
39            	-4.286044e-07
40            	-3.000231e-07
41            	-2.100162e-07
42            	-1.470113e-07
43            	-1.029079e-07
44            	-7.203555e-08
45            	-5.042488e-08
46            	-3.529742e-08
47            	-2.470819e-08
48            	-1.729574e-08
49            	-1.210701e-08
50            	-8.474910e-09
51            	-5.932437e-09
52            	-4.152706e-09
53            	-2.906894e-09
54            	-2.034826e-09
55            	-1.424378e-09
56            	-9.970647e-10
57            	-6.979453e-10
58            	-4.885617e-10
59            	-3.419932e-10
60            	-2.393952e-10
61            	-1.675767e-10
62            	-1.173037e-10
63            	-8.211257e-11
64            	-5.747880e-11
65            	-4.023516e-11
66            	-2.816461e-11
67            	-1.971523e-11
68            	-1.380066e-11
69            	-9.660461e-12
70            	-6.762323e-12
71            	-4.733626e-12
72            	-3.313538e-12
73            	-2.319477e-12
74            	-1.623634e-12
75            	-1.136544e-12
76            	-7.955805e-13
77            	-5.569064e-13
78            	-3.898345e-13
79            	-2.728841e-13
80            	-1.910189e-13
81            	-1.337132e-13
82            	-9.359925e-14
83            	-6.551948e-14
84            	-4.586363e-14
85            	-3.210454e-14
86            	-2.247318e-14
87            	-1.573123e-14
88            	-1.101186e-14
89            	-7.708301e-15
90            	-5.395811e-15
91            	-3.777067e-15
92            	-2.643947e-15
93            	-1.850763e-15
94            	-1.295534e-15
95            	-9.068739e-16
96            	-6.348117e-16
97            	-4.443682e-16
98            	-3.110577e-16
99            	-2.177404e-16
100           	-1.524183e-16
101           	-1.066928e-16
102           	-7.468497e-17
103           	-5.227948e-17
104           	-3.659563e-17
105           	-2.561694e-17
106           	-1.793186e-17
107           	-1.255230e-17
108           	-8.786612e-18
109           	-6.150628e-18
110           	-4.305440e-18
111           	-3.013808e-18
112           	-2.109665e-18
113           	-1.476766e-18
114           	-1.033736e-18
115           	-7.236152e-19
116           	-5.065307e-19
117           	-3.545715e-19
118           	-2.482000e-19
119           	-1.737400e-19
120           	-1.216180e-19
121           	-8.513261e-20
122           	-5.959283e-20
123           	-4.171498e-20
124           	-2.920049e-20
125           	-2.044034e-20
126           	-1.430824e-20
127           	-1.001577e-20
128           	-7.011036e-21
129           	-4.907726e-21
130           	-3.435408e-21
131           	-2.404786e-21
132           	-1.683350e-21
133           	-1.178345e-21
134           	-8.248414e-22
135           	-5.773890e-22
136           	-4.041723e-22
137           	-2.829206e-22
138           	-1.980444e-22
139           	-1.386311e-22
140           	-9.704177e-23
141           	-6.792924e-23
142           	-4.755047e-23
143           	-3.328533e-23
144           	-2.329973e-23
145           	-1.630981e-23
146           	-1.141687e-23
147           	-7.991807e-24
148           	-5.594265e-24
149           	-3.915985e-24
150           	-2.741190e-24
151           	-1.918833e-24
152           	-1.343183e-24
153           	-9.402281e-25
154           	-6.581597e-25
155           	-4.607118e-25
156           	-3.224982e-25
157           	-2.257488e-25
158           	-1.580241e-25
159           	-1.106169e-25
160           	-7.743183e-26
161           	-5.420228e-26
162           	-3.794160e-26
163           	-2.655912e-26
164           	-1.859138e-26
165           	-1.301397e-26
166           	-9.109777e-27
167           	-6.376844e-27
168           	-4.463791e-27
169           	-3.124654e-27
170           	-2.187257e-27
171           	-1.531080e-27
172           	-1.071756e-27
173           	-7.502293e-28
174           	-5.251605e-28
175           	-3.676124e-28
176           	-2.573287e-28
177           	-1.801301e-28
178           	-1.260910e-28
179           	-8.826373e-29
180           	-6.178461e-29
181           	-4.324923e-29
182           	-3.027446e-29
183           	-2.119212e-29
184           	-1.483448e-29
185           	-1.038414e-29
186           	-7.268898e-30
187           	-5.088228e-30
188           	-3.561760e-30
189           	-2.493232e-30
190           	-1.745262e-30
191           	-1.221684e-30
192           	-8.551785e-31
193           	-5.986250e-31
194           	-4.190375e-31
195           	-2.933262e-31
196           	-2.053284e-31
197           	-1.437299e-31
198           	-1.006109e-31
199           	-7.042763e-32
200           	-4.929934e-32
201           	-3.450954e-32
202           	-2.415668e-32
203           	-1.690967e-32
204           	-1.183677e-32
205           	-8.285740e-33
206           	-5.800018e-33
207           	-4.060013e-33
208           	-2.842009e-33
209           	-1.989406e-33
210           	-1.392584e-33
211           	-9.748090e-34
212           	-6.823663e-34
213           	-4.776564e-34
214           	-3.343595e-34
215           	-2.340516e-34
216           	-1.638362e-34
217           	-1.146853e-34
218           	-8.027972e-35
219           	-5.619580e-35
220           	-3.933706e-35
221           	-2.753594e-35
222           	-1.927516e-35
223           	-1.349261e-35
224           	-9.444828e-36
225           	-6.611380e-36
226           	-4.627966e-36
227           	-3.239576e-36
228           	-2.267703e-36
229           	-1.587392e-36
230           	-1.111175e-36
231           	-7.778222e-37
232           	-5.444756e-37
233           	-3.811329e-37
234           	-2.667930e-37
235           	-1.867551e-37
236           	-1.307286e-37
237           	-9.151001e-38
238           	-6.405700e-38
239           	-4.483990e-38
240           	-3.138793e-38
241           	-2.197155e-38
242           	-1.538009e-38
243           	-1.076606e-38
244           	-7.536243e-39
245           	-5.275370e-39
246           	-3.692759e-39
247           	-2.584931e-39
248           	-1.809452e-39
249           	-1.266616e-39
250           	-8.866314e-40
251           	-6.206420e-40
252           	-4.344494e-40
253           	-3.041146e-40
254           	-2.128802e-40
255           	-1.490161e-40
256           	-1.043113e-40
257           	-7.301791e-41
258           	-5.111254e-41
259           	-3.577878e-41
260           	-2.504514e-41
261           	-1.753160e-41
262           	-1.227212e-41
263           	-8.590484e-42
264           	-6.013339e-42
265           	-4.209337e-42
266           	-2.946536e-42
267           	-2.062575e-42
268           	-1.443803e-42
269           	-1.010662e-42
270           	-7.074633e-43
271           	-4.952243e-43
272           	-3.466570e-43
273           	-2.426599e-43
274           	-1.698619e-43
275           	-1.189034e-43
276           	-8.323235e-44
277           	-5.826264e-44
278           	-4.078385e-44
279           	-2.854870e-44
280           	-1.998409e-44
281           	-1.398886e-44
282           	-9.792203e-45
283           	-6.854542e-45
284           	-4.798179e-45
285           	-3.358725e-45
286           	-2.351108e-45
287           	-1.645775e-45
288           	-1.152043e-45
289           	-8.064300e-46
290           	-5.645010e-46
291           	-3.951507e-46
292           	-2.766055e-46
293           	-1.936238e-46
294           	-1.355367e-46
295           	-9.487568e-47
296           	-6.641298e-47
297           	-4.648908e-47
298           	-3.254236e-47
299           	-2.277965e-47
300           	-1.594576e-47
301           	-1.116203e-47
302           	-7.813420e-48
303           	-5.469394e-48
304           	-3.828576e-48
305           	-2.680003e-48
306           	-1.876002e-48
307           	-1.313202e-48
308           	-9.192411e-49
309           	-6.434688e-49
310           	-4.504281e-49
311           	-3.152997e-49
312           	-2.207098e-49
313           	-1.544968e-49
314           	-1.081478e-49
315           	-7.570346e-50
316           	-5.299242e-50
317           	-3.709469e-50
318           	-2.596629e-50
319           	-1.817640e-50
320           	-1.272348e-50
321           	-8.906436e-51
322           	-6.234505e-51
323           	-4.364154e-51
324           	-3.054908e-51
325           	-2.138435e-51
326           	-1.496905e-51
327           	-1.047833e-51
328           	-7.334833e-52
329           	-5.134383e-52
330           	-3.594068e-52
331           	-2.515848e-52
332           	-1.761093e-52
333           	-1.232765e-52
334           	-8.629358e-53
335           	-6.040550e-53
336           	-4.228385e-53
337           	-2.959870e-53
338           	-2.071909e-53
339           	-1.450336e-53
340           	-1.015235e-53
341           	-7.106647e-54
342           	-4.974653e-54
343           	-3.482257e-54
344           	-2.437580e-54
345           	-1.706306e-54
346           	-1.194414e-54
347           	-8.360899e-55
348           	-5.852629e-55
349           	-4.096841e-55
350           	-2.867788e-55
351           	-2.007452e-55
352           	-1.405216e-55
353           	-9.836514e-56
354           	-6.885560e-56
355           	-4.819892e-56
356           	-3.373924e-56
357           	-2.361747e-56
358           	-1.653223e-56
359           	-1.157256e-56
360           	-8.100793e-57
361           	-5.670555e-57
362           	-3.969388e-57
363           	-2.778572e-57
364           	-1.945000e-57
365           	-1.361500e-57
366           	-9.530501e-58
367           	-6.671351e-58
368           	-4.669946e-58
369           	-3.268962e-58
370           	-2.288273e-58
371           	-1.601791e-58
372           	-1.121254e-58
373           	-7.848778e-59
374           	-5.494144e-59
375           	-3.845901e-59
376           	-2.692131e-59
377           	-1.884492e-59
378           	-1.319144e-59
379           	-9.234008e-60
380           	-6.463806e-60
381           	-4.524664e-60
382           	-3.167265e-60
383           	-2.217085e-60
384           	-1.551960e-60
385           	-1.086372e-60
386           	-7.604603e-61
387           	-5.323222e-61
388           	-3.726255e-61
389           	-2.608379e-61
390           	-1.825865e-61
391           	-1.278106e-61
392           	-8.946739e-62
393           	-6.262718e-62
394           	-4.383902e-62
395           	-3.068732e-62
396           	-2.148112e-62
397           	-1.503678e-62
398           	-1.052575e-62
399           	-7.368025e-63
400           	-5.157617e-63
401           	-3.610332e-63
402           	-2.527232e-63
403           	-1.769063e-63
404           	-1.238344e-63
405           	-8.668407e-64
406           	-6.067885e-64
407           	-4.247520e-64
408           	-2.973264e-64
409           	-2.081285e-64
410           	-1.456899e-64
411           	-1.019829e-64
412           	-7.138806e-65
413           	-4.997164e-65
414           	-3.498015e-65
415           	-2.448611e-65
416           	-1.714027e-65
417           	-1.199819e-65
418           	-8.398734e-66
419           	-5.879114e-66
420           	-4.115380e-66
421           	-2.880766e-66
422           	-2.016536e-66
423           	-1.411575e-66
424           	-9.881027e-67
425           	-6.916719e-67
426           	-4.841703e-67
427           	-3.389192e-67
428           	-2.372434e-67
429           	-1.660704e-67
430           	-1.162493e-67
431           	-8.137450e-68
432           	-5.696215e-68
433           	-3.987351e-68
434           	-2.791145e-68
435           	-1.953802e-68
436           	-1.367661e-68
437           	-9.573629e-69
438           	-6.701540e-69
439           	-4.691078e-69
440           	-3.283755e-69
441           	-2.298628e-69
442           	-1.609040e-69
443           	-1.126328e-69
444           	-7.884295e-70
445           	-5.519007e-70
446           	-3.863305e-70
447           	-2.704313e-70
448           	-1.893019e-70
449           	-1.325113e-70
450           	-9.275794e-71
451           	-6.493056e-71
452           	-4.545139e-71
453           	-3.181597e-71
454           	-2.227118e-71
455           	-1.558983e-71
456           	-1.091288e-71
457           	-7.639015e-72
458           	-5.347311e-72
459           	-3.743118e-72
460           	-2.620182e-72
461           	-1.834128e-72
462           	-1.283889e-72
463           	-8.987225e-73
464           	-6.291058e-73
465           	-4.403740e-73
466           	-3.082618e-73
467           	-2.157833e-73
468           	-1.510483e-73
469           	-1.057338e-73
470           	-7.401366e-74
471           	-5.180957e-74
472           	-3.626670e-74
473           	-2.538669e-74
474           	-1.777068e-74
475           	-1.243948e-74
476           	-8.707634e-75
477           	-6.095344e-75
478           	-4.266740e-75
479           	-2.986718e-75
480           	-2.090703e-75
481           	-1.463492e-75
482           	-1.024444e-75
483           	-7.171111e-76
484           	-5.019778e-76
485           	-3.513844e-76
486           	-2.459691e-76
487           	-1.721784e-76
488           	-1.205249e-76
489           	-8.436740e-77
490           	-5.905718e-77
491           	-4.134003e-77
492           	-2.893802e-77
493           	-2.025661e-77
494           	-1.417963e-77
495           	-9.925740e-78
496           	-6.948018e-78
497           	-4.863613e-78
498           	-3.404529e-78
499           	-2.383170e-78
500           	-1.668219e-78
501           	-1.167753e-78
502           	-8.174274e-79
503           	-5.721992e-79
504           	-4.005394e-79
505           	-2.803776e-79
506           	-1.962643e-79
507           	-1.373850e-79
508           	-9.616952e-80
509           	-6.731866e-80
510           	-4.712306e-80
511           	-3.298614e-80
512           	-2.309030e-80
513           	-1.616321e-80
514           	-1.131425e-80
515           	-7.919973e-81
516           	-5.543981e-81
517           	-3.880787e-81
518           	-2.716551e-81
519           	-1.901586e-81
520           	-1.331110e-81
521           	-9.317769e-82
522           	-6.522438e-82
523           	-4.565707e-82
524           	-3.195995e-82
525           	-2.237196e-82
526           	-1.566037e-82
527           	-1.096226e-82
528           	-7.673584e-83
529           	-5.371509e-83
530           	-3.760056e-83
531           	-2.632039e-83
532           	-1.842427e-83
533           	-1.289699e-83
534           	-9.027894e-84
535           	-6.319526e-84
536           	-4.423668e-84
537           	-3.096568e-84
538           	-2.167597e-84
539           	-1.517318e-84
540           	-1.062123e-84
541           	-7.434859e-85
542           	-5.204401e-85
543           	-3.643081e-85
544           	-2.550157e-85
545           	-1.785110e-85
546           	-1.249577e-85
547           	-8.747038e-86
548           	-6.122926e-86
549           	-4.286048e-86
550           	-3.000234e-86
551           	-2.100164e-86
552           	-1.470115e-86
553           	-1.029080e-86
554           	-7.203562e-87
555           	-5.042493e-87
556           	-3.529745e-87
557           	-2.470822e-87
558           	-1.729575e-87
559           	-1.210703e-87
560           	-8.474918e-88
561           	-5.932443e-88
562           	-4.152710e-88
563           	-2.906897e-88
564           	-2.034828e-88
565           	-1.424379e-88
566           	-9.970656e-89
567           	-6.979459e-89
568           	-4.885622e-89
569           	-3.419935e-89
570           	-2.393955e-89
571           	-1.675768e-89
572           	-1.173038e-89
573           	-8.211264e-90
574           	-5.747885e-90
575           	-4.023520e-90
576           	-2.816464e-90
577           	-1.971525e-90
578           	-1.380067e-90
579           	-9.660470e-91
580           	-6.762329e-91
581           	-4.733630e-91
582           	-3.313541e-91
583           	-2.319479e-91
584           	-1.623635e-91
585           	-1.136545e-91
586           	-7.955813e-92
587           	-5.569069e-92
588           	-3.898348e-92
589           	-2.728844e-92
590           	-1.910191e-92
591           	-1.337133e-92
592           	-9.359934e-93
593           	-6.551954e-93
594           	-4.586368e-93
595           	-3.210457e-93
596           	-2.247320e-93
597           	-1.573124e-93
598           	-1.101187e-93
599           	-7.708308e-94
600           	-5.395816e-94
601           	-3.777071e-94
602           	-2.643950e-94
603           	-1.850765e-94
604           	-1.295535e-94
605           	-9.068748e-95
606           	-6.348123e-95
607           	-4.443686e-95
608           	-3.110580e-95
609           	-2.177406e-95
610           	-1.524184e-95
611           	-1.066929e-95
612           	-7.468504e-96
613           	-5.227952e-96
614           	-3.659567e-96
615           	-2.561697e-96
616           	-1.793188e-96
617           	-1.255231e-96
618           	-8.786620e-97
619           	-6.150634e-97
620           	-4.305444e-97
621           	-3.013811e-97
622           	-2.109667e-97
623           	-1.476767e-97
624           	-1.033737e-97
625           	-7.236159e-98
626           	-5.065311e-98
627           	-3.545718e-98
628           	-2.482003e-98
629           	-1.737402e-98
630           	-1.216181e-98
631           	-8.513269e-99
632           	-5.959288e-99
633           	-4.171502e-99
634           	-2.920051e-99
635           	-2.044036e-99
636           	-1.430825e-99
637           	-1.001578e-99
638           	-7.011043e-100
639           	-4.907730e-100
640           	-3.435411e-100
641           	-2.404788e-100
642           	-1.683351e-100
643           	-1.178346e-100
644           	-8.248422e-101
645           	-5.773895e-101
646           	-4.041727e-101
647           	-2.829209e-101
648           	-1.980446e-101
649           	-1.386312e-101
650           	-9.704186e-102
651           	-6.792930e-102
652           	-4.755051e-102
653           	-3.328536e-102
654           	-2.329975e-102
655           	-1.630983e-102
656           	-1.141688e-102
657           	-7.991814e-103
658           	-5.594270e-103
659           	-3.915989e-103
660           	-2.741192e-103
661           	-1.918835e-103
662           	-1.343184e-103
663           	-9.402290e-104
664           	-6.581603e-104
665           	-4.607122e-104
666           	-3.224985e-104
667           	-2.257490e-104
668           	-1.580243e-104
669           	-1.106170e-104
670           	-7.743190e-105
671           	-5.420233e-105
672           	-3.794163e-105
673           	-2.655914e-105
674           	-1.859140e-105
675           	-1.301398e-105
676           	-9.109786e-106
677           	-6.376850e-106
678           	-4.463795e-106
679           	-3.124656e-106
680           	-2.187260e-106
681           	-1.531082e-106
682           	-1.071757e-106
683           	-7.502300e-107
684           	-5.251610e-107
685           	-3.676127e-107
686           	-2.573289e-107
687           	-1.801302e-107
688           	-1.260912e-107
689           	-8.826381e-108
690           	-6.178467e-108
691           	-4.324927e-108
692           	-3.027449e-108
693           	-2.119214e-108
694           	-1.483450e-108
695           	-1.038415e-108
696           	-7.268904e-109
697           	-5.088233e-109
698           	-3.561763e-109
699           	-2.493234e-109
700           	-1.745264e-109
701           	-1.221685e-109
702           	-8.551793e-110
703           	-5.986255e-110
704           	-4.190379e-110
705           	-2.933265e-110
706           	-2.053286e-110
707           	-1.437300e-110
708           	-1.006110e-110
709           	-7.042769e-111
710           	-4.929939e-111
711           	-3.450957e-111
712           	-2.415670e-111
713           	-1.690969e-111
714           	-1.183678e-111
715           	-8.285748e-112
716           	-5.800024e-112
717           	-4.060016e-112
718           	-2.842012e-112
719           	-1.989408e-112
720           	-1.392586e-112
721           	-9.748100e-113
722           	-6.823670e-113
723           	-4.776569e-113
724           	-3.343598e-113
725           	-2.340519e-113
726           	-1.638363e-113
727           	-1.146854e-113
728           	-8.027979e-114
729           	-5.619585e-114
730           	-3.933710e-114
731           	-2.753597e-114
732           	-1.927518e-114
733           	-1.349262e-114
734           	-9.444837e-115
735           	-6.611386e-115
736           	-4.627970e-115
737           	-3.239579e-115
738           	-2.267705e-115
739           	-1.587394e-115
740           	-1.111176e-115
741           	-7.778230e-116
742           	-5.444761e-116
743           	-3.811332e-116
744           	-2.667933e-116
745           	-1.867553e-116
746           	-1.307287e-116
747           	-9.151009e-117
748           	-6.405706e-117
749           	-4.483995e-117
750           	-3.138796e-117
751           	-2.197157e-117
752           	-1.538010e-117
753           	-1.076607e-117
754           	-7.536250e-118
755           	-5.275375e-118
756           	-3.692762e-118
757           	-2.584934e-118
758           	-1.809454e-118
759           	-1.266617e-118
760           	-8.866322e-119
761           	-6.206426e-119
762           	-4.344498e-119
763           	-3.041149e-119
764           	-2.128804e-119
765           	-1.490163e-119
766           	-1.043114e-119
767           	-7.301798e-120
768           	-5.111258e-120
769           	-3.577881e-120
770           	-2.504517e-120
771           	-1.753162e-120
772           	-1.227213e-120
773           	-8.590492e-121
774           	-6.013344e-121
775           	-4.209341e-121
776           	-2.946539e-121
777           	-2.062577e-121
778           	-1.443804e-121
779           	-1.010663e-121
780           	-7.074639e-122
781           	-4.952248e-122
782           	-3.466573e-122
783           	-2.426601e-122
784           	-1.698621e-122
785           	-1.189035e-122
786           	-8.323243e-123
787           	-5.826270e-123
788           	-4.078389e-123
789           	-2.854872e-123
790           	-1.998411e-123
791           	-1.398887e-123
792           	-9.792212e-124
793           	-6.854548e-124
794           	-4.798184e-124
795           	-3.358729e-124
796           	-2.351110e-124
797           	-1.645777e-124
798           	-1.152044e-124
799           	-8.064307e-125
800           	-5.645015e-125
801           	-3.951511e-125
802           	-2.766057e-125
803           	-1.936240e-125
804           	-1.355368e-125
805           	-9.487577e-126
806           	-6.641304e-126
807           	-4.648913e-126
808           	-3.254239e-126
809           	-2.277967e-126
810           	-1.594577e-126
811           	-1.116204e-126
812           	-7.813428e-127
813           	-5.469399e-127
814           	-3.828580e-127
815           	-2.680006e-127
816           	-1.876004e-127
817           	-1.313203e-127
818           	-9.192419e-128
819           	-6.434694e-128
820           	-4.504286e-128
821           	-3.153000e-128
822           	-2.207100e-128
823           	-1.544970e-128
824           	-1.081479e-128
825           	-7.570353e-129
826           	-5.299247e-129
827           	-3.709473e-129
828           	-2.596631e-129
829           	-1.817642e-129
830           	-1.272349e-129
831           	-8.906444e-130
832           	-6.234511e-130
833           	-4.364158e-130
834           	-3.054910e-130
835           	-2.138437e-130
836           	-1.496906e-130
837           	-1.047834e-130
838           	-7.334840e-131
839           	-5.134388e-131
840           	-3.594072e-131
841           	-2.515850e-131
842           	-1.761095e-131
843           	-1.232767e-131
844           	-8.629366e-132
845           	-6.040556e-132
846           	-4.228389e-132
847           	-2.959872e-132
848           	-2.071911e-132
849           	-1.450337e-132
850           	-1.015236e-132
851           	-7.106654e-133
852           	-4.974658e-133
853           	-3.482260e-133
854           	-2.437582e-133
855           	-1.706308e-133
856           	-1.194415e-133
857           	-8.360907e-134
858           	-5.852635e-134
859           	-4.096844e-134
860           	-2.867791e-134
861           	-2.007454e-134
862           	-1.405218e-134
863           	-9.836524e-135
864           	-6.885566e-135
865           	-4.819897e-135
866           	-3.373928e-135
867           	-2.361749e-135
868           	-1.653225e-135
869           	-1.157257e-135
870           	-8.100800e-136
871           	-5.670560e-136
872           	-3.969392e-136
873           	-2.778574e-136
874           	-1.945002e-136
875           	-1.361501e-136
876           	-9.530510e-137
877           	-6.671357e-137
878           	-4.669950e-137
879           	-3.268965e-137
880           	-2.288276e-137
881           	-1.601793e-137
882           	-1.121255e-137
883           	-7.848785e-138
884           	-5.494150e-138
885           	-3.845905e-138
886           	-2.692133e-138
887           	-1.884493e-138
888           	-1.319145e-138
889           	-9.234017e-139
890           	-6.463812e-139
891           	-4.524668e-139
892           	-3.167268e-139
893           	-2.217088e-139
894           	-1.551961e-139
895           	-1.086373e-139
896           	-7.604610e-140
897           	-5.323227e-140
898           	-3.726259e-140
899           	-2.608381e-140
900           	-1.825867e-140
901           	-1.278107e-140
902           	-8.946748e-141
903           	-6.262723e-141
904           	-4.383906e-141
905           	-3.068735e-141
906           	-2.148114e-141
907           	-1.503680e-141
908           	-1.052576e-141
909           	-7.368032e-142
910           	-5.157622e-142
911           	-3.610335e-142
912           	-2.527235e-142
913           	-1.769064e-142
914           	-1.238345e-142
915           	-8.668415e-143
916           	-6.067891e-143
917           	-4.247524e-143
918           	-2.973266e-143
919           	-2.081287e-143
920           	-1.456901e-143
921           	-1.019830e-143
922           	-7.138813e-144
923           	-4.997169e-144
924           	-3.498018e-144
925           	-2.448613e-144
926           	-1.714029e-144
927           	-1.199820e-144
928           	-8.398742e-145
929           	-5.879119e-145
930           	-4.115384e-145
931           	-2.880768e-145
932           	-2.016538e-145
933           	-1.411577e-145
934           	-9.881036e-146
935           	-6.916725e-146
936           	-4.841708e-146
937           	-3.389195e-146
938           	-2.372437e-146
939           	-1.660706e-146
940           	-1.162494e-146
941           	-8.137458e-147
942           	-5.696221e-147
943           	-3.987354e-147
944           	-2.791148e-147
945           	-1.953804e-147
946           	-1.367663e-147
947           	-9.573638e-148
948           	-6.701547e-148
949           	-4.691083e-148
950           	-3.283758e-148
951           	-2.298630e-148
952           	-1.609041e-148
953           	-1.126329e-148
954           	-7.884302e-149
955           	-5.519012e-149
956           	-3.863308e-149
957           	-2.704316e-149
958           	-1.893021e-149
959           	-1.325115e-149
960           	-9.275803e-150
961           	-6.493062e-150
962           	-4.545143e-150
963           	-3.181600e-150
964           	-2.227120e-150
965           	-1.558984e-150
966           	-1.091289e-150
967           	-7.639023e-151
968           	-5.347316e-151
969           	-3.743121e-151
970           	-2.620185e-151
971           	-1.834129e-151
972           	-1.283891e-151
973           	-8.987234e-152
974           	-6.291064e-152
975           	-4.403745e-152
976           	-3.082621e-152
977           	-2.157835e-152
978           	-1.510484e-152
979           	-1.057339e-152
980           	-7.401373e-153
981           	-5.180961e-153
982           	-3.626673e-153
983           	-2.538671e-153
984           	-1.777070e-153
985           	-1.243949e-153
986           	-8.707642e-154
987           	-6.095349e-154
988           	-4.266745e-154
989           	-2.986721e-154
990           	-2.090705e-154
991           	-1.463493e-154
992           	-1.024445e-154
993           	-7.171117e-155
994           	-5.019782e-155
995           	-3.513848e-155
996           	-2.459693e-155
997           	-1.721785e-155
998           	-1.205250e-155
999           	-8.436748e-156
1000          	-5.905724e-156
1001          	-4.134007e-156
1002          	-2.893805e-156
1003          	-2.025663e-156
1004          	-1.417964e-156
1005          	-9.925750e-157
1006          	-6.948025e-157
1007          	-4.863617e-157
1008          	-3.404532e-157
1009          	-2.383172e-157
1010          	-1.668221e-157
1011          	-1.167755e-157
1012          	-8.174282e-158
1013          	-5.721997e-158
1014          	-4.005398e-158
1015          	-2.803779e-158
1016          	-1.962645e-158
1017          	-1.373852e-158
1018          	-9.616961e-159
1019          	-6.731872e-159
1020          	-4.712311e-159
1021          	-3.298617e-159
1022          	-2.309032e-159
1023          	-1.616323e-159
1024          	-1.131426e-159
1025          	-7.919981e-160
1026          	-5.543986e-160
1027          	-3.880790e-160
1028          	-2.716553e-160
1029          	-1.901587e-160
1030          	-1.331111e-160
1031          	-9.317778e-161
1032          	-6.522445e-161
1033          	-4.565711e-161
1034          	-3.195998e-161
1035          	-2.237198e-161
1036          	-1.566039e-161
1037          	-1.096227e-161
1038          	-7.673591e-162
1039          	-5.371514e-162
1040          	-3.760060e-162
1041          	-2.632042e-162
1042          	-1.842429e-162
1043          	-1.289700e-162
1044          	-9.027903e-163
1045          	-6.319532e-163
1046          	-4.423672e-163
1047          	-3.096571e-163
1048          	-2.167599e-163
1049          	-1.517320e-163
1050          	-1.062124e-163
1051          	-7.434866e-164
1052          	-5.204406e-164
1053          	-3.643084e-164
1054          	-2.550159e-164
1055          	-1.785111e-164
1056          	-1.249578e-164
1057          	-8.747046e-165
1058          	-6.122932e-165
1059          	-4.286052e-165
1060          	-3.000237e-165
1061          	-2.100166e-165
1062          	-1.470116e-165
1063          	-1.029081e-165
1064          	-7.203568e-166
1065          	-5.042498e-166
1066          	-3.529748e-166
1067          	-2.470824e-166
1068          	-1.729577e-166
1069          	-1.210704e-166
1070          	-8.474926e-167
1071          	-5.932448e-167
1072          	-4.152714e-167
1073          	-2.906900e-167
1074          	-2.034830e-167
1075          	-1.424381e-167
1076          	-9.970666e-168
1077          	-6.979466e-168
1078          	-4.885626e-168
1079          	-3.419938e-168
1080          	-2.393957e-168
1081          	-1.675770e-168
1082          	-1.173039e-168
1083          	-8.211272e-169
1084          	-5.747890e-169
1085          	-4.023523e-169
1086          	-2.816466e-169
1087          	-1.971526e-169
1088          	-1.380068e-169
1089          	-9.660479e-170
1090          	-6.762336e-170
1091          	-4.733635e-170
1092          	-3.313544e-170
1093          	-2.319481e-170
1094          	-1.623637e-170
1095          	-1.136546e-170
1096          	-7.955820e-171
1097          	-5.569074e-171
1098          	-3.898352e-171
1099          	-2.728846e-171
1100          	-1.910192e-171
1101          	-1.337135e-171
1102          	-9.359943e-172
1103          	-6.551960e-172
1104          	-4.586372e-172
1105          	-3.210460e-172
1106          	-2.247322e-172
1107          	-1.573126e-172
1108          	-1.101188e-172
1109          	-7.708315e-173
1110          	-5.395821e-173
1111          	-3.777075e-173
1112          	-2.643952e-173
1113          	-1.850767e-173
1114          	-1.295537e-173
1115          	-9.068756e-174
1116          	-6.348129e-174
1117          	-4.443690e-174
1118          	-3.110583e-174
1119          	-2.177408e-174
1120          	-1.524186e-174
1121          	-1.066930e-174
1122          	-7.468511e-175
1123          	-5.227957e-175
1124          	-3.659570e-175
1125          	-2.561699e-175
1126          	-1.793189e-175
1127          	-1.255233e-175
1128          	-8.786628e-176
1129          	-6.150640e-176
1130          	-4.305448e-176
1131          	-3.013813e-176
1132          	-2.109669e-176
1133          	-1.476769e-176
1134          	-1.033738e-176
1135          	-7.236166e-177
1136          	-5.065316e-177
1137          	-3.545721e-177
1138          	-2.482005e-177
1139          	-1.737403e-177
1140          	-1.216182e-177
1141          	-8.513277e-178
1142          	-5.959294e-178
1143          	-4.171506e-178
1144          	-2.920054e-178
1145          	-2.044038e-178
1146          	-1.430826e-178
1147          	-1.001579e-178
1148          	-7.011050e-179
1149          	-4.907735e-179
1150          	-3.435414e-179
1151          	-2.404790e-179
1152          	-1.683353e-179
1153          	-1.178347e-179
1154          	-8.248430e-180
1155          	-5.773901e-180
1156          	-4.041731e-180
1157          	-2.829211e-180
1158          	-1.980448e-180
1159          	-1.386314e-180
1160          	-9.704195e-181
1161          	-6.792937e-181
1162          	-4.755056e-181
1163          	-3.328539e-181
1164          	-2.329977e-181
1165          	-1.630984e-181
1166          	-1.141689e-181
1167          	-7.991822e-182
1168          	-5.594275e-182
1169          	-3.915993e-182
1170          	-2.741195e-182
1171          	-1.918836e-182
1172          	-1.343186e-182
1173          	-9.402299e-183
1174          	-6.581609e-183
1175          	-4.607126e-183
1176          	-3.224988e-183
1177          	-2.257492e-183
1178          	-1.580244e-183
1179          	-1.106171e-183
1180          	-7.743197e-184
1181          	-5.420238e-184
1182          	-3.794167e-184
1183          	-2.655917e-184
1184          	-1.859142e-184
1185          	-1.301399e-184
1186          	-9.109794e-185
1187          	-6.376856e-185
1188          	-4.463799e-185
1189          	-3.124659e-185
1190          	-2.187262e-185
1191          	-1.531083e-185
1192          	-1.071758e-185
1193          	-7.502307e-186
1194          	-5.251615e-186
1195          	-3.676131e-186
1196          	-2.573291e-186
1197          	-1.801304e-186
1198          	-1.260913e-186
1199          	-8.826389e-187
1200          	-6.178473e-187
1201          	-4.324931e-187
1202          	-3.027452e-187
1203          	-2.119216e-187
1204          	-1.483451e-187
1205          	-1.038416e-187
1206          	-7.268911e-188
1207          	-5.088238e-188
1208          	-3.561766e-188
1209          	-2.493237e-188
1210          	-1.745266e-188
1211          	-1.221686e-188
1212          	-8.551801e-189
1213          	-5.986261e-189
1214          	-4.190383e-189
1215          	-2.933268e-189
1216          	-2.053287e-189
1217          	-1.437301e-189
1218          	-1.006111e-189
1219          	-7.042776e-190
1220          	-4.929943e-190
1221          	-3.450960e-190
1222          	-2.415672e-190
1223          	-1.690971e-190
1224          	-1.183679e-190
1225          	-8.285756e-191
1226          	-5.800029e-191
1227          	-4.060020e-191
1228          	-2.842014e-191
1229          	-1.989410e-191
1230          	-1.392587e-191
1231          	-9.748109e-192
1232          	-6.823676e-192
1233          	-4.776573e-192
1234          	-3.343601e-192
1235          	-2.340521e-192
1236          	-1.638365e-192
1237          	-1.146855e-192
1238          	-8.027987e-193
1239          	-5.619591e-193
1240          	-3.933713e-193
1241          	-2.753599e-193
1242          	-1.927520e-193
1243          	-1.349264e-193
1244          	-9.444846e-194
1245          	-6.611392e-194
1246          	-4.627975e-194
1247          	-3.239582e-194
1248          	-2.267708e-194
1249          	-1.587395e-194
1250          	-1.111177e-194
1251          	-7.778237e-195
1252          	-5.444766e-195
1253          	-3.811336e-195
1254          	-2.667935e-195
1255          	-1.867555e-195
1256          	-1.307288e-195
1257          	-9.151018e-196
1258          	-6.405712e-196
1259          	-4.483999e-196
1260          	-3.138799e-196
1261          	-2.197159e-196
1262          	-1.538012e-196
1263          	-1.076608e-196
1264          	-7.536257e-197
1265          	-5.275380e-197
1266          	-3.692766e-197
1267          	-2.584936e-197
1268          	-1.809455e-197
1269          	-1.266619e-197
1270          	-8.866331e-198
1271          	-6.206431e-198
1272          	-4.344502e-198
1273          	-3.041151e-198
1274          	-2.128806e-198
1275          	-1.490164e-198
1276          	-1.043115e-198
1277          	-7.301805e-199
1278          	-5.111263e-199
1279          	-3.577884e-199
1280          	-2.504519e-199
1281          	-1.753163e-199
1282          	-1.227214e-199
1283          	-8.590500e-200
1284          	-6.013350e-200
1285          	-4.209345e-200
1286          	-2.946541e-200
1287          	-2.062579e-200
1288          	-1.443805e-200
1289          	-1.010664e-200
1290          	-7.074646e-201
1291          	-4.952252e-201
1292          	-3.466577e-201
1293          	-2.426604e-201
1294          	-1.698623e-201
1295          	-1.189036e-201
1296          	-8.323250e-202
1297          	-5.826275e-202
1298          	-4.078393e-202
1299          	-2.854875e-202
1300          	-1.998412e-202
1301          	-1.398889e-202
1302          	-9.792221e-203
1303          	-6.854555e-203
1304          	-4.798188e-203
1305          	-3.358732e-203
1306          	-2.351112e-203
1307          	-1.645779e-203
1308          	-1.152045e-203
1309          	-8.064315e-204
1310          	-5.645020e-204
1311          	-3.951514e-204
1312          	-2.766060e-204
1313          	-1.936242e-204
1314          	-1.355369e-204
1315          	-9.487586e-205
1316          	-6.641310e-205
1317          	-4.648917e-205
1318          	-3.254242e-205
1319          	-2.277969e-205
1320          	-1.594579e-205
1321          	-1.116205e-205
1322          	-7.813435e-206
1323          	-5.469404e-206
1324          	-3.828583e-206
1325          	-2.680008e-206
1326          	-1.876006e-206
1327          	-1.313204e-206
1328          	-9.192428e-207
1329          	-6.434700e-207
1330          	-4.504290e-207
1331          	-3.153003e-207
1332          	-2.207102e-207
1333          	-1.544971e-207
1334          	-1.081480e-207
1335          	-7.570360e-208
1336          	-5.299252e-208
1337          	-3.709476e-208
1338          	-2.596633e-208
1339          	-1.817643e-208
1340          	-1.272350e-208
1341          	-8.906453e-209
1342          	-6.234517e-209
1343          	-4.364162e-209
1344          	-3.054913e-209
1345          	-2.138439e-209
1346          	-1.496907e-209
1347          	-1.047835e-209
1348          	-7.334847e-210
1349          	-5.134393e-210
1350          	-3.594075e-210
1351          	-2.515852e-210
1352          	-1.761097e-210
1353          	-1.232768e-210
1354          	-8.629374e-211
1355          	-6.040562e-211
1356          	-4.228393e-211
1357          	-2.959875e-211
1358          	-2.071913e-211
1359          	-1.450339e-211
1360          	-1.015237e-211
1361          	-7.106660e-212
1362          	-4.974662e-212
1363          	-3.482264e-212
1364          	-2.437585e-212
1365          	-1.706309e-212
1366          	-1.194416e-212
1367          	-8.360915e-213
1368          	-5.852640e-213
1369          	-4.096848e-213
1370          	-2.867794e-213
1371          	-2.007456e-213
1372          	-1.405219e-213
1373          	-9.836533e-214
1374          	-6.885573e-214
1375          	-4.819901e-214
1376          	-3.373931e-214
1377          	-2.361752e-214
1378          	-1.653226e-214
1379          	-1.157258e-214
1380          	-8.100808e-215
1381          	-5.670565e-215
1382          	-3.969396e-215
1383          	-2.778577e-215
1384          	-1.945004e-215
1385          	-1.361503e-215
1386          	-9.530519e-216
1387          	-6.671363e-216
1388          	-4.669954e-216
1389          	-3.268968e-216
1390          	-2.288278e-216
1391          	-1.601794e-216
1392          	-1.121256e-216
1393          	-7.848792e-217
1394          	-5.494155e-217
1395          	-3.845908e-217
1396          	-2.692136e-217
1397          	-1.884495e-217
1398          	-1.319147e-217
1399          	-9.234026e-218
1400          	-6.463818e-218
1401          	-4.524673e-218
1402          	-3.167271e-218
1403          	-2.217090e-218
1404          	-1.551963e-218
1405          	-1.086374e-218
1406          	-7.604617e-219
1407          	-5.323232e-219
1408          	-3.726262e-219
1409          	-2.608384e-219
1410          	-1.825869e-219
1411          	-1.278108e-219
1412          	-8.946756e-220
1413          	-6.262729e-220
1414          	-4.383911e-220
1415          	-3.068737e-220
1416          	-2.148116e-220
1417          	-1.503681e-220
1418          	-1.052577e-220
1419          	-7.368038e-221
1420          	-5.157627e-221
1421          	-3.610339e-221
1422          	-2.527237e-221
1423          	-1.769066e-221
1424          	-1.238346e-221
1425          	-8.668424e-222
1426          	-6.067896e-222
1427          	-4.247528e-222
1428          	-2.973269e-222
1429          	-2.081288e-222
1430          	-1.456902e-222
1431          	-1.019831e-222
1432          	-7.138820e-223
1433          	-4.997174e-223
1434          	-3.498022e-223
1435          	-2.448615e-223
1436          	-1.714031e-223
1437          	-1.199821e-223
1438          	-8.398750e-224
1439          	-5.879125e-224
1440          	-4.115387e-224
1441          	-2.880771e-224
1442          	-2.016540e-224
1443          	-1.411578e-224
1444          	-9.881045e-225
1445          	-6.916732e-225
1446          	-4.841712e-225
1447          	-3.389198e-225
1448          	-2.372439e-225
1449          	-1.660707e-225
1450          	-1.162495e-225
1451          	-8.137466e-226
1452          	-5.696226e-226
1453          	-3.987358e-226
1454          	-2.791151e-226
1455          	-1.953805e-226
1456          	-1.367664e-226
1457          	-9.573647e-227
1458          	-6.701553e-227
1459          	-4.691087e-227
1460          	-3.283761e-227
1461          	-2.298633e-227
1462          	-1.609043e-227
1463          	-1.126330e-227
1464          	-7.884310e-228
1465          	-5.519017e-228
1466          	-3.863312e-228
1467          	-2.704318e-228
1468          	-1.893023e-228
1469          	-1.325116e-228
1470          	-9.275812e-229
1471          	-6.493068e-229
1472          	-4.545148e-229
1473          	-3.181603e-229
1474          	-2.227122e-229
1475          	-1.558986e-229
1476          	-1.091290e-229
1477          	-7.639030e-230
1478          	-5.347321e-230
1479          	-3.743125e-230
1480          	-2.620187e-230
1481          	-1.834131e-230
1482          	-1.283892e-230
1483          	-8.987242e-231
1484          	-6.291070e-231
1485          	-4.403749e-231
1486          	-3.082624e-231
1487          	-2.157837e-231
1488          	-1.510486e-231
1489          	-1.057340e-231
1490          	-7.401380e-232
1491          	-5.180966e-232
1492          	-3.626676e-232
1493          	-2.538673e-232
1494          	-1.777071e-232
1495          	-1.243950e-232
1496          	-8.707650e-233
1497          	-6.095355e-233
1498          	-4.266749e-233
1499          	-2.986724e-233
1500          	-2.090707e-233
1501          	-1.463495e-233
1502          	-1.024446e-233
1503          	-7.171124e-234
1504          	-5.019787e-234
1505          	-3.513851e-234
1506          	-2.459696e-234
1507          	-1.721787e-234
1508          	-1.205251e-234
1509          	-8.436756e-235
1510          	-5.905729e-235
1511          	-4.134010e-235
1512          	-2.893807e-235
1513          	-2.025665e-235
1514          	-1.417966e-235
1515          	-9.925759e-236
1516          	-6.948031e-236
1517          	-4.863622e-236
1518          	-3.404535e-236
1519          	-2.383175e-236
1520          	-1.668222e-236
1521          	-1.167756e-236
1522          	-8.174289e-237
1523          	-5.722003e-237
1524          	-4.005402e-237
1525          	-2.803781e-237
1526          	-1.962647e-237
1527          	-1.373853e-237
1528          	-9.616970e-238
1529          	-6.731879e-238
1530          	-4.712315e-238
1531          	-3.298621e-238
1532          	-2.309034e-238
1533          	-1.616324e-238
1534          	-1.131427e-238
1535          	-7.919988e-239
1536          	-5.543992e-239
1537          	-3.880794e-239
1538          	-2.716556e-239
1539          	-1.901589e-239
1540          	-1.331112e-239
1541          	-9.317787e-240
1542          	-6.522451e-240
1543          	-4.565715e-240
1544          	-3.196001e-240
1545          	-2.237201e-240
1546          	-1.566040e-240
1547          	-1.096228e-240
1548          	-7.673598e-241
1549          	-5.371519e-241
1550          	-3.760063e-241
1551          	-2.632044e-241
1552          	-1.842431e-241
1553          	-1.289702e-241
1554          	-9.027911e-242
1555          	-6.319538e-242
1556          	-4.423677e-242
1557          	-3.096574e-242
1558          	-2.167602e-242
1559          	-1.517321e-242
1560          	-1.062125e-242
1561          	-7.434873e-243
1562          	-5.204411e-243
1563          	-3.643088e-243
1564          	-2.550162e-243
1565          	-1.785113e-243
1566          	-1.249579e-243
1567          	-8.747054e-244
1568          	-6.122938e-244
1569          	-4.286056e-244
1570          	-3.000240e-244
1571          	-2.100168e-244
1572          	-1.470117e-244
1573          	-1.029082e-244
1574          	-7.203575e-245
1575          	-5.042503e-245
1576          	-3.529752e-245
1577          	-2.470826e-245
1578          	-1.729578e-245
1579          	-1.210705e-245
1580          	-8.474934e-246
1581          	-5.932454e-246
1582          	-4.152718e-246
1583          	-2.906902e-246
1584          	-2.034832e-246
1585          	-1.424382e-246
1586          	-9.970675e-247
1587          	-6.979473e-247
1588          	-4.885631e-247
1589          	-3.419942e-247
1590          	-2.393959e-247
1591          	-1.675771e-247
1592          	-1.173040e-247
1593          	-8.211280e-248
1594          	-5.747896e-248
1595          	-4.023527e-248
1596          	-2.816469e-248
1597          	-1.971528e-248
1598          	-1.380070e-248
1599          	-9.660488e-249
1600          	-6.762342e-249
1601          	-4.733639e-249
1602          	-3.313548e-249
1603          	-2.319483e-249
1604          	-1.623638e-249
1605          	-1.136547e-249
1606          	-7.955828e-250
1607          	-5.569079e-250
1608          	-3.898356e-250
1609          	-2.728849e-250
1610          	-1.910194e-250
1611          	-1.337136e-250
1612          	-9.359952e-251
1613          	-6.551966e-251
1614          	-4.586376e-251
1615          	-3.210463e-251
1616          	-2.247324e-251
1617          	-1.573127e-251
1618          	-1.101189e-251
1619          	-7.708323e-252
1620          	-5.395826e-252
1621          	-3.777078e-252
1622          	-2.643955e-252
1623          	-1.850768e-252
1624          	-1.295538e-252
1625          	-9.068765e-253
1626          	-6.348135e-253
1627          	-4.443695e-253
1628          	-3.110586e-253
1629          	-2.177410e-253
1630          	-1.524187e-253
1631          	-1.066931e-253
1632          	-7.468518e-254
1633          	-5.227962e-254
1634          	-3.659574e-254
1635          	-2.561702e-254
1636          	-1.793191e-254
1637          	-1.255234e-254
1638          	-8.786636e-255
1639          	-6.150645e-255
1640          	-4.305452e-255
1641          	-3.013816e-255
1642          	-2.109671e-255
1643          	-1.476770e-255
1644          	-1.033739e-255
1645          	-7.236173e-256
1646          	-5.065321e-256
1647          	-3.545725e-256
1648          	-2.482007e-256
1649          	-1.737405e-256
1650          	-1.216184e-256
1651          	-8.513285e-257
1652          	-5.959299e-257
1653          	-4.171510e-257
1654          	-2.920057e-257
1655          	-2.044040e-257
1656          	-1.430828e-257
1657          	-1.001579e-257
1658          	-7.011056e-258
1659          	-4.907739e-258
1660          	-3.435418e-258
1661          	-2.404792e-258
1662          	-1.683355e-258
1663          	-1.178348e-258
1664          	-8.248437e-259
1665          	-5.773906e-259
1666          	-4.041734e-259
1667          	-2.829214e-259
1668          	-1.980450e-259
1669          	-1.386315e-259
1670          	-9.704204e-260
1671          	-6.792943e-260
1672          	-4.755060e-260
1673          	-3.328542e-260
1674          	-2.329979e-260
1675          	-1.630986e-260
1676          	-1.141690e-260
1677          	-7.991829e-261
1678          	-5.594281e-261
1679          	-3.915996e-261
1680          	-2.741198e-261
1681          	-1.918838e-261
1682          	-1.343187e-261
1683          	-9.402307e-262
1684          	-6.581615e-262
1685          	-4.607131e-262
1686          	-3.224991e-262
1687          	-2.257494e-262
1688          	-1.580246e-262
1689          	-1.106172e-262
1690          	-7.743204e-263
1691          	-5.420243e-263
1692          	-3.794170e-263
1693          	-2.655919e-263
1694          	-1.859143e-263
1695          	-1.301400e-263
1696          	-9.109803e-264
1697          	-6.376862e-264
1698          	-4.463803e-264
1699          	-3.124662e-264
1700          	-2.187264e-264
1701          	-1.531085e-264
1702          	-1.071759e-264
1703          	-7.502314e-265
1704          	-5.251620e-265
1705          	-3.676134e-265
1706          	-2.573294e-265
1707          	-1.801306e-265
1708          	-1.260914e-265
1709          	-8.826398e-266
1710          	-6.178478e-266
1711          	-4.324935e-266
1712          	-3.027454e-266
1713          	-2.119218e-266
1714          	-1.483453e-266
1715          	-1.038417e-266
1716          	-7.268918e-267
1717          	-5.088243e-267
1718          	-3.561770e-267
1719          	-2.493239e-267
1720          	-1.745267e-267
1721          	-1.221687e-267
1722          	-8.551809e-268
1723          	-5.986267e-268
1724          	-4.190387e-268
1725          	-2.933271e-268
1726          	-2.053289e-268
1727          	-1.437303e-268
1728          	-1.006112e-268
1729          	-7.042783e-269
1730          	-4.929948e-269
1731          	-3.450964e-269
1732          	-2.415674e-269
1733          	-1.690972e-269
1734          	-1.183680e-269
1735          	-8.285763e-270
1736          	-5.800034e-270
1737          	-4.060024e-270
1738          	-2.842017e-270
1739          	-1.989412e-270
1740          	-1.392588e-270
1741          	-9.748118e-271
1742          	-6.823682e-271
1743          	-4.776578e-271
1744          	-3.343604e-271
1745          	-2.340523e-271
1746          	-1.638366e-271
1747          	-1.146856e-271
1748          	-8.027994e-272
1749          	-5.619596e-272
1750          	-3.933717e-272
1751          	-2.753602e-272
1752          	-1.927521e-272
1753          	-1.349265e-272
1754          	-9.444855e-273
1755          	-6.611398e-273
1756          	-4.627979e-273
1757          	-3.239585e-273
1758          	-2.267710e-273
1759          	-1.587397e-273
1760          	-1.111178e-273
1761          	-7.778244e-274
1762          	-5.444771e-274
1763          	-3.811340e-274
1764          	-2.667938e-274
1765          	-1.867556e-274
1766          	-1.307289e-274
1767          	-9.151026e-275
1768          	-6.405718e-275
1769          	-4.484003e-275
1770          	-3.138802e-275
1771          	-2.197161e-275
1772          	-1.538013e-275
1773          	-1.076609e-275
1774          	-7.536264e-276
1775          	-5.275385e-276
1776          	-3.692769e-276
1777          	-2.584938e-276
1778          	-1.809457e-276
1779          	-1.266620e-276
1780          	-8.866339e-277
1781          	-6.206437e-277
1782          	-4.344506e-277
1783          	-3.041154e-277
1784          	-2.128808e-277
1785          	-1.490166e-277
1786          	-1.043116e-277
1787          	-7.301811e-278
1788          	-5.111268e-278
1789          	-3.577888e-278
1790          	-2.504521e-278
1791          	-1.753165e-278
1792          	-1.227215e-278
1793          	-8.590508e-279
1794          	-6.013356e-279
1795          	-4.209349e-279
1796          	-2.946544e-279
1797          	-2.062581e-279
1798          	-1.443807e-279
1799          	-1.010665e-279
1800          	-7.074653e-280
1801          	-4.952257e-280
1802          	-3.466580e-280
1803          	-2.426606e-280
1804          	-1.698624e-280
1805          	-1.189037e-280
1806          	-8.323258e-281
1807          	-5.826281e-281
1808          	-4.078397e-281
1809          	-2.854878e-281
1810          	-1.998414e-281
1811          	-1.398890e-281
1812          	-9.792230e-282
1813          	-6.854561e-282
1814          	-4.798193e-282
1815          	-3.358735e-282
1816          	-2.351114e-282
1817          	-1.645780e-282
1818          	-1.152046e-282
1819          	-8.064323e-283
1820          	-5.645026e-283
1821          	-3.951518e-283
1822          	-2.766063e-283
1823          	-1.936244e-283
1824          	-1.355371e-283
1825          	-9.487595e-284
1826          	-6.641316e-284
1827          	-4.648921e-284
1828          	-3.254245e-284
1829          	-2.277972e-284
1830          	-1.594580e-284
1831          	-1.116206e-284
1832          	-7.813442e-285
1833          	-5.469410e-285
1834          	-3.828587e-285
1835          	-2.680011e-285
1836          	-1.876007e-285
1837          	-1.313205e-285
1838          	-9.192437e-286
1839          	-6.434706e-286
1840          	-4.504294e-286
1841          	-3.153006e-286
1842          	-2.207104e-286
1843          	-1.544973e-286
1844          	-1.081481e-286
1845          	-7.570367e-287
1846          	-5.299257e-287
1847          	-3.709480e-287
1848          	-2.596636e-287
1849          	-1.817645e-287
1850          	-1.272352e-287
1851          	-8.906461e-288
1852          	-6.234523e-288
1853          	-4.364166e-288
1854          	-3.054916e-288
1855          	-2.138441e-288
1856          	-1.496909e-288
1857          	-1.047836e-288
1858          	-7.334854e-289
1859          	-5.134398e-289
1860          	-3.594078e-289
1861          	-2.515855e-289
1862          	-1.761098e-289
1863          	-1.232769e-289
1864          	-8.629382e-290
1865          	-6.040567e-290
1866          	-4.228397e-290
1867          	-2.959878e-290
1868          	-2.071915e-290
1869          	-1.450340e-290
1870          	-1.015238e-290
1871          	-7.106667e-291
1872          	-4.974667e-291
1873          	-3.482267e-291
1874          	-2.437587e-291
1875          	-1.706311e-291
1876          	-1.194418e-291
1877          	-8.360923e-292
1878          	-5.852646e-292
1879          	-4.096852e-292
1880          	-2.867796e-292
1881          	-2.007458e-292
1882          	-1.405220e-292
1883          	-9.836542e-293
1884          	-6.885579e-293
1885          	-4.819906e-293
1886          	-3.373934e-293
1887          	-2.361754e-293
1888          	-1.653228e-293
1889          	-1.157259e-293
1890          	-8.100815e-294
1891          	-5.670571e-294
1892          	-3.969399e-294
1893          	-2.778580e-294
1894          	-1.945006e-294
1895          	-1.361504e-294
1896          	-9.530528e-295
1897          	-6.671370e-295
1898          	-4.669959e-295
1899          	-3.268971e-295
1900          	-2.288280e-295
1901          	-1.601796e-295
1902          	-1.121257e-295
1903          	-7.848800e-296
1904          	-5.494160e-296
1905          	-3.845912e-296
1906          	-2.692138e-296
1907          	-1.884497e-296
1908          	-1.319148e-296
1909          	-9.234034e-297
1910          	-6.463824e-297
1911          	-4.524677e-297
1912          	-3.167274e-297
1913          	-2.217092e-297
1914          	-1.551964e-297
1915          	-1.086375e-297
1916          	-7.604624e-298
1917          	-5.323237e-298
1918          	-3.726266e-298
1919          	-2.608386e-298
1920          	-1.825870e-298
1921          	-1.278109e-298
1922          	-8.946765e-299
1923          	-6.262735e-299
1924          	-4.383915e-299
1925          	-3.068740e-299
1926          	-2.148118e-299
1927          	-1.503683e-299
1928          	-1.052578e-299
1929          	-7.368045e-300
1930          	-5.157632e-300
1931          	-3.610342e-300
1932          	-2.527240e-300
1933          	-1.769068e-300
1934          	-1.238347e-300
1935          	-8.668432e-301
1936          	-6.067902e-301
1937          	-4.247532e-301
1938          	-2.973272e-301
1939          	-2.081290e-301
1940          	-1.456903e-301
1941          	-1.019832e-301
1942          	-7.138826e-302
1943          	-4.997178e-302
1944          	-3.498025e-302
1945          	-2.448617e-302
1946          	-1.714032e-302
1947          	-1.199823e-302
1948          	-8.398758e-303
1949          	-5.879130e-303
1950          	-4.115391e-303
1951          	-2.880774e-303
1952          	-2.016542e-303
1953          	-1.411579e-303
1954          	-9.881054e-304
1955          	-6.916738e-304
1956          	-4.841717e-304
1957          	-3.389202e-304
1958          	-2.372441e-304
1959          	-1.660709e-304
1960          	-1.162496e-304
1961          	-8.137473e-305
1962          	-5.696231e-305
1963          	-3.987362e-305
1964          	-2.791153e-305
1965          	-1.953807e-305
1966          	-1.367665e-305
1967          	-9.573656e-306
1968          	-6.701559e-306
1969          	-4.691091e-306
1970          	-3.283764e-306
1971          	-2.298635e-306
1972          	-1.609044e-306
1973          	-1.126331e-306
1974          	-7.884317e-307
1975          	-5.519022e-307
1976          	-3.863315e-307
1977          	-2.704321e-307
1978          	-1.893025e-307
1979          	-1.325117e-307
1980          	-9.275820e-308
1981          	-6.493074e-308
1982          	-4.545152e-308
1983          	-3.181606e-308
1984          	-2.227124e-308
1985          	-1.558987e-308
1986          	-1.091291e-308
1987          	-7.639037e-309
1988          	-5.347326e-309
1989          	-3.743128e-309
1990          	-2.620190e-309
1991          	-1.834133e-309
1992          	-1.283893e-309
1993          	-8.987251e-310
1994          	-6.291075e-310
1995          	-4.403754e-310
1996          	-3.082627e-310
1997          	-2.157839e-310
1998          	-1.510488e-310
1999          	-1.057341e-310
2000          	-7.401388e-311
2001          	-5.180962e-311
2002          	-3.626675e-311
2003          	-2.538663e-311
2004          	-1.777067e-311
2005          	-1.243951e-311
2006          	-8.707650e-312
2007          	-6.095426e-312
2008          	-4.266751e-312
2009          	-2.986805e-312
2010          	-2.090767e-312
2011          	-1.463660e-312
2012          	-1.024376e-312
2013          	-7.171462e-313
2014          	-5.019707e-313
2015          	-3.514585e-313
2016          	-2.459656e-313
2017          	-1.722906e-313
2018          	-1.205125e-313
2019          	-8.446546e-314
2020          	-5.901120e-314
2021          	-4.134341e-314
2022          	-2.901153e-314
2023          	-2.027645e-314
2024          	-1.422909e-314
2025          	-9.960363e-315
2026          	-6.877394e-315
2027          	-4.782555e-315
2028          	-3.438697e-315
2029          	-2.331990e-315
2030          	-1.581010e-315
2031          	-1.027657e-315
2032          	-7.114545e-316
2033          	-5.138283e-316
2034          	-1.581010e-316
2035          	-7.905050e-317
2036          	-3.952525e-317
2037          	0.000000e+00
2038          	0.000000e+00
2039          	0.000000e+00
