# Residuals   
# Time        	p             	Ux            	Uy            	Uz            
0             	N/A	N/A
1             	1.000000e+00	1.000000e+00	1.000000e+00	1.000000e+00
2             	3.681292e-02	5.816040e-01	4.383910e-01	3.957478e-01
3             	5.467722e-02	2.337037e-01	2.105287e-01	1.650729e-01
4             	7.620231e-02	1.172881e-01	1.613966e-01	4.992376e-01
5             	1.848472e-01	5.351226e-02	1.487737e-01	5.387629e-01
6             	1.726383e-01	6.494379e-02	1.588974e-01	4.065458e-01
7             	9.312611e-02	1.149074e-01	1.694058e-01	2.641196e-01
8             	7.772534e-02	1.504532e-01	1.674631e-01	1.558194e-01
9             	8.128727e-02	1.471862e-01	1.649905e-01	2.111909e-01
10            	1.039980e-01	9.890391e-02	1.532531e-01	3.430628e-01
11            	1.645232e-01	5.508989e-02	1.334614e-01	3.570625e-01
12            	1.041631e-01	6.443032e-02	1.155764e-01	2.867178e-01
13            	7.777941e-02	7.764535e-02	9.174564e-02	1.905989e-01
14            	7.058049e-02	7.073166e-02	6.628381e-02	1.112241e-01
15            	7.324070e-02	5.030332e-02	5.129084e-02	1.516259e-01
16            	8.573218e-02	2.952393e-02	4.405698e-02	2.093381e-01
17            	1.059734e-01	2.004099e-02	4.023741e-02	2.018718e-01
18            	9.706690e-02	2.275943e-02	3.774698e-02	1.543379e-01
19            	8.805475e-02	2.644049e-02	3.285906e-02	9.539690e-02
20            	8.706558e-02	2.406398e-02	2.646020e-02	6.226963e-02
21            	9.164286e-02	1.729010e-02	2.303201e-02	8.224053e-02
22            	9.710431e-02	1.386951e-02	2.207223e-02	9.885287e-02
23            	8.673947e-02	1.488521e-02	2.119585e-02	9.284762e-02
24            	8.015597e-02	1.643618e-02	1.910748e-02	7.181500e-02
25            	7.674754e-02	1.650300e-02	1.629206e-02	5.001317e-02
26            	7.573859e-02	1.496658e-02	1.427671e-02	4.438277e-02
27            	7.635782e-02	1.299202e-02	1.339060e-02	5.075298e-02
28            	7.771551e-02	1.147239e-02	1.272608e-02	5.309385e-02
29            	7.883705e-02	1.059220e-02	1.192483e-02	4.849999e-02
30            	7.899216e-02	1.008151e-02	1.100256e-02	4.069940e-02
31            	7.794540e-02	9.694941e-03	1.019459e-02	3.475997e-02
32            	7.598223e-02	9.378894e-03	9.712692e-03	3.331372e-02
33            	7.357743e-02	9.169701e-03	9.447306e-03	3.384883e-02
34            	7.116458e-02	9.054585e-03	9.178518e-03	3.332550e-02
35            	6.900453e-02	8.954841e-03	8.834901e-03	3.146001e-02
36            	6.719097e-02	8.793361e-03	8.470038e-03	2.941461e-02
37            	6.571374e-02	8.551211e-03	8.152751e-03	2.820143e-02
38            	6.449256e-02	8.257834e-03	7.892446e-03	2.775301e-02
39            	6.340322e-02	7.959376e-03	7.659349e-03	2.735666e-02
40            	6.232813e-02	7.684791e-03	7.426940e-03	2.664363e-02
41            	6.117257e-02	7.440811e-03	7.193303e-03	2.569353e-02
42            	5.989950e-02	7.223893e-03	6.967140e-03	2.477113e-02
43            	5.851977e-02	7.029062e-03	6.755395e-03	2.402382e-02
44            	5.707771e-02	6.852156e-03	6.558446e-03	2.342134e-02
45            	5.561839e-02	6.689005e-03	6.373243e-03	2.286915e-02
46            	5.419905e-02	6.547664e-03	6.280369e-03	2.285051e-02
47            	5.279128e-02	6.385386e-03	6.046312e-03	2.186659e-02
48            	5.144634e-02	6.230502e-03	5.877788e-03	2.131456e-02
49            	5.014810e-02	6.078138e-03	5.728626e-03	2.084003e-02
50            	4.889811e-02	5.928579e-03	5.587914e-03	2.041176e-02
51            	4.767718e-02	5.783683e-03	5.454102e-03	1.999006e-02
52            	4.647706e-02	5.644547e-03	5.325986e-03	1.956963e-02
53            	4.528993e-02	5.511433e-03	5.201982e-03	1.915996e-02
54            	4.411793e-02	5.384337e-03	5.082415e-03	1.876854e-02
55            	4.296521e-02	5.263022e-03	4.968206e-03	1.840430e-02
56            	4.184456e-02	5.149160e-03	4.872186e-03	1.814496e-02
57            	4.073116e-02	5.036923e-03	4.760074e-03	1.777118e-02
58            	3.965088e-02	4.926986e-03	4.650757e-03	1.740035e-02
59            	3.860106e-02	4.822086e-03	4.552374e-03	1.707080e-02
60            	3.758491e-02	4.720919e-03	4.458869e-03	1.676930e-02
61            	3.659948e-02	4.622990e-03	4.371059e-03	1.647959e-02
62            	3.564542e-02	4.528350e-03	4.287412e-03	1.620116e-02
63            	3.471887e-02	4.436905e-03	4.206938e-03	1.593356e-02
64            	3.382048e-02	4.348684e-03	4.130844e-03	1.568367e-02
65            	3.296347e-02	4.266927e-03	4.075751e-03	1.557297e-02
66            	3.210948e-02	4.183478e-03	3.994790e-03	1.525954e-02
67            	3.128220e-02	4.101578e-03	3.916592e-03	1.496315e-02
68            	3.047789e-02	4.023950e-03	3.847777e-03	1.470755e-02
69            	2.970096e-02	3.949409e-03	3.781723e-03	1.447997e-02
70            	2.895045e-02	3.877211e-03	3.719671e-03	1.426088e-02
71            	2.822544e-02	3.807456e-03	3.660377e-03	1.404953e-02
72            	2.752596e-02	3.740003e-03	3.603284e-03	1.384762e-02
73            	2.685261e-02	3.674978e-03	3.549833e-03	1.366532e-02
74            	2.619827e-02	3.612136e-03	3.497766e-03	1.348711e-02
75            	2.556342e-02	3.549702e-03	3.442195e-03	1.327033e-02
76            	2.494938e-02	3.489741e-03	3.390665e-03	1.307725e-02
77            	2.435828e-02	3.431988e-03	3.341493e-03	1.290068e-02
78            	2.378618e-02	3.376022e-03	3.294042e-03	1.272700e-02
79            	2.323543e-02	3.321823e-03	3.247997e-03	1.255709e-02
80            	2.270428e-02	3.269242e-03	3.203501e-03	1.239246e-02
81            	2.219064e-02	3.218270e-03	3.160464e-03	1.223338e-02
82            	2.169489e-02	3.168819e-03	3.119014e-03	1.208009e-02
83            	2.121945e-02	3.120885e-03	3.079107e-03	1.193408e-02
84            	2.076415e-02	3.074595e-03	3.041683e-03	1.180367e-02
85            	2.031705e-02	3.030040e-03	3.006288e-03	1.168543e-02
86            	1.988377e-02	2.985375e-03	2.965943e-03	1.151973e-02
87            	1.946394e-02	2.942294e-03	2.928233e-03	1.137421e-02
88            	1.906040e-02	2.900691e-03	2.892319e-03	1.124339e-02
89            	1.866985e-02	2.860209e-03	2.857868e-03	1.111578e-02
90            	1.829409e-02	2.820897e-03	2.824297e-03	1.099183e-02
91            	1.793238e-02	2.782654e-03	2.791490e-03	1.087451e-02
92            	1.758559e-02	2.745540e-03	2.760034e-03	1.076479e-02
93            	1.725671e-02	2.709950e-03	2.732174e-03	1.067983e-02
94            	1.692662e-02	2.675296e-03	2.703486e-03	1.059011e-02
95            	1.660683e-02	2.639976e-03	2.668682e-03	1.044724e-02
96            	1.629610e-02	2.606109e-03	2.637517e-03	1.032933e-02
97            	1.599691e-02	2.573517e-03	2.607654e-03	1.022893e-02
98            	1.570683e-02	2.541715e-03	2.579268e-03	1.013163e-02
99            	1.542736e-02	2.510845e-03	2.551635e-03	1.003629e-02
100           	1.515855e-02	2.480792e-03	2.524693e-03	9.946918e-03
101           	1.490007e-02	2.451665e-03	2.499109e-03	9.866558e-03
102           	1.465896e-02	2.424429e-03	2.480099e-03	9.834223e-03
103           	1.440872e-02	2.397010e-03	2.455192e-03	9.758513e-03
104           	1.416590e-02	2.368522e-03	2.423876e-03	9.632532e-03
105           	1.392904e-02	2.341483e-03	2.397365e-03	9.535255e-03
106           	1.370118e-02	2.315515e-03	2.371840e-03	9.456851e-03
107           	1.348064e-02	2.290050e-03	2.348028e-03	9.381693e-03
108           	1.326769e-02	2.265295e-03	2.324965e-03	9.309614e-03
109           	1.306298e-02	2.241170e-03	2.302733e-03	9.243622e-03
110           	1.286791e-02	2.217975e-03	2.283122e-03	9.194855e-03
111           	1.267106e-02	2.195396e-03	2.263397e-03	9.144525e-03
112           	1.247759e-02	2.171858e-03	2.238068e-03	9.045551e-03
113           	1.228951e-02	2.149309e-03	2.215777e-03	8.967908e-03
114           	1.210817e-02	2.127648e-03	2.194946e-03	8.904647e-03
115           	1.193121e-02	2.106366e-03	2.174882e-03	8.842086e-03
116           	1.176040e-02	2.085547e-03	2.155314e-03	8.780998e-03
117           	1.159507e-02	2.065155e-03	2.136225e-03	8.723442e-03
118           	1.143420e-02	2.045226e-03	2.117619e-03	8.668859e-03
119           	1.128058e-02	2.025778e-03	2.099889e-03	8.619255e-03
120           	1.113630e-02	2.007095e-03	2.084543e-03	8.587177e-03
121           	1.098698e-02	1.989033e-03	2.069766e-03	8.559520e-03
122           	1.083940e-02	1.969854e-03	2.048716e-03	8.476465e-03
123           	1.069445e-02	1.951428e-03	2.030410e-03	8.413799e-03
124           	1.055510e-02	1.933704e-03	2.013378e-03	8.365429e-03
125           	1.041896e-02	1.916256e-03	1.997438e-03	8.318387e-03
126           	1.028838e-02	1.899202e-03	1.982039e-03	8.271914e-03
127           	1.016273e-02	1.882484e-03	1.967135e-03	8.230030e-03
128           	1.004269e-02	1.866200e-03	1.953284e-03	8.194316e-03
129           	9.933160e-03	1.850976e-03	1.943900e-03	8.190773e-03
130           	9.813467e-03	1.835686e-03	1.931618e-03	8.167302e-03
131           	9.696118e-03	1.819049e-03	1.912348e-03	8.086545e-03
132           	9.580760e-03	1.803308e-03	1.897082e-03	8.031166e-03
133           	9.470113e-03	1.788277e-03	1.882818e-03	7.992888e-03
134           	9.362504e-03	1.773444e-03	1.870010e-03	7.956649e-03
135           	9.259053e-03	1.758981e-03	1.857708e-03	7.922371e-03
136           	9.160328e-03	1.744806e-03	1.845965e-03	7.893033e-03
137           	9.066771e-03	1.731112e-03	1.835808e-03	7.874434e-03
138           	8.990944e-03	1.720865e-03	1.843216e-03	7.987153e-03
139           	8.893256e-03	1.706675e-03	1.825450e-03	7.905861e-03
140           	8.799128e-03	1.691410e-03	1.804849e-03	7.814914e-03
141           	8.705256e-03	1.677799e-03	1.791670e-03	7.762026e-03
142           	8.615768e-03	1.664909e-03	1.779038e-03	7.732246e-03
143           	8.529700e-03	1.652205e-03	1.768626e-03	7.706957e-03
144           	8.448003e-03	1.639891e-03	1.759187e-03	7.686440e-03
145           	8.372098e-03	1.628106e-03	1.751725e-03	7.681788e-03
146           	8.294871e-03	1.616541e-03	1.744152e-03	7.673033e-03
147           	8.217010e-03	1.603886e-03	1.731138e-03	7.619459e-03
148           	8.140511e-03	1.591964e-03	1.720902e-03	7.587530e-03
149           	8.066687e-03	1.580526e-03	1.711897e-03	7.569773e-03
150           	7.994632e-03	1.569252e-03	1.703224e-03	7.549805e-03
151           	7.926296e-03	1.558124e-03	1.694678e-03	7.529633e-03
152           	7.860026e-03	1.547184e-03	1.686505e-03	7.511854e-03
153           	7.795367e-03	1.536436e-03	1.678555e-03	7.495815e-03
154           	7.732743e-03	1.525881e-03	1.671027e-03	7.482176e-03
155           	7.674242e-03	1.515554e-03	1.664005e-03	7.472183e-03
156           	7.619725e-03	1.505561e-03	1.658023e-03	7.469494e-03
157           	7.576324e-03	1.497317e-03	1.661024e-03	7.535892e-03
158           	7.515667e-03	1.487697e-03	1.654255e-03	7.524656e-03
159           	7.456483e-03	1.476561e-03	1.640305e-03	7.458893e-03
160           	7.397572e-03	1.466454e-03	1.631630e-03	7.426535e-03
161           	7.341461e-03	1.456908e-03	1.623759e-03	7.414702e-03
162           	7.287423e-03	1.447441e-03	1.617642e-03	7.405740e-03
163           	7.237580e-03	1.438327e-03	1.612163e-03	7.400019e-03
164           	7.193773e-03	1.429853e-03	1.609652e-03	7.418720e-03
165           	7.143122e-03	1.421312e-03	1.605342e-03	7.419606e-03
166           	7.093017e-03	1.411478e-03	1.594709e-03	7.367423e-03
167           	7.042970e-03	1.402396e-03	1.587424e-03	7.341347e-03
168           	6.996391e-03	1.393822e-03	1.581296e-03	7.331079e-03
169           	6.949923e-03	1.385322e-03	1.575538e-03	7.317753e-03
170           	6.905862e-03	1.376955e-03	1.569854e-03	7.304427e-03
171           	6.862945e-03	1.368710e-03	1.564432e-03	7.293530e-03
172           	6.820813e-03	1.360617e-03	1.559182e-03	7.284172e-03
173           	6.780813e-03	1.352684e-03	1.554287e-03	7.276830e-03
174           	6.745156e-03	1.344995e-03	1.550153e-03	7.276569e-03
175           	6.716938e-03	1.338317e-03	1.550939e-03	7.316014e-03
176           	6.675894e-03	1.331302e-03	1.547924e-03	7.326617e-03
177           	6.634521e-03	1.322766e-03	1.537120e-03	7.269235e-03
178           	6.593057e-03	1.314953e-03	1.530261e-03	7.240154e-03
179           	6.554007e-03	1.307639e-03	1.524183e-03	7.230429e-03
180           	6.515608e-03	1.300362e-03	1.519414e-03	7.221588e-03
181           	6.480263e-03	1.293328e-03	1.514953e-03	7.213212e-03
182           	6.447601e-03	1.286536e-03	1.511299e-03	7.212937e-03
183           	6.423919e-03	1.280856e-03	1.513369e-03	7.259413e-03
184           	6.386773e-03	1.274464e-03	1.509704e-03	7.258088e-03
185           	6.349524e-03	1.266517e-03	1.498515e-03	7.194378e-03
186           	6.313193e-03	1.259448e-03	1.491976e-03	7.161581e-03
187           	6.279206e-03	1.252963e-03	1.486201e-03	7.149900e-03
188           	6.245537e-03	1.246494e-03	1.481507e-03	7.137015e-03
189           	6.213530e-03	1.240203e-03	1.477138e-03	7.126087e-03
190           	6.183499e-03	1.234024e-03	1.473013e-03	7.117928e-03
191           	6.154640e-03	1.228046e-03	1.469488e-03	7.115225e-03
192           	6.132338e-03	1.222630e-03	1.468700e-03	7.135817e-03
193           	6.101912e-03	1.217320e-03	1.467183e-03	7.153261e-03
194           	6.069786e-03	1.210606e-03	1.458183e-03	7.100680e-03
195           	6.037454e-03	1.204490e-03	1.452384e-03	7.073469e-03
196           	6.007352e-03	1.198886e-03	1.447507e-03	7.063868e-03
197           	5.976952e-03	1.193294e-03	1.443539e-03	7.054118e-03
198           	5.948411e-03	1.187870e-03	1.439798e-03	7.043876e-03
199           	5.921708e-03	1.182539e-03	1.436308e-03	7.036649e-03
200           	5.895970e-03	1.177372e-03	1.433463e-03	7.033978e-03
201           	5.875457e-03	1.172610e-03	1.432578e-03	7.047601e-03
202           	5.848217e-03	1.168133e-03	1.432304e-03	7.069099e-03
203           	5.818933e-03	1.162318e-03	1.424883e-03	7.019623e-03
204           	5.789361e-03	1.156982e-03	1.420190e-03	6.994207e-03
205           	5.761867e-03	1.152103e-03	1.416636e-03	6.984407e-03
206           	5.734152e-03	1.147203e-03	1.413956e-03	6.974633e-03
207           	5.708281e-03	1.142442e-03	1.411596e-03	6.964373e-03
208           	5.684018e-03	1.137778e-03	1.409568e-03	6.956829e-03
209           	5.660752e-03	1.133260e-03	1.408165e-03	6.952245e-03
210           	5.641818e-03	1.129036e-03	1.408363e-03	6.959690e-03
211           	5.639269e-03	1.129400e-03	1.436173e-03	7.198867e-03
212           	5.610352e-03	1.123408e-03	1.421870e-03	7.073322e-03
213           	5.583071e-03	1.116844e-03	1.408848e-03	6.977489e-03
214           	5.553037e-03	1.111935e-03	1.404908e-03	6.932327e-03
215           	5.525873e-03	1.107592e-03	1.401476e-03	6.917707e-03
216           	5.500846e-03	1.103302e-03	1.400635e-03	6.909915e-03
217           	5.479489e-03	1.099359e-03	1.401318e-03	6.911163e-03
218           	5.467879e-03	1.097131e-03	1.411640e-03	7.003338e-03
219           	5.440942e-03	1.092983e-03	1.410144e-03	6.971701e-03
220           	5.416453e-03	1.087369e-03	1.401623e-03	6.893517e-03
221           	5.390552e-03	1.082976e-03	1.399533e-03	6.857189e-03
222           	5.367719e-03	1.079103e-03	1.398434e-03	6.849845e-03
223           	5.344805e-03	1.075268e-03	1.398409e-03	6.838817e-03
224           	5.323511e-03	1.071484e-03	1.398494e-03	6.827957e-03
225           	5.302647e-03	1.067785e-03	1.398885e-03	6.820314e-03
226           	5.282121e-03	1.064169e-03	1.399450e-03	6.814802e-03
227           	5.262671e-03	1.060665e-03	1.400609e-03	6.812303e-03
228           	5.248841e-03	1.057439e-03	1.403167e-03	6.824286e-03
229           	5.250469e-03	1.058258e-03	1.430313e-03	7.045390e-03
230           	5.228131e-03	1.053797e-03	1.421214e-03	6.950026e-03
231           	5.206459e-03	1.048405e-03	1.410683e-03	6.859320e-03
232           	5.182659e-03	1.044568e-03	1.408949e-03	6.821080e-03
233           	5.161433e-03	1.041247e-03	1.407569e-03	6.814298e-03
234           	5.141604e-03	1.037970e-03	1.408916e-03	6.815287e-03
235           	5.125920e-03	1.035084e-03	1.411798e-03	6.827596e-03
236           	5.123920e-03	1.035235e-03	1.432050e-03	7.004435e-03
237           	5.100908e-03	1.031354e-03	1.427334e-03	6.929012e-03
238           	5.081392e-03	1.026292e-03	1.417917e-03	6.842484e-03
239           	5.061083e-03	1.022826e-03	1.416822e-03	6.807624e-03
240           	5.044374e-03	1.019952e-03	1.416599e-03	6.807332e-03
241           	5.027909e-03	1.017118e-03	1.417811e-03	6.805723e-03
242           	5.013010e-03	1.014372e-03	1.419298e-03	6.804856e-03
243           	4.998491e-03	1.011731e-03	1.421049e-03	6.807105e-03
244           	4.984818e-03	1.009202e-03	1.423038e-03	6.813589e-03
245           	4.973718e-03	1.006929e-03	1.426412e-03	6.831746e-03
246           	4.976905e-03	1.006920e-03	1.443693e-03	6.971487e-03
247           	4.961509e-03	1.004484e-03	1.442904e-03	6.957553e-03
248           	4.945037e-03	1.000473e-03	1.435074e-03	6.888000e-03
249           	4.927361e-03	9.976600e-04	1.434461e-03	6.865911e-03
250           	4.912529e-03	9.953670e-04	1.434175e-03	6.871113e-03
251           	4.898558e-03	9.930850e-04	1.436287e-03	6.881725e-03
252           	4.887575e-03	9.910166e-04	1.439110e-03	6.896165e-03
253           	4.880842e-03	9.893504e-04	1.443991e-03	6.931990e-03
254           	4.871138e-03	9.876867e-04	1.448200e-03	6.958499e-03
255           	4.859092e-03	9.847439e-04	1.445371e-03	6.923668e-03
256           	4.847347e-03	9.824127e-04	1.445721e-03	6.917212e-03
257           	4.836460e-03	9.804555e-04	1.447275e-03	6.926924e-03
258           	4.825864e-03	9.785175e-04	1.449036e-03	6.933666e-03
259           	4.817401e-03	9.765796e-04	1.450685e-03	6.939794e-03
260           	4.809246e-03	9.746916e-04	1.452506e-03	6.947482e-03
261           	4.801191e-03	9.728518e-04	1.454302e-03	6.955470e-03
262           	4.793861e-03	9.710495e-04	1.456301e-03	6.965148e-03
263           	4.789136e-03	9.693356e-04	1.458546e-03	6.977449e-03
264           	4.787330e-03	9.678192e-04	1.461999e-03	6.999243e-03
265           	4.796776e-03	9.684996e-04	1.479410e-03	7.137584e-03
266           	4.785853e-03	9.667759e-04	1.479259e-03	7.123791e-03
267           	4.775519e-03	9.634458e-04	1.471073e-03	7.051114e-03
268           	4.763858e-03	9.612076e-04	1.469879e-03	7.024732e-03
269           	4.753813e-03	9.594473e-04	1.469378e-03	7.024232e-03
270           	4.745101e-03	9.576422e-04	1.470974e-03	7.026383e-03
271           	4.739841e-03	9.560796e-04	1.473348e-03	7.035414e-03
272           	4.742043e-03	9.555081e-04	1.482034e-03	7.100920e-03
273           	4.731666e-03	9.540275e-04	1.483998e-03	7.100341e-03
274           	4.722897e-03	9.509933e-04	1.477603e-03	7.035210e-03
275           	4.713304e-03	9.488071e-04	1.476604e-03	7.008396e-03
276           	4.707007e-03	9.470812e-04	1.476767e-03	7.007000e-03
277           	4.700102e-03	9.453087e-04	1.477632e-03	7.002597e-03
278           	4.694976e-03	9.435504e-04	1.478556e-03	6.998491e-03
279           	4.690156e-03	9.417998e-04	1.479785e-03	6.994412e-03
280           	4.685221e-03	9.401127e-04	1.481094e-03	6.991395e-03
281           	4.682324e-03	9.385046e-04	1.482890e-03	6.992783e-03
282           	4.684439e-03	9.371653e-04	1.486300e-03	7.008557e-03
283           	4.706306e-03	9.454909e-04	1.554615e-03	7.532163e-03
284           	4.696532e-03	9.382892e-04	1.512453e-03	7.164229e-03
285           	4.688369e-03	9.337543e-04	1.496626e-03	7.050982e-03
286           	4.676399e-03	9.312623e-04	1.493799e-03	6.996450e-03
287           	4.667477e-03	9.293280e-04	1.491597e-03	6.979746e-03
288           	4.660061e-03	9.275073e-04	1.492225e-03	6.971498e-03
289           	4.656223e-03	9.260088e-04	1.494812e-03	6.973189e-03
290           	4.660683e-03	9.266708e-04	1.510654e-03	7.092809e-03
291           	4.650556e-03	9.245558e-04	1.508614e-03	7.037146e-03
292           	4.643131e-03	9.209267e-04	1.499295e-03	6.948878e-03
293           	4.633902e-03	9.186740e-04	1.497997e-03	6.907271e-03
294           	4.628012e-03	9.169104e-04	1.497618e-03	6.897729e-03
295           	4.622162e-03	9.151857e-04	1.498464e-03	6.883386e-03
296           	4.617990e-03	9.134455e-04	1.499264e-03	6.869023e-03
297           	4.613771e-03	9.117522e-04	1.500326e-03	6.857463e-03
298           	4.610104e-03	9.100583e-04	1.501473e-03	6.843977e-03
299           	4.606164e-03	9.083741e-04	1.502858e-03	6.831018e-03
300           	4.604956e-03	9.067510e-04	1.504701e-03	6.823708e-03
301           	4.608536e-03	9.053801e-04	1.508219e-03	6.830970e-03
302           	4.629208e-03	9.097818e-04	1.551683e-03	7.137600e-03
303           	4.623350e-03	9.057538e-04	1.532733e-03	6.956892e-03
304           	4.618529e-03	9.016658e-04	1.519467e-03	6.847039e-03
305           	4.610758e-03	8.993674e-04	1.517551e-03	6.792605e-03
306           	4.605789e-03	8.976013e-04	1.516191e-03	6.772199e-03
307           	4.602470e-03	8.958910e-04	1.518246e-03	6.761162e-03
308           	4.603616e-03	8.945886e-04	1.522449e-03	6.763474e-03
309           	4.628455e-03	9.094429e-04	1.630448e-03	7.615691e-03
310           	4.617721e-03	8.961938e-04	1.553208e-03	6.898346e-03
311           	4.614132e-03	8.908160e-04	1.534514e-03	6.760165e-03
312           	4.608098e-03	8.883041e-04	1.531600e-03	6.689650e-03
313           	4.605226e-03	8.864441e-04	1.530182e-03	6.663725e-03
314           	4.604349e-03	8.847916e-04	1.530666e-03	6.640893e-03
315           	4.604924e-03	8.832498e-04	1.532705e-03	6.620377e-03
316           	4.604184e-03	8.817836e-04	1.534810e-03	6.601944e-03
317           	4.604954e-03	8.803535e-04	1.537023e-03	6.584322e-03
318           	4.605512e-03	8.790466e-04	1.540417e-03	6.572192e-03
319           	4.613510e-03	8.784378e-04	1.548833e-03	6.601158e-03
320           	4.615099e-03	8.776680e-04	1.554084e-03	6.611183e-03
321           	4.612735e-03	8.750506e-04	1.548841e-03	6.538359e-03
322           	4.609176e-03	8.731205e-04	1.548627e-03	6.493347e-03
323           	4.607711e-03	8.716688e-04	1.549007e-03	6.468388e-03
324           	4.605848e-03	8.701888e-04	1.551131e-03	6.444684e-03
325           	4.604906e-03	8.687857e-04	1.553449e-03	6.419655e-03
326           	4.604730e-03	8.674140e-04	1.555869e-03	6.397433e-03
327           	4.606255e-03	8.661136e-04	1.559021e-03	6.380237e-03
328           	4.611975e-03	8.651400e-04	1.564314e-03	6.377775e-03
329           	4.639471e-03	8.767923e-04	1.660930e-03	7.009444e-03
330           	4.636426e-03	8.671553e-04	1.596577e-03	6.495801e-03
331           	4.635137e-03	8.626321e-04	1.579726e-03	6.368731e-03
332           	4.629980e-03	8.603389e-04	1.578034e-03	6.297980e-03
333           	4.628321e-03	8.586814e-04	1.576945e-03	6.263868e-03
334           	4.628780e-03	8.571599e-04	1.578214e-03	6.238549e-03
335           	4.631998e-03	8.558325e-04	1.581426e-03	6.214331e-03
336           	4.636395e-03	8.547392e-04	1.586040e-03	6.204414e-03
337           	4.653751e-03	8.583260e-04	1.622525e-03	6.427419e-03
338           	4.651293e-03	8.550415e-04	1.609355e-03	6.264761e-03
339           	4.650332e-03	8.509976e-04	1.596681e-03	6.150446e-03
340           	4.649494e-03	8.488919e-04	1.595419e-03	6.085292e-03
341           	4.651563e-03	8.474155e-04	1.594941e-03	6.052490e-03
342           	4.654783e-03	8.459961e-04	1.596527e-03	6.020120e-03
343           	4.659130e-03	8.445953e-04	1.598894e-03	5.990280e-03
344           	4.663056e-03	8.432606e-04	1.601359e-03	5.963406e-03
345           	4.667549e-03	8.419488e-04	1.604091e-03	5.940165e-03
346           	4.673350e-03	8.407602e-04	1.608019e-03	5.923916e-03
347           	4.688728e-03	8.403714e-04	1.617980e-03	5.950463e-03
348           	4.695211e-03	8.396683e-04	1.623987e-03	5.952233e-03
349           	4.699464e-03	8.372167e-04	1.619084e-03	5.876368e-03
350           	4.702754e-03	8.354614e-04	1.619755e-03	5.831076e-03
351           	4.708810e-03	8.341336e-04	1.621380e-03	5.808244e-03
352           	4.714449e-03	8.327664e-04	1.624758e-03	5.786147e-03
353           	4.721959e-03	8.314900e-04	1.628351e-03	5.763350e-03
354           	4.730746e-03	8.302214e-04	1.632049e-03	5.745515e-03
355           	4.741134e-03	8.290796e-04	1.637046e-03	5.735937e-03
356           	4.759871e-03	8.290162e-04	1.649780e-03	5.778016e-03
357           	4.766410e-03	8.281651e-04	1.655094e-03	5.771865e-03
358           	4.772639e-03	8.255769e-04	1.649523e-03	5.694066e-03
359           	4.778200e-03	8.237089e-04	1.650353e-03	5.650876e-03
360           	4.786879e-03	8.223523e-04	1.652056e-03	5.630646e-03
361           	4.795753e-03	8.209024e-04	1.655662e-03	5.611901e-03
362           	4.806069e-03	8.195592e-04	1.659599e-03	5.594356e-03
363           	4.818774e-03	8.182366e-04	1.663884e-03	5.579855e-03
364           	4.833421e-03	8.171378e-04	1.669870e-03	5.574525e-03
365           	4.860598e-03	8.181559e-04	1.691801e-03	5.672570e-03
366           	4.869751e-03	8.166779e-04	1.693009e-03	5.635434e-03
367           	4.878600e-03	8.135436e-04	1.684821e-03	5.545989e-03
368           	4.886454e-03	8.115286e-04	1.685428e-03	5.497843e-03
369           	4.896957e-03	8.100583e-04	1.686589e-03	5.475699e-03
370           	4.908186e-03	8.084648e-04	1.690131e-03	5.456074e-03
371           	4.921263e-03	8.069932e-04	1.694537e-03	5.439873e-03
372           	4.937653e-03	8.056402e-04	1.700020e-03	5.433189e-03
373           	4.961207e-03	8.053577e-04	1.714043e-03	5.481146e-03
374           	4.972605e-03	8.040462e-04	1.719130e-03	5.470657e-03
375           	4.982667e-03	8.009450e-04	1.713466e-03	5.396172e-03
376           	4.993318e-03	7.986823e-04	1.714324e-03	5.355778e-03
377           	5.005882e-03	7.969388e-04	1.716206e-03	5.338424e-03
378           	5.018649e-03	7.951104e-04	1.719320e-03	5.319930e-03
379           	5.032869e-03	7.932839e-04	1.722674e-03	5.301988e-03
380           	5.047878e-03	7.914150e-04	1.726270e-03	5.287368e-03
381           	5.062933e-03	7.895642e-04	1.730246e-03	5.277665e-03
382           	5.082028e-03	7.879284e-04	1.736169e-03	5.279368e-03
383           	5.118361e-03	7.913931e-04	1.782591e-03	5.528172e-03
384           	5.129180e-03	7.874350e-04	1.765464e-03	5.381371e-03
385           	5.140976e-03	7.830224e-04	1.751494e-03	5.280871e-03
386           	5.150124e-03	7.802804e-04	1.750064e-03	5.229875e-03
387           	5.162172e-03	7.780601e-04	1.748922e-03	5.207995e-03
388           	5.175448e-03	7.757627e-04	1.750983e-03	5.192617e-03
389           	5.192146e-03	7.737130e-04	1.754641e-03	5.183951e-03
390           	5.216104e-03	7.729052e-04	1.767700e-03	5.239005e-03
391           	5.228847e-03	7.706811e-04	1.769560e-03	5.211233e-03
392           	5.242121e-03	7.668449e-04	1.761088e-03	5.132331e-03
393           	5.253446e-03	7.640159e-04	1.759955e-03	5.090104e-03
394           	5.266906e-03	7.615799e-04	1.759925e-03	5.070991e-03
395           	5.279638e-03	7.590711e-04	1.760686e-03	5.047557e-03
396           	5.294057e-03	7.564839e-04	1.761167e-03	5.022837e-03
397           	5.308228e-03	7.538710e-04	1.761632e-03	4.999303e-03
398           	5.322432e-03	7.512874e-04	1.761898e-03	4.976761e-03
399           	5.336011e-03	7.487237e-04	1.762507e-03	4.956513e-03
400           	5.353013e-03	7.462286e-04	1.763800e-03	4.941474e-03
401           	5.374060e-03	7.441458e-04	1.768697e-03	4.948889e-03
402           	5.386862e-03	7.422189e-04	1.773230e-03	4.957272e-03
403           	5.396449e-03	7.387611e-04	1.766593e-03	4.891324e-03
404           	5.404777e-03	7.356948e-04	1.763539e-03	4.849856e-03
405           	5.414459e-03	7.329779e-04	1.761456e-03	4.826495e-03
406           	5.422326e-03	7.301851e-04	1.760519e-03	4.801929e-03
407           	5.431369e-03	7.274709e-04	1.759625e-03	4.777591e-03
408           	5.441781e-03	7.247612e-04	1.758888e-03	4.757901e-03
409           	5.453751e-03	7.221969e-04	1.759661e-03	4.746086e-03
410           	5.474907e-03	7.213112e-04	1.773400e-03	4.812577e-03
411           	5.479744e-03	7.186492e-04	1.770954e-03	4.782344e-03
412           	5.484383e-03	7.142779e-04	1.757340e-03	4.689684e-03
413           	5.487471e-03	7.108558e-04	1.751663e-03	4.632909e-03
414           	5.492880e-03	7.078646e-04	1.746424e-03	4.597030e-03
415           	5.499067e-03	7.047646e-04	1.743330e-03	4.562632e-03
416           	5.506527e-03	7.018190e-04	1.740761e-03	4.529346e-03
417           	5.516245e-03	6.989629e-04	1.738936e-03	4.503227e-03
418           	5.532925e-03	6.972901e-04	1.746329e-03	4.532395e-03
419           	5.536134e-03	6.944763e-04	1.743304e-03	4.498459e-03
420           	5.539094e-03	6.898863e-04	1.729093e-03	4.402431e-03
421           	5.543038e-03	6.861088e-04	1.721739e-03	4.338836e-03
422           	5.548226e-03	6.828455e-04	1.715275e-03	4.295769e-03
423           	5.551763e-03	6.794821e-04	1.710002e-03	4.249667e-03
424           	5.555495e-03	6.762081e-04	1.704855e-03	4.203547e-03
425           	5.559232e-03	6.729425e-04	1.700031e-03	4.159378e-03
426           	5.562607e-03	6.697410e-04	1.695563e-03	4.118007e-03
427           	5.569723e-03	6.668507e-04	1.693453e-03	4.090720e-03
428           	5.602157e-03	7.290355e-04	2.218441e-03	7.008118e-03
429           	5.603619e-03	6.675008e-04	1.726214e-03	4.167740e-03
430           	5.604783e-03	6.603453e-04	1.690543e-03	4.031234e-03
431           	5.594940e-03	6.557530e-04	1.679371e-03	3.942206e-03
432           	5.584794e-03	6.522302e-04	1.669620e-03	3.887490e-03
433           	5.576842e-03	6.488628e-04	1.661130e-03	3.842652e-03
434           	5.571786e-03	6.454034e-04	1.652975e-03	3.789479e-03
435           	5.563485e-03	6.418757e-04	1.645332e-03	3.734304e-03
436           	5.551416e-03	6.384209e-04	1.637524e-03	3.679061e-03
437           	5.537062e-03	6.350178e-04	1.629980e-03	3.627043e-03
438           	5.521664e-03	6.315503e-04	1.622177e-03	3.577407e-03
439           	5.505248e-03	6.281505e-04	1.614208e-03	3.528160e-03
440           	5.489125e-03	6.247717e-04	1.606024e-03	3.478652e-03
441           	5.474208e-03	6.214039e-04	1.597583e-03	3.428204e-03
442           	5.460054e-03	6.180155e-04	1.588917e-03	3.378853e-03
443           	5.445021e-03	6.147049e-04	1.580476e-03	3.330871e-03
444           	5.429221e-03	6.114722e-04	1.572420e-03	3.284840e-03
445           	5.412713e-03	6.083000e-04	1.564676e-03	3.241793e-03
446           	5.395224e-03	6.051473e-04	1.556876e-03	3.200682e-03
447           	5.377124e-03	6.020928e-04	1.548780e-03	3.160644e-03
448           	5.359542e-03	5.990579e-04	1.540866e-03	3.122706e-03
449           	5.341547e-03	5.961203e-04	1.533070e-03	3.086507e-03
450           	5.324244e-03	5.932871e-04	1.525669e-03	3.053630e-03
451           	5.308508e-03	5.906527e-04	1.519599e-03	3.030371e-03
452           	5.301205e-03	5.900696e-04	1.530018e-03	3.100378e-03
453           	5.272656e-03	5.872473e-04	1.519796e-03	3.055050e-03
454           	5.246787e-03	5.828909e-04	1.498877e-03	2.962013e-03
455           	5.220274e-03	5.796592e-04	1.486527e-03	2.906745e-03
456           	5.193494e-03	5.768549e-04	1.475364e-03	2.875803e-03
457           	5.167765e-03	5.741372e-04	1.466902e-03	2.847729e-03
458           	5.143504e-03	5.716152e-04	1.459395e-03	2.824435e-03
459           	5.124464e-03	5.696970e-04	1.456698e-03	2.830521e-03
460           	5.097726e-03	5.675844e-04	1.450429e-03	2.814130e-03
461           	5.071016e-03	5.640911e-04	1.433887e-03	2.743330e-03
462           	5.043250e-03	5.612352e-04	1.422446e-03	2.701114e-03
463           	5.017584e-03	5.587467e-04	1.412353e-03	2.676710e-03
464           	4.991513e-03	5.562431e-04	1.402921e-03	2.649635e-03
465           	4.966660e-03	5.537894e-04	1.393412e-03	2.623076e-03
466           	4.942224e-03	5.513915e-04	1.384211e-03	2.599162e-03
467           	4.918655e-03	5.490567e-04	1.375095e-03	2.577240e-03
468           	4.896583e-03	5.466927e-04	1.366366e-03	2.558786e-03
469           	4.877194e-03	5.444033e-04	1.358995e-03	2.549536e-03
470           	4.866654e-03	5.435616e-04	1.363536e-03	2.604444e-03
471           	4.840239e-03	5.413697e-04	1.355214e-03	2.591109e-03
472           	4.813420e-03	5.373961e-04	1.334798e-03	2.517362e-03
473           	4.785541e-03	5.342576e-04	1.321691e-03	2.476644e-03
474           	4.758328e-03	5.315189e-04	1.309658e-03	2.456930e-03
475           	4.730985e-03	5.286944e-04	1.300444e-03	2.439939e-03
476           	4.705225e-03	5.259405e-04	1.291784e-03	2.426160e-03
477           	4.682481e-03	5.234331e-04	1.286096e-03	2.430077e-03
478           	4.655950e-03	5.208167e-04	1.279522e-03	2.428980e-03
479           	4.627424e-03	5.168971e-04	1.263354e-03	2.376635e-03
480           	4.597740e-03	5.135806e-04	1.251332e-03	2.348133e-03
481           	4.568078e-03	5.106229e-04	1.240929e-03	2.334494e-03
482           	4.537681e-03	5.075385e-04	1.230821e-03	2.318306e-03
483           	4.508231e-03	5.043537e-04	1.220767e-03	2.301745e-03
484           	4.478131e-03	5.009960e-04	1.210781e-03	2.287705e-03
485           	4.447165e-03	4.976647e-04	1.201113e-03	2.274883e-03
486           	4.417487e-03	4.944247e-04	1.191881e-03	2.263872e-03
487           	4.389688e-03	4.912087e-04	1.183356e-03	2.258555e-03
488           	4.365604e-03	4.884230e-04	1.178898e-03	2.274664e-03
489           	4.332473e-03	4.857059e-04	1.173964e-03	2.289091e-03
490           	4.297037e-03	4.815891e-04	1.157642e-03	2.237973e-03
491           	4.260315e-03	4.778723e-04	1.145483e-03	2.209942e-03
492           	4.224371e-03	4.744829e-04	1.134680e-03	2.197780e-03
493           	4.188183e-03	4.710072e-04	1.125201e-03	2.185634e-03
494           	4.154255e-03	4.674797e-04	1.116052e-03	2.172678e-03
495           	4.121841e-03	4.640248e-04	1.107468e-03	2.164176e-03
496           	4.091871e-03	4.608433e-04	1.101227e-03	2.166403e-03
497           	4.075878e-03	4.618167e-04	1.131007e-03	2.354409e-03
498           	4.036011e-03	4.566542e-04	1.105354e-03	2.249345e-03
499           	3.996438e-03	4.507341e-04	1.078920e-03	2.161829e-03
500           	3.954059e-03	4.464739e-04	1.065357e-03	2.116864e-03
501           	3.913305e-03	4.427726e-04	1.052725e-03	2.097047e-03
502           	3.873643e-03	4.390654e-04	1.043541e-03	2.081683e-03
503           	3.835879e-03	4.355592e-04	1.036152e-03	2.071220e-03
504           	3.801869e-03	4.327019e-04	1.033487e-03	2.088741e-03
505           	3.761592e-03	4.295392e-04	1.027196e-03	2.081272e-03
506           	3.719645e-03	4.249315e-04	1.010595e-03	2.023418e-03
507           	3.676440e-03	4.211003e-04	9.995750e-04	1.992220e-03
508           	3.634317e-03	4.176665e-04	9.903611e-04	1.978306e-03
509           	3.591608e-03	4.142952e-04	9.817441e-04	1.960969e-03
510           	3.550889e-03	4.109523e-04	9.731821e-04	1.942908e-03
511           	3.509809e-03	4.076592e-04	9.651432e-04	1.927392e-03
512           	3.468576e-03	4.044347e-04	9.571302e-04	1.913083e-03
513           	3.427275e-03	4.012834e-04	9.494298e-04	1.900664e-03
514           	3.388447e-03	3.981702e-04	9.423804e-04	1.892140e-03
515           	3.352639e-03	3.953257e-04	9.371077e-04	1.891978e-03
516           	3.328112e-03	3.950245e-04	9.527807e-04	1.999862e-03
517           	3.284149e-03	3.918553e-04	9.414847e-04	1.962744e-03
518           	3.240481e-03	3.872398e-04	9.205954e-04	1.886062e-03
519           	3.195857e-03	3.838328e-04	9.096370e-04	1.848152e-03
520           	3.153165e-03	3.809291e-04	8.996247e-04	1.833465e-03
521           	3.111630e-03	3.780531e-04	8.927570e-04	1.822759e-03
522           	3.073517e-03	3.755260e-04	8.873431e-04	1.818167e-03
523           	3.044104e-03	3.743740e-04	8.935178e-04	1.876835e-03
524           	3.000936e-03	3.716857e-04	8.863494e-04	1.853839e-03
525           	2.959904e-03	3.675076e-04	8.683362e-04	1.784377e-03
526           	2.918534e-03	3.643820e-04	8.586737e-04	1.748603e-03
527           	2.880167e-03	3.617883e-04	8.506139e-04	1.735834e-03
528           	2.841693e-03	3.591983e-04	8.437860e-04	1.720150e-03
529           	2.804811e-03	3.566544e-04	8.371219e-04	1.704502e-03
530           	2.768796e-03	3.541832e-04	8.308712e-04	1.691200e-03
531           	2.733345e-03	3.517953e-04	8.249349e-04	1.680120e-03
532           	2.700052e-03	3.495088e-04	8.200256e-04	1.673694e-03
533           	2.673699e-03	3.476937e-04	8.189759e-04	1.689305e-03
534           	2.640786e-03	3.460547e-04	8.178264e-04	1.706935e-03
535           	2.605876e-03	3.429542e-04	8.049717e-04	1.658416e-03
536           	2.570961e-03	3.403142e-04	7.965046e-04	1.632706e-03
537           	2.538671e-03	3.380995e-04	7.895446e-04	1.623029e-03
538           	2.506471e-03	3.358383e-04	7.839821e-04	1.613669e-03
539           	2.477056e-03	3.336946e-04	7.786791e-04	1.603718e-03
540           	2.450023e-03	3.316096e-04	7.736684e-04	1.597322e-03
541           	2.425374e-03	3.296931e-04	7.699563e-04	1.597021e-03
542           	2.408465e-03	3.286068e-04	7.731091e-04	1.632561e-03
543           	2.381194e-03	3.270729e-04	7.711502e-04	1.642965e-03
544           	2.353493e-03	3.239467e-04	7.568854e-04	1.587466e-03
545           	2.325676e-03	3.214827e-04	7.488300e-04	1.559286e-03
546           	2.300714e-03	3.194902e-04	7.419319e-04	1.549596e-03
547           	2.276239e-03	3.174414e-04	7.368755e-04	1.540531e-03
548           	2.253784e-03	3.155493e-04	7.322154e-04	1.532097e-03
549           	2.233880e-03	3.137236e-04	7.279924e-04	1.527726e-03
550           	2.216665e-03	3.121240e-04	7.257713e-04	1.532563e-03
551           	2.211513e-03	3.126765e-04	7.416823e-04	1.631157e-03
552           	2.189206e-03	3.107292e-04	7.339128e-04	1.604338e-03
553           	2.167289e-03	3.072535e-04	7.158969e-04	1.534340e-03
554           	2.144440e-03	3.049135e-04	7.077684e-04	1.500956e-03
555           	2.124182e-03	3.030989e-04	7.003840e-04	1.489692e-03
556           	2.105044e-03	3.012457e-04	6.958066e-04	1.481021e-03
557           	2.088070e-03	2.995686e-04	6.920593e-04	1.475077e-03
558           	2.074496e-03	2.980772e-04	6.897190e-04	1.478395e-03
559           	2.070123e-03	2.981636e-04	7.007368e-04	1.551421e-03
560           	2.051793e-03	2.965582e-04	6.956906e-04	1.535815e-03
561           	2.033254e-03	2.933206e-04	6.794138e-04	1.471265e-03
562           	2.015612e-03	2.911080e-04	6.718679e-04	1.440021e-03
563           	1.999924e-03	2.894574e-04	6.655070e-04	1.431344e-03
564           	1.984669e-03	2.877659e-04	6.610158e-04	1.421732e-03
565           	1.971017e-03	2.861530e-04	6.568982e-04	1.413891e-03
566           	1.958887e-03	2.846008e-04	6.532953e-04	1.408926e-03
567           	1.947708e-03	2.831862e-04	6.507286e-04	1.409574e-03
568           	1.943431e-03	2.824077e-04	6.535140e-04	1.437930e-03
569           	1.931002e-03	2.814083e-04	6.533082e-04	1.453939e-03
570           	1.916398e-03	2.788509e-04	6.409834e-04	1.403969e-03
571           	1.901461e-03	2.768947e-04	6.341671e-04	1.379341e-03
572           	1.888458e-03	2.754004e-04	6.285799e-04	1.372332e-03
573           	1.874924e-03	2.738400e-04	6.245310e-04	1.365257e-03
574           	1.863022e-03	2.723721e-04	6.206814e-04	1.358085e-03
575           	1.852788e-03	2.709440e-04	6.170779e-04	1.353844e-03
576           	1.843433e-03	2.696293e-04	6.144268e-04	1.354141e-03
577           	1.839701e-03	2.687859e-04	6.157465e-04	1.374809e-03
578           	1.828643e-03	2.679491e-04	6.162498e-04	1.394216e-03
579           	1.815441e-03	2.656366e-04	6.049731e-04	1.348076e-03
580           	1.801728e-03	2.638210e-04	5.984325e-04	1.325423e-03
581           	1.790104e-03	2.624322e-04	5.932799e-04	1.318707e-03
582           	1.777941e-03	2.609748e-04	5.894533e-04	1.311886e-03
583           	1.767291e-03	2.596075e-04	5.858122e-04	1.304920e-03
584           	1.758169e-03	2.582583e-04	5.823608e-04	1.300600e-03
585           	1.750001e-03	2.570004e-04	5.797116e-04	1.299950e-03
586           	1.746520e-03	2.560831e-04	5.799683e-04	1.314095e-03
587           	1.737064e-03	2.553439e-04	5.809880e-04	1.335501e-03
588           	1.725408e-03	2.532133e-04	5.708304e-04	1.292967e-03
589           	1.713185e-03	2.515057e-04	5.646127e-04	1.272121e-03
590           	1.702942e-03	2.501835e-04	5.599623e-04	1.265750e-03
591           	1.692306e-03	2.487887e-04	5.564140e-04	1.259134e-03
592           	1.683243e-03	2.474787e-04	5.530518e-04	1.252221e-03
593           	1.675606e-03	2.461916e-04	5.498793e-04	1.247762e-03
594           	1.668847e-03	2.449819e-04	5.473757e-04	1.246187e-03
595           	1.665885e-03	2.440147e-04	5.470289e-04	1.255404e-03
596           	1.677510e-03	2.473175e-04	5.842558e-04	1.454007e-03
597           	1.665311e-03	2.446319e-04	5.645913e-04	1.357505e-03
598           	1.653793e-03	2.412015e-04	5.440919e-04	1.276978e-03
599           	1.639611e-03	2.393444e-04	5.366047e-04	1.239940e-03
600           	1.627858e-03	2.379935e-04	5.298152e-04	1.228846e-03
601           	1.617749e-03	2.366404e-04	5.267460e-04	1.223451e-03
602           	1.610773e-03	2.355918e-04	5.255991e-04	1.225420e-03
603           	1.612445e-03	2.361044e-04	5.374191e-04	1.299186e-03
604           	1.600505e-03	2.347882e-04	5.333945e-04	1.276232e-03
605           	1.590272e-03	2.319868e-04	5.185450e-04	1.211352e-03
606           	1.578642e-03	2.302982e-04	5.127174e-04	1.181312e-03
607           	1.569778e-03	2.290863e-04	5.083342e-04	1.175342e-03
608           	1.560691e-03	2.278599e-04	5.053135e-04	1.165595e-03
609           	1.552955e-03	2.266451e-04	5.023540e-04	1.155666e-03
610           	1.545397e-03	2.254699e-04	4.997559e-04	1.147934e-03
611           	1.538014e-03	2.243346e-04	4.973232e-04	1.141921e-03
612           	1.531438e-03	2.232548e-04	4.956428e-04	1.138932e-03
613           	1.529721e-03	2.224013e-04	4.958488e-04	1.147312e-03
614           	1.541209e-03	2.251063e-04	5.270554e-04	1.311478e-03
615           	1.531131e-03	2.231662e-04	5.137059e-04	1.244553e-03
616           	1.520926e-03	2.200992e-04	4.952513e-04	1.168123e-03
617           	1.508698e-03	2.184764e-04	4.889183e-04	1.134207e-03
618           	1.498702e-03	2.173168e-04	4.830804e-04	1.125137e-03
619           	1.489795e-03	2.161395e-04	4.810459e-04	1.121407e-03
620           	1.484495e-03	2.152849e-04	4.807660e-04	1.125411e-03
621           	1.489890e-03	2.166490e-04	4.989010e-04	1.230579e-03
622           	1.478216e-03	2.151315e-04	4.921795e-04	1.187808e-03
623           	1.468616e-03	2.122207e-04	4.759459e-04	1.116415e-03
624           	1.458210e-03	2.106181e-04	4.701995e-04	1.083562e-03
625           	1.450804e-03	2.095370e-04	4.658345e-04	1.076584e-03
626           	1.443277e-03	2.084320e-04	4.632033e-04	1.067146e-03
627           	1.436968e-03	2.073571e-04	4.607180e-04	1.057905e-03
628           	1.430967e-03	2.063172e-04	4.585641e-04	1.051100e-03
629           	1.425402e-03	2.053320e-04	4.566759e-04	1.046406e-03
630           	1.421410e-03	2.044744e-04	4.560700e-04	1.047327e-03
631           	1.425752e-03	2.043604e-04	4.619720e-04	1.083346e-03
632           	1.420372e-03	2.039596e-04	4.637995e-04	1.100546e-03
633           	1.412391e-03	2.019619e-04	4.528439e-04	1.049796e-03
634           	1.403343e-03	2.005511e-04	4.478368e-04	1.025235e-03
635           	1.396495e-03	1.995503e-04	4.438468e-04	1.018973e-03
636           	1.388875e-03	1.984734e-04	4.417805e-04	1.013212e-03
637           	1.383213e-03	1.975175e-04	4.399758e-04	1.007011e-03
638           	1.379250e-03	1.966215e-04	4.386029e-04	1.005329e-03
639           	1.377911e-03	1.960062e-04	4.398400e-04	1.015966e-03
640           	1.394041e-03	2.017790e-04	4.971994e-04	1.308450e-03
641           	1.384516e-03	1.976474e-04	4.624612e-04	1.124068e-03
642           	1.375733e-03	1.941011e-04	4.401561e-04	1.036905e-03
643           	1.364443e-03	1.924220e-04	4.333159e-04	9.956533e-04
644           	1.355378e-03	1.913148e-04	4.270246e-04	9.823890e-04
645           	1.347836e-03	1.902367e-04	4.241126e-04	9.741714e-04
646           	1.342852e-03	1.893714e-04	4.230157e-04	9.713244e-04
647           	1.341251e-03	1.889601e-04	4.256476e-04	9.901060e-04
648           	1.336642e-03	1.883672e-04	4.261818e-04	9.927420e-04
649           	1.329285e-03	1.864470e-04	4.166222e-04	9.475212e-04
650           	1.321539e-03	1.851780e-04	4.121021e-04	9.259214e-04
651           	1.314448e-03	1.842434e-04	4.092810e-04	9.200486e-04
652           	1.307487e-03	1.833356e-04	4.066997e-04	9.105142e-04
653           	1.302567e-03	1.823905e-04	4.039218e-04	8.995514e-04
654           	1.297275e-03	1.814595e-04	4.014514e-04	8.913816e-04
655           	1.292140e-03	1.805513e-04	3.990431e-04	8.843298e-04
656           	1.286770e-03	1.796644e-04	3.969138e-04	8.784413e-04
657           	1.282843e-03	1.788369e-04	3.950768e-04	8.750388e-04
658           	1.281214e-03	1.781082e-04	3.939446e-04	8.749404e-04
659           	1.282824e-03	1.777325e-04	3.955223e-04	8.889812e-04
660           	1.278615e-03	1.776025e-04	3.985722e-04	9.125255e-04
661           	1.272000e-03	1.761567e-04	3.907508e-04	8.749025e-04
662           	1.264412e-03	1.750530e-04	3.861143e-04	8.567999e-04
663           	1.258610e-03	1.742454e-04	3.831814e-04	8.528058e-04
664           	1.252389e-03	1.734145e-04	3.812102e-04	8.477395e-04
665           	1.247849e-03	1.726554e-04	3.792973e-04	8.414712e-04
666           	1.244469e-03	1.719459e-04	3.776117e-04	8.384510e-04
667           	1.243279e-03	1.713752e-04	3.770803e-04	8.404377e-04
668           	1.247638e-03	1.714406e-04	3.822055e-04	8.712988e-04
669           	1.241968e-03	1.712729e-04	3.841827e-04	8.890930e-04
670           	1.235061e-03	1.695482e-04	3.734951e-04	8.391968e-04
671           	1.227325e-03	1.684084e-04	3.684109e-04	8.149116e-04
672           	1.221446e-03	1.676885e-04	3.645906e-04	8.078642e-04
673           	1.215544e-03	1.669084e-04	3.625288e-04	8.017306e-04
674           	1.211122e-03	1.662412e-04	3.608331e-04	7.960774e-04
675           	1.208692e-03	1.656307e-04	3.596124e-04	7.946643e-04
676           	1.208688e-03	1.652510e-04	3.603944e-04	8.027433e-04
677           	1.220505e-03	1.672334e-04	3.818344e-04	9.149554e-04
678           	1.213380e-03	1.663263e-04	3.754274e-04	8.836918e-04
679           	1.206331e-03	1.639610e-04	3.593142e-04	8.152026e-04
680           	1.197653e-03	1.627870e-04	3.537343e-04	7.842377e-04
681           	1.191167e-03	1.621256e-04	3.488718e-04	7.760581e-04
682           	1.185601e-03	1.614131e-04	3.470231e-04	7.709217e-04
683           	1.181922e-03	1.608664e-04	3.460862e-04	7.690110e-04
684           	1.181316e-03	1.605414e-04	3.469936e-04	7.782013e-04
685           	1.192999e-03	1.630309e-04	3.723330e-04	9.121592e-04
686           	1.185482e-03	1.618333e-04	3.632663e-04	8.604314e-04
687           	1.178214e-03	1.592776e-04	3.463690e-04	7.901959e-04
688           	1.170812e-03	1.581123e-04	3.410117e-04	7.589458e-04
689           	1.165325e-03	1.574943e-04	3.366327e-04	7.530663e-04
690           	1.160466e-03	1.568647e-04	3.348817e-04	7.478355e-04
691           	1.157170e-03	1.563392e-04	3.338001e-04	7.456615e-04
692           	1.155708e-03	1.559151e-04	3.335695e-04	7.482567e-04
693           	1.156450e-03	1.558458e-04	3.364119e-04	7.665666e-04
694           	1.186664e-03	5.972568e-04	4.268999e-03	1.899685e-02
695           	1.310256e-03	1.765252e-04	4.383710e-04	1.235052e-03
696           	1.343113e-03	1.693492e-04	3.799010e-04	1.163121e-03
697           	1.341796e-03	1.672528e-04	3.803971e-04	1.135811e-03
698           	1.335334e-03	1.690552e-04	3.842466e-04	1.097735e-03
699           	1.324055e-03	1.695587e-04	3.812033e-04	1.103702e-03
700           	1.319158e-03	1.683810e-04	3.717719e-04	1.064265e-03
701           	1.319664e-03	1.662711e-04	3.645543e-04	1.031307e-03
702           	1.310940e-03	1.645804e-04	3.614700e-04	1.015613e-03
703           	1.300733e-03	1.637223e-04	3.605639e-04	1.015257e-03
704           	1.291031e-03	1.630551e-04	3.594966e-04	1.009311e-03
705           	1.280991e-03	1.622378e-04	3.577702e-04	9.956597e-04
706           	1.271598e-03	1.611764e-04	3.544468e-04	9.732279e-04
707           	1.261427e-03	1.598619e-04	3.505113e-04	9.502959e-04
708           	1.254240e-03	1.583276e-04	3.461211e-04	9.274540e-04
709           	1.249904e-03	1.569622e-04	3.421007e-04	9.064896e-04
710           	1.244938e-03	1.556871e-04	3.389117e-04	8.903387e-04
711           	1.237737e-03	1.546635e-04	3.366023e-04	8.767430e-04
712           	1.229479e-03	1.537959e-04	3.347254e-04	8.649489e-04
713           	1.221410e-03	1.529852e-04	3.330975e-04	8.562190e-04
714           	1.215221e-03	1.522473e-04	3.315886e-04	8.481252e-04
715           	1.211229e-03	1.515275e-04	3.299387e-04	8.388010e-04
716           	1.206475e-03	1.508342e-04	3.281688e-04	8.293597e-04
717           	1.201222e-03	1.500912e-04	3.262909e-04	8.195106e-04
718           	1.196470e-03	1.493420e-04	3.243591e-04	8.126181e-04
719           	1.192393e-03	1.486109e-04	3.225371e-04	8.077093e-04
720           	1.188165e-03	1.479301e-04	3.209751e-04	8.042467e-04
721           	1.184572e-03	1.473105e-04	3.196809e-04	8.012608e-04
722           	1.181108e-03	1.467479e-04	3.186798e-04	7.978714e-04
723           	1.178463e-03	1.462468e-04	3.179729e-04	7.954487e-04
724           	1.177095e-03	1.458258e-04	3.174984e-04	7.946626e-04
725           	1.177119e-03	1.455016e-04	3.178820e-04	7.978966e-04
726           	1.181163e-03	1.456381e-04	3.225740e-04	8.233748e-04
727           	1.171227e-03	1.456731e-04	3.258941e-04	8.447893e-04
728           	1.168522e-03	1.444461e-04	3.177527e-04	8.040849e-04
729           	1.165257e-03	1.436493e-04	3.134725e-04	7.852006e-04
730           	1.161117e-03	1.431817e-04	3.113137e-04	7.831642e-04
731           	1.158727e-03	1.426713e-04	3.101926e-04	7.793828e-04
732           	1.157523e-03	1.423032e-04	3.095587e-04	7.778026e-04
733           	1.159160e-03	1.420721e-04	3.100138e-04	7.807191e-04
734           	1.164491e-03	1.422262e-04	3.138305e-04	8.008051e-04
735           	1.159782e-03	1.423863e-04	3.167965e-04	8.204457e-04
736           	1.156302e-03	1.411678e-04	3.084407e-04	7.780982e-04
737           	1.153447e-03	1.404090e-04	3.043160e-04	7.599024e-04
738           	1.149795e-03	1.400343e-04	3.020445e-04	7.557772e-04
739           	1.147768e-03	1.396239e-04	3.006086e-04	7.506169e-04
740           	1.146865e-03	1.392965e-04	2.994035e-04	7.467136e-04
741           	1.146718e-03	1.389840e-04	2.985493e-04	7.447397e-04
742           	1.148958e-03	1.387762e-04	2.984584e-04	7.468013e-04
743           	1.154862e-03	1.388775e-04	3.011220e-04	7.644361e-04
744           	1.153144e-03	1.391244e-04	3.044543e-04	7.887505e-04
745           	1.149802e-03	1.380284e-04	2.963004e-04	7.482006e-04
746           	1.146586e-03	1.373233e-04	2.920574e-04	7.300015e-04
747           	1.144409e-03	1.369504e-04	2.894731e-04	7.258494e-04
748           	1.142566e-03	1.365068e-04	2.878976e-04	7.213131e-04
749           	1.141677e-03	1.361329e-04	2.864465e-04	7.166949e-04
750           	1.141926e-03	1.357640e-04	2.851705e-04	7.147572e-04
751           	1.143532e-03	1.354980e-04	2.847063e-04	7.169816e-04
752           	1.150200e-03	1.356083e-04	2.876830e-04	7.375324e-04
753           	1.148564e-03	1.357840e-04	2.906382e-04	7.612714e-04
754           	1.144966e-03	1.345448e-04	2.816300e-04	7.177531e-04
755           	1.141245e-03	1.337140e-04	2.769581e-04	6.975049e-04
756           	1.138374e-03	1.332407e-04	2.738076e-04	6.923627e-04
757           	1.135458e-03	1.326773e-04	2.718536e-04	6.873589e-04
758           	1.133582e-03	1.321954e-04	2.700325e-04	6.820921e-04
759           	1.133016e-03	1.317230e-04	2.684194e-04	6.796209e-04
760           	1.133644e-03	1.313605e-04	2.677368e-04	6.818873e-04
761           	1.139831e-03	1.314372e-04	2.711167e-04	7.054376e-04
762           	1.137002e-03	1.314930e-04	2.736630e-04	7.277878e-04
763           	1.132431e-03	1.300840e-04	2.639912e-04	6.818876e-04
764           	1.127379e-03	1.291259e-04	2.590608e-04	6.602050e-04
765           	1.123376e-03	1.285570e-04	2.556049e-04	6.544625e-04
766           	1.119270e-03	1.278940e-04	2.534780e-04	6.489228e-04
767           	1.116330e-03	1.273087e-04	2.515402e-04	6.432069e-04
768           	1.114661e-03	1.267294e-04	2.498820e-04	6.404218e-04
769           	1.114130e-03	1.262547e-04	2.492284e-04	6.424926e-04
770           	1.119142e-03	1.262553e-04	2.529354e-04	6.674520e-04
771           	1.115153e-03	1.261925e-04	2.553769e-04	6.887442e-04
772           	1.109281e-03	1.246529e-04	2.454702e-04	6.413069e-04
773           	1.102781e-03	1.235882e-04	2.405260e-04	6.187532e-04
774           	1.097601e-03	1.229296e-04	2.370193e-04	6.127012e-04
775           	1.092123e-03	1.221766e-04	2.349104e-04	6.068585e-04
776           	1.087983e-03	1.214989e-04	2.330199e-04	6.010275e-04
777           	1.085235e-03	1.208299e-04	2.314225e-04	5.982138e-04
778           	1.083500e-03	1.202698e-04	2.308644e-04	6.004438e-04
779           	1.087260e-03	1.201969e-04	2.348470e-04	6.263956e-04
780           	1.081953e-03	1.200398e-04	2.373690e-04	6.476084e-04
781           	1.074832e-03	1.183944e-04	2.274737e-04	5.997445e-04
782           	1.067068e-03	1.172310e-04	2.226531e-04	5.771033e-04
783           	1.060691e-03	1.164708e-04	2.192884e-04	5.713488e-04
784           	1.053969e-03	1.156182e-04	2.173714e-04	5.657187e-04
785           	1.048458e-03	1.148450e-04	2.156918e-04	5.602684e-04
786           	1.044398e-03	1.140860e-04	2.143145e-04	5.579186e-04
787           	1.041291e-03	1.134342e-04	2.140010e-04	5.606256e-04
788           	1.043684e-03	1.132792e-04	2.182522e-04	5.872363e-04
789           	1.037190e-03	1.130414e-04	2.210217e-04	6.089475e-04
790           	1.028905e-03	1.113192e-04	2.113776e-04	5.613579e-04
791           	1.019941e-03	1.100805e-04	2.068285e-04	5.391196e-04
792           	1.012448e-03	1.092481e-04	2.037152e-04	5.338469e-04
793           	1.004595e-03	1.083249e-04	2.020523e-04	5.286984e-04
794           	9.979469e-04	1.074878e-04	2.006410e-04	5.236647e-04
795           	9.928257e-04	1.066655e-04	1.995219e-04	5.217345e-04
796           	9.886930e-04	1.059483e-04	1.994543e-04	5.247330e-04
797           	9.898938e-04	1.057132e-04	2.038497e-04	5.511139e-04
798           	9.822786e-04	1.054116e-04	2.069245e-04	5.734517e-04
799           	9.727350e-04	1.036331e-04	1.975892e-04	5.263359e-04
800           	9.624708e-04	1.023371e-04	1.932901e-04	5.044293e-04
801           	9.536667e-04	1.014521e-04	1.904278e-04	4.993757e-04
802           	9.445433e-04	1.004805e-04	1.889890e-04	4.943703e-04
803           	9.366054e-04	9.959765e-05	1.877850e-04	4.894408e-04
804           	9.301288e-04	9.873856e-05	1.868575e-04	4.875568e-04
805           	9.246056e-04	9.799259e-05	1.869433e-04	4.904672e-04
806           	9.243411e-04	9.771046e-05	1.912425e-04	5.155079e-04
807           	9.156290e-04	9.741149e-05	1.945803e-04	5.384796e-04
808           	9.050179e-04	9.565950e-05	1.855968e-04	4.920619e-04
809           	8.937675e-04	9.438463e-05	1.814974e-04	4.705537e-04
810           	8.840708e-04	9.352377e-05	1.788657e-04	4.657004e-04
811           	8.740430e-04	9.258325e-05	1.776044e-04	4.608475e-04
812           	8.652701e-04	9.173896e-05	1.765627e-04	4.560603e-04
813           	8.580079e-04	9.092464e-05	1.757780e-04	4.542968e-04
814           	8.517464e-04	9.021601e-05	1.759437e-04	4.570702e-04
815           	8.504843e-04	8.993322e-05	1.798976e-04	4.798123e-04
816           	8.414072e-04	8.970204e-05	1.834875e-04	5.039384e-04
817           	8.303626e-04	8.804581e-05	1.749240e-04	4.589973e-04
818           	8.187226e-04	8.685260e-05	1.709717e-04	4.383432e-04
819           	8.086207e-04	8.606528e-05	1.685220e-04	4.338733e-04
820           	7.981562e-04	8.519883e-05	1.673695e-04	4.293391e-04
821           	7.890899e-04	8.442422e-05	1.664273e-04	4.247750e-04
822           	7.815206e-04	8.367890e-05	1.657150e-04	4.231403e-04
823           	7.749537e-04	8.303416e-05	1.658491e-04	4.255795e-04
824           	7.730210e-04	8.275278e-05	1.692108e-04	4.450484e-04
825           	7.641440e-04	8.261542e-05	1.730530e-04	4.705126e-04
826           	7.531551e-04	8.109238e-05	1.650540e-04	4.276354e-04
827           	7.416363e-04	7.999714e-05	1.612586e-04	4.081110e-04
828           	7.317736e-04	7.929389e-05	1.590400e-04	4.040448e-04
829           	7.215860e-04	7.852618e-05	1.579807e-04	3.998225e-04
830           	7.128248e-04	7.784533e-05	1.571065e-04	3.954025e-04
831           	7.054890e-04	7.718871e-05	1.564341e-04	3.937223e-04
832           	6.991754e-04	7.662463e-05	1.564979e-04	3.955358e-04
833           	6.970232e-04	7.635119e-05	1.591895e-04	4.111970e-04
834           	7.150659e-04	8.792799e-05	2.714729e-04	9.861688e-04
835           	7.024168e-04	7.962121e-05	1.918741e-04	5.563658e-04
836           	6.914834e-04	7.602808e-05	1.667278e-04	4.601882e-04
837           	6.763556e-04	7.457684e-05	1.601390e-04	4.150523e-04
838           	6.638096e-04	7.370046e-05	1.545565e-04	4.035799e-04
839           	6.534741e-04	7.296167e-05	1.522768e-04	3.998891e-04
840           	6.462356e-04	7.244146e-05	1.525857e-04	4.000908e-04
841           	6.415567e-04	7.245091e-05	1.572423e-04	4.272491e-04
842           	6.337650e-04	7.219432e-05	1.588539e-04	4.288644e-04
843           	6.237051e-04	7.051287e-05	1.499163e-04	3.837698e-04
844           	6.133550e-04	6.955217e-05	1.465494e-04	3.632627e-04
845           	6.035305e-04	6.894201e-05	1.448237e-04	3.601399e-04
846           	5.941415e-04	6.835157e-05	1.434292e-04	3.519748e-04
847           	5.868189e-04	6.771140e-05	1.417859e-04	3.422937e-04
848           	5.788115e-04	6.710471e-05	1.404604e-04	3.361844e-04
849           	5.712649e-04	6.652587e-05	1.392515e-04	3.314769e-04
850           	5.632316e-04	6.596594e-05	1.382860e-04	3.280832e-04
851           	5.563651e-04	6.544621e-05	1.375318e-04	3.265110e-04
852           	5.511859e-04	6.498964e-05	1.370713e-04	3.266761e-04
853           	5.478324e-04	6.464569e-05	1.373872e-04	3.306794e-04
854           	5.478045e-04	6.465461e-05	1.407255e-04	3.509945e-04
855           	5.414299e-04	6.485889e-05	1.452905e-04	3.793333e-04
856           	5.333950e-04	6.373562e-05	1.385722e-04	3.424596e-04
857           	5.243957e-04	6.298511e-05	1.351947e-04	3.271189e-04
858           	5.172799e-04	6.253856e-05	1.336576e-04	3.270070e-04
859           	5.098837e-04	6.206171e-05	1.330700e-04	3.255278e-04
860           	5.041032e-04	6.165509e-05	1.325296e-04	3.227806e-04
861           	4.994556e-04	6.128381e-05	1.322531e-04	3.234700e-04
862           	4.971349e-04	6.103920e-05	1.330757e-04	3.291562e-04
863           	4.999365e-04	6.135255e-05	1.390713e-04	3.623637e-04
864           	4.934002e-04	6.152300e-05	1.428134e-04	3.870871e-04
865           	4.855675e-04	6.016780e-05	1.335802e-04	3.387282e-04
866           	4.769372e-04	5.936572e-05	1.297862e-04	3.170610e-04
867           	4.702236e-04	5.897179e-05	1.273283e-04	3.133627e-04
868           	4.634400e-04	5.851564e-05	1.265508e-04	3.104805e-04
869           	4.581016e-04	5.816285e-05	1.260980e-04	3.078105e-04
870           	4.547544e-04	5.785847e-05	1.260977e-04	3.094837e-04
871           	4.537889e-04	5.775498e-05	1.279401e-04	3.201647e-04
872           	4.630880e-04	5.938994e-05	1.455442e-04	4.141131e-04
873           	4.557061e-04	5.909552e-05	1.437020e-04	4.041125e-04
874           	4.479954e-04	5.723688e-05	1.299158e-04	3.385317e-04
875           	4.389906e-04	5.636943e-05	1.255711e-04	3.100991e-04
876           	4.321109e-04	5.599349e-05	1.220846e-04	3.043916e-04
877           	4.259855e-04	5.555267e-05	1.213013e-04	3.010131e-04
878           	4.216117e-04	5.526044e-05	1.212040e-04	3.000108e-04
879           	4.199235e-04	5.511733e-05	1.223255e-04	3.074056e-04
880           	4.250711e-04	5.597767e-05	1.324882e-04	3.623673e-04
881           	4.191067e-04	5.599635e-05	1.337386e-04	3.681635e-04
882           	4.115926e-04	5.441284e-05	1.226138e-04	3.122628e-04
883           	4.048930e-04	5.360493e-05	1.188146e-04	2.876336e-04
884           	3.998369e-04	5.330674e-05	1.164412e-04	2.846404e-04
885           	3.945806e-04	5.294181e-05	1.155276e-04	2.800856e-04
886           	3.906654e-04	5.264196e-05	1.148941e-04	2.766051e-04
887           	3.879612e-04	5.236655e-05	1.146262e-04	2.756318e-04
888           	3.855771e-04	5.217434e-05	1.149224e-04	2.782467e-04
889           	3.872565e-04	5.222234e-05	1.175050e-04	2.925631e-04
890           	4.052357e-04	5.723137e-05	1.660160e-04	5.460516e-04
891           	3.986188e-04	5.500046e-05	1.428259e-04	4.164980e-04
892           	3.923616e-04	5.246462e-05	1.231525e-04	3.324017e-04
893           	3.831945e-04	5.156750e-05	1.180084e-04	2.963104e-04
894           	3.767094e-04	5.118768e-05	1.133403e-04	2.889580e-04
895           	3.714289e-04	5.080900e-05	1.125886e-04	2.879343e-04
896           	3.693417e-04	5.071419e-05	1.138256e-04	2.945725e-04
897           	3.746834e-04	5.196305e-05	1.266532e-04	3.680596e-04
898           	3.687858e-04	5.167632e-05	1.257132e-04	3.536245e-04
899           	3.635889e-04	4.991424e-05	1.132633e-04	2.917029e-04
900           	3.569874e-04	4.919057e-05	1.096389e-04	2.659852e-04
901           	3.531037e-04	4.890454e-05	1.074698e-04	2.646038e-04
902           	3.488861e-04	4.860853e-05	1.064760e-04	2.590794e-04
903           	3.461158e-04	4.830093e-05	1.054372e-04	2.530803e-04
904           	3.432966e-04	4.802297e-05	1.047279e-04	2.496123e-04
905           	3.408374e-04	4.777137e-05	1.040780e-04	2.475086e-04
906           	3.383394e-04	4.755385e-05	1.039563e-04	2.476997e-04
907           	3.397401e-04	4.745052e-05	1.048613e-04	2.548825e-04
908           	3.466655e-04	4.799354e-05	1.114091e-04	2.921380e-04
909           	3.447079e-04	4.842392e-05	1.156377e-04	3.189328e-04
910           	3.402036e-04	4.733048e-05	1.069685e-04	2.732587e-04
911           	3.347328e-04	4.672597e-05	1.035594e-04	2.539914e-04
912           	3.313881e-04	4.649062e-05	1.014599e-04	2.533171e-04
913           	3.271710e-04	4.619862e-05	1.011119e-04	2.529565e-04
914           	3.250733e-04	4.600187e-05	1.009493e-04	2.517766e-04
915           	3.245857e-04	4.588149e-05	1.013485e-04	2.559176e-04
916           	3.276507e-04	4.608208e-05	1.048175e-04	2.752768e-04
917           	3.528718e-04	6.418777e-05	2.739999e-04	1.152927e-03
918           	3.468728e-04	5.061113e-05	1.409560e-04	4.281106e-04
919           	3.425389e-04	4.707883e-05	1.137014e-04	3.309721e-04
920           	3.333947e-04	4.591657e-05	1.071559e-04	2.834482e-04
921           	3.270864e-04	4.536667e-05	1.017379e-04	2.716156e-04
922           	3.231826e-04	4.500713e-05	9.869942e-05	2.677056e-04
923           	3.218907e-04	4.475773e-05	9.848663e-05	2.632376e-04
924           	3.190754e-04	4.455093e-05	9.858091e-05	2.628147e-04
925           	3.176507e-04	4.459723e-05	1.002033e-04	2.711883e-04
926           	3.217125e-04	4.590922e-05	1.134838e-04	3.408842e-04
927           	3.194143e-04	4.590372e-05	1.128916e-04	3.368731e-04
928           	3.134872e-04	4.410239e-05	1.005027e-04	2.783727e-04
929           	3.089433e-04	4.326013e-05	9.642383e-05	2.502145e-04
930           	3.056921e-04	4.295407e-05	9.285751e-05	2.443705e-04
931           	3.027048e-04	4.262858e-05	9.165741e-05	2.366167e-04
932           	3.001668e-04	4.235467e-05	9.098438e-05	2.312451e-04
933           	2.978561e-04	4.208035e-05	9.032260e-05	2.278278e-04
934           	2.951921e-04	4.185338e-05	8.976647e-05	2.265418e-04
935           	2.934509e-04	4.165593e-05	8.968001e-05	2.271011e-04
936           	2.958015e-04	4.163568e-05	9.115897e-05	2.365469e-04
937           	3.066200e-04	4.294622e-05	1.046636e-04	3.092558e-04
938           	3.035693e-04	4.311582e-05	1.056902e-04	3.167542e-04
939           	2.989187e-04	4.161898e-05	9.373213e-05	2.575667e-04
940           	2.932558e-04	4.094950e-05	8.970538e-05	2.318263e-04
941           	2.898179e-04	4.068452e-05	8.659455e-05	2.283897e-04
942           	2.860753e-04	4.037431e-05	8.621178e-05	2.274040e-04
943           	2.845148e-04	4.021083e-05	8.633750e-05	2.274027e-04
944           	2.853732e-04	4.023504e-05	8.799214e-05	2.379116e-04
945           	2.962573e-04	4.197607e-05	1.054178e-04	3.327173e-04
946           	2.910859e-04	4.173386e-05	1.030003e-04	3.153006e-04
947           	2.856476e-04	3.991435e-05	8.923377e-05	2.491483e-04
948           	2.802300e-04	3.911903e-05	8.512302e-05	2.201470e-04
949           	2.770203e-04	3.887724e-05	8.206622e-05	2.159031e-04
950           	2.740360e-04	3.857781e-05	8.116369e-05	2.109443e-04
951           	2.719632e-04	3.837140e-05	8.077133e-05	2.080716e-04
952           	2.713836e-04	3.821022e-05	8.081360e-05	2.087085e-04
953           	2.720739e-04	3.820725e-05	8.231987e-05	2.170712e-04
954           	2.813482e-04	3.925745e-05	9.348371e-05	2.769729e-04
955           	2.787407e-04	3.940624e-05	9.513773e-05	2.878102e-04
956           	2.743559e-04	3.795661e-05	8.378898e-05	2.308115e-04
957           	2.691668e-04	3.726992e-05	8.003473e-05	2.058813e-04
958           	2.660391e-04	3.705598e-05	7.732971e-05	2.024578e-04
959           	2.627812e-04	3.677259e-05	7.674813e-05	1.994648e-04
960           	2.609203e-04	3.658838e-05	7.653455e-05	1.974540e-04
961           	2.610073e-04	3.645656e-05	7.673817e-05	1.997560e-04
962           	2.627476e-04	3.654094e-05	7.905670e-05	2.125120e-04
963           	2.770484e-04	3.903512e-05	1.034654e-04	3.426844e-04
964           	2.728162e-04	3.849661e-05	9.763791e-05	3.081873e-04
965           	2.680093e-04	3.653348e-05	8.211122e-05	2.359994e-04
966           	2.618149e-04	3.577431e-05	7.775707e-05	2.051184e-04
967           	2.577693e-04	3.552576e-05	7.399687e-05	1.991925e-04
968           	2.543056e-04	3.521872e-05	7.337829e-05	1.962803e-04
969           	2.527058e-04	3.506940e-05	7.362207e-05	1.966157e-04
970           	2.540626e-04	3.511350e-05	7.553488e-05	2.077853e-04
971           	2.656167e-04	3.726950e-05	9.658985e-05	3.222411e-04
972           	2.606504e-04	3.682964e-05	9.219904e-05	2.914427e-04
973           	2.552580e-04	3.487415e-05	7.738959e-05	2.217693e-04
974           	2.500512e-04	3.410155e-05	7.317665e-05	1.914195e-04
975           	2.467484e-04	3.386687e-05	7.006069e-05	1.872010e-04
976           	2.436212e-04	3.359782e-05	6.926957e-05	1.825447e-04
977           	2.418322e-04	3.340875e-05	6.896488e-05	1.802783e-04
978           	2.414760e-04	3.328159e-05	6.922975e-05	1.816995e-04
979           	2.422188e-04	3.333781e-05	7.113412e-05	1.920264e-04
980           	2.534955e-04	3.490458e-05	8.694482e-05	2.760954e-04
981           	2.505734e-04	3.487164e-05	8.642771e-05	2.734028e-04
982           	2.460392e-04	3.323053e-05	7.345274e-05	2.104485e-04
983           	2.408217e-04	3.253518e-05	6.957520e-05	1.836674e-04
984           	2.374959e-04	3.233405e-05	6.653360e-05	1.796934e-04
985           	2.341373e-04	3.206702e-05	6.604118e-05	1.771941e-04
986           	2.324665e-04	3.191511e-05	6.607070e-05	1.763665e-04
987           	2.329297e-04	3.185203e-05	6.683503e-05	1.813201e-04
988           	2.364954e-04	3.221258e-05	7.153431e-05	2.069106e-04
989           	2.351220e-04	3.252723e-05	7.489674e-05	2.266273e-04
990           	2.312333e-04	3.141793e-05	6.700857e-05	1.828630e-04
991           	2.271710e-04	3.084643e-05	6.392999e-05	1.644806e-04
992           	2.251788e-04	3.070539e-05	6.260575e-05	1.633148e-04
993           	2.223033e-04	3.048860e-05	6.201284e-05	1.603201e-04
994           	2.209990e-04	3.030694e-05	6.156562e-05	1.573908e-04
995           	2.201358e-04	3.013121e-05	6.131589e-05	1.565289e-04
996           	2.192428e-04	2.999836e-05	6.124090e-05	1.572563e-04
997           	2.202397e-04	2.993278e-05	6.196171e-05	1.614332e-04
998           	2.257861e-04	3.015195e-05	6.529405e-05	1.812315e-04
999           	2.528413e-04	4.739467e-05	2.274762e-04	1.024656e-03
1000          	2.473816e-04	3.498017e-05	1.031607e-04	3.446648e-04
1001          	2.437106e-04	3.166710e-05	7.658784e-05	2.472664e-04
1002          	2.350005e-04	3.064364e-05	7.037568e-05	2.021601e-04
1003          	2.295647e-04	3.016122e-05	6.533890e-05	1.934554e-04
1004          	2.260475e-04	2.988780e-05	6.312762e-05	1.931588e-04
1005          	2.257274e-04	2.975479e-05	6.364128e-05	1.922521e-04
1006          	2.249500e-04	2.981652e-05	6.559363e-05	2.025682e-04
1007          	2.310405e-04	3.206405e-05	8.601301e-05	3.147364e-04
1008          	2.266938e-04	3.160619e-05	8.119816e-05	2.761267e-04
1009          	2.213012e-04	2.950408e-05	6.677121e-05	2.092383e-04
1010          	2.161317e-04	2.869746e-05	6.281472e-05	1.787288e-04
1011          	2.132543e-04	2.846297e-05	5.957485e-05	1.740357e-04
1012          	2.108734e-04	2.820182e-05	5.846563e-05	1.657404e-04
1013          	2.093345e-04	2.795823e-05	5.777218e-05	1.594432e-04
1014          	2.072761e-04	2.775541e-05	5.725558e-05	1.551289e-04
1015          	2.048881e-04	2.757972e-05	5.669442e-05	1.526667e-04
1016          	2.027207e-04	2.741586e-05	5.656778e-05	1.518232e-04
1017          	2.028061e-04	2.731981e-05	5.697338e-05	1.548986e-04
1018          	2.074603e-04	2.748358e-05	5.952994e-05	1.699467e-04
1019          	2.260243e-04	3.208448e-05	1.031230e-04	3.988497e-04
1020          	2.212388e-04	3.045691e-05	8.481026e-05	2.938247e-04
1021          	2.166834e-04	2.816563e-05	6.643691e-05	2.122919e-04
1022          	2.101983e-04	2.746701e-05	6.161952e-05	1.787547e-04
1023          	2.057580e-04	2.722639e-05	5.750127e-05	1.742419e-04
1024          	2.026110e-04	2.699759e-05	5.749477e-05	1.761266e-04
1025          	2.030003e-04	2.712091e-05	5.970856e-05	1.878586e-04
1026          	2.177963e-04	3.131442e-05	9.730052e-05	4.031876e-04
1027          	2.095194e-04	2.951568e-05	8.122857e-05	2.890064e-04
1028          	2.044469e-04	2.699225e-05	6.267315e-05	2.038346e-04
1029          	1.985671e-04	2.621390e-05	5.803831e-05	1.676442e-04
1030          	1.958434e-04	2.599796e-05	5.475412e-05	1.637383e-04
1031          	1.934061e-04	2.579024e-05	5.402760e-05	1.587098e-04
1032          	1.920710e-04	2.562562e-05	5.362405e-05	1.544576e-04
1033          	1.909765e-04	2.551589e-05	5.360163e-05	1.534943e-04
1034          	1.905823e-04	2.548262e-05	5.427519e-05	1.562619e-04
1035          	1.934995e-04	2.576022e-05	5.792989e-05	1.742484e-04
1036          	2.234251e-04	7.464896e-05	5.159185e-04	2.517421e-03
1037          	2.243954e-04	3.183264e-05	1.039243e-04	3.403254e-04
1038          	2.249724e-04	2.818823e-05	7.178880e-05	2.508876e-04
1039          	2.172284e-04	2.692427e-05	6.579763e-05	2.068583e-04
1040          	2.111899e-04	2.653894e-05	6.120599e-05	1.995285e-04
1041          	2.095184e-04	2.632340e-05	5.843095e-05	2.003351e-04
1042          	2.100646e-04	2.609905e-05	5.715814e-05	1.940929e-04
1043          	2.096891e-04	2.586510e-05	5.627042e-05	1.860605e-04
1044          	2.066464e-04	2.570084e-05	5.513917e-05	1.760371e-04
1045          	2.023554e-04	2.554475e-05	5.438800e-05	1.688075e-04
1046          	1.975385e-04	2.530679e-05	5.364800e-05	1.630517e-04
1047          	1.929278e-04	2.511141e-05	5.278915e-05	1.578530e-04
1048          	1.900578e-04	2.486490e-05	5.175144e-05	1.528845e-04
1049          	1.886316e-04	2.458476e-05	5.080482e-05	1.472327e-04
1050          	1.878827e-04	2.427856e-05	4.960252e-05	1.423617e-04
1051          	1.864461e-04	2.401836e-05	4.874947e-05	1.382734e-04
1052          	1.845743e-04	2.381291e-05	4.828628e-05	1.344946e-04
1053          	1.824660e-04	2.363988e-05	4.811958e-05	1.326702e-04
1054          	1.807287e-04	2.349469e-05	4.802699e-05	1.318904e-04
1055          	1.795295e-04	2.337775e-05	4.798189e-05	1.318018e-04
1056          	1.795520e-04	2.328842e-05	4.819264e-05	1.334917e-04
1057          	1.805501e-04	2.326390e-05	4.881477e-05	1.369938e-04
1058          	1.833938e-04	2.338876e-05	5.061160e-05	1.475322e-04
1059          	1.930261e-04	2.450161e-05	6.167639e-05	2.077692e-04
1060          	1.881297e-04	2.482649e-05	6.450863e-05	2.240175e-04
1061          	1.847414e-04	2.358465e-05	5.393724e-05	1.711332e-04
1062          	1.802140e-04	2.306333e-05	5.020839e-05	1.489222e-04
1063          	1.766423e-04	2.293149e-05	4.821030e-05	1.486290e-04
1064          	1.742676e-04	2.274914e-05	4.810373e-05	1.480235e-04
1065          	1.734950e-04	2.269069e-05	4.845171e-05	1.480760e-04
1066          	1.749264e-04	2.277015e-05	5.008988e-05	1.565225e-04
1067          	1.834306e-04	2.367240e-05	5.910005e-05	2.039284e-04
1068          	1.799341e-04	2.397137e-05	6.163770e-05	2.172712e-04
1069          	1.755454e-04	2.268139e-05	5.151174e-05	1.644692e-04
1070          	1.713412e-04	2.207664e-05	4.805415e-05	1.415670e-04
1071          	1.690698e-04	2.196666e-05	4.606147e-05	1.392543e-04
1072          	1.665360e-04	2.178812e-05	4.548297e-05	1.357082e-04
1073          	1.650841e-04	2.168921e-05	4.529140e-05	1.332513e-04
1074          	1.649688e-04	2.161486e-05	4.552270e-05	1.337786e-04
1075          	1.658925e-04	2.163248e-05	4.655688e-05	1.389621e-04
1076          	1.715636e-04	2.200332e-05	5.093854e-05	1.622263e-04
1077          	1.706358e-04	2.247122e-05	5.553239e-05	1.905739e-04
1078          	1.672888e-04	2.155825e-05	4.818067e-05	1.489660e-04
1079          	1.634308e-04	2.107706e-05	4.521104e-05	1.314573e-04
1080          	1.612782e-04	2.099254e-05	4.382467e-05	1.301350e-04
1081          	1.588426e-04	2.083221e-05	4.358073e-05	1.282885e-04
1082          	1.577604e-04	2.073710e-05	4.347505e-05	1.264011e-04
1083          	1.579186e-04	2.065520e-05	4.354435e-05	1.272103e-04
1084          	1.587669e-04	2.065383e-05	4.431823e-05	1.313101e-04
1085          	1.635748e-04	2.089796e-05	4.743689e-05	1.480509e-04
1086          	1.847371e-04	2.694114e-05	1.048850e-04	4.491930e-04
1087          	1.798016e-04	2.424210e-05	7.521788e-05	2.809962e-04
1088          	1.756742e-04	2.176756e-05	5.486295e-05	1.936106e-04
1089          	1.683952e-04	2.101344e-05	4.974576e-05	1.560353e-04
1090          	1.634800e-04	2.078113e-05	4.528853e-05	1.488451e-04
1091          	1.603070e-04	2.056796e-05	4.480682e-05	1.483710e-04
1092          	1.603873e-04	2.066119e-05	4.663412e-05	1.570449e-04
1093          	1.697485e-04	2.269490e-05	6.536613e-05	2.640248e-04
1094          	1.642484e-04	2.225123e-05	6.189968e-05	2.296607e-04
1095          	1.608052e-04	2.039668e-05	4.785656e-05	1.605426e-04
1096          	1.557372e-04	1.978477e-05	4.422332e-05	1.315774e-04
1097          	1.534875e-04	1.964439e-05	4.199541e-05	1.303926e-04
1098          	1.509517e-04	1.949362e-05	4.133752e-05	1.251339e-04
1099          	1.498860e-04	1.933746e-05	4.070645e-05	1.196081e-04
1100          	1.486863e-04	1.921571e-05	4.039723e-05	1.165923e-04
1101          	1.477342e-04	1.912179e-05	4.020627e-05	1.152435e-04
1102          	1.470833e-04	1.907805e-05	4.072958e-05	1.170666e-04
1103          	1.513608e-04	1.922336e-05	4.296974e-05	1.301272e-04
1104          	1.667561e-04	2.171877e-05	6.682100e-05	2.571454e-04
1105          	1.638264e-04	2.151203e-05	6.276860e-05	2.332168e-04
1106          	1.599104e-04	1.982092e-05	4.821405e-05	1.637532e-04
1107          	1.544446e-04	1.924678e-05	4.427848e-05	1.360983e-04
1108          	1.510343e-04	1.910194e-05	4.098082e-05	1.328922e-04
1109          	1.479638e-04	1.891805e-05	4.112769e-05	1.340033e-04
1110          	1.479765e-04	1.896894e-05	4.237869e-05	1.398657e-04
1111          	1.535061e-04	1.978616e-05	5.049152e-05	1.852689e-04
1112          	1.509772e-04	1.993822e-05	5.218260e-05	1.893524e-04
1113          	1.477720e-04	1.867543e-05	4.241194e-05	1.361833e-04
1114          	1.435572e-04	1.817007e-05	3.947107e-05	1.153628e-04
1115          	1.417923e-04	1.807484e-05	3.815005e-05	1.146790e-04
1116          	1.394418e-04	1.793768e-05	3.760478e-05	1.104049e-04
1117          	1.384460e-04	1.780255e-05	3.703437e-05	1.058442e-04
1118          	1.375688e-04	1.768290e-05	3.677162e-05	1.036989e-04
1119          	1.367090e-04	1.759180e-05	3.654220e-05	1.029186e-04
1120          	1.364300e-04	1.753742e-05	3.687342e-05	1.042795e-04
1121          	1.397660e-04	1.760120e-05	3.821028e-05	1.126477e-04
1122          	1.482994e-04	1.831108e-05	4.522768e-05	1.514227e-04
1123          	1.473978e-04	1.887015e-05	4.975034e-05	1.785073e-04
1124          	1.442515e-04	1.793122e-05	4.141223e-05	1.324552e-04
1125          	1.400780e-04	1.747640e-05	3.835857e-05	1.134086e-04
1126          	1.378749e-04	1.739227e-05	3.667394e-05	1.133122e-04
1127          	1.350721e-04	1.724412e-05	3.670279e-05	1.134705e-04
1128          	1.344487e-04	1.719250e-05	3.694990e-05	1.130418e-04
1129          	1.353894e-04	1.722101e-05	3.782404e-05	1.182980e-04
1130          	1.402466e-04	1.760775e-05	4.204009e-05	1.403685e-04
1131          	1.727872e-04	1.979898e-03	1.852915e-02	7.171695e-02
1132          	9.379811e-04	1.101523e-04	4.953579e-04	3.081457e-03
1133          	1.047370e-03	9.695410e-05	2.594496e-04	2.593276e-03
1134          	1.026167e-03	8.842580e-05	3.018433e-04	2.454663e-03
1135          	9.800530e-04	9.703118e-05	3.183670e-04	2.101079e-03
1136          	9.572130e-04	9.684026e-05	3.081358e-04	1.986596e-03
1137          	9.191763e-04	9.309459e-05	2.735898e-04	1.749266e-03
1138          	9.056598e-04	8.728213e-05	2.384793e-04	1.536636e-03
1139          	8.786445e-04	8.051109e-05	2.198355e-04	1.431829e-03
1140          	8.455624e-04	7.745682e-05	2.149067e-04	1.397070e-03
1141          	8.271731e-04	7.551107e-05	2.184193e-04	1.390255e-03
1142          	8.100711e-04	7.308131e-05	2.199146e-04	1.349999e-03
1143          	7.952383e-04	7.066928e-05	2.147661e-04	1.259886e-03
1144          	7.811286e-04	6.746744e-05	2.029847e-04	1.155608e-03
1145          	7.604309e-04	6.370331e-05	1.876512e-04	1.051151e-03
1146          	7.363712e-04	6.018715e-05	1.728840e-04	9.658963e-04
1147          	7.073792e-04	5.706037e-05	1.634477e-04	8.954921e-04
1148          	6.745142e-04	5.474593e-05	1.562847e-04	8.355402e-04
1149          	6.485358e-04	5.286288e-05	1.510220e-04	7.849248e-04
1150          	6.274311e-04	5.139429e-05	1.463502e-04	7.403399e-04
1151          	6.056093e-04	4.993422e-05	1.422241e-04	6.946697e-04
1152          	5.851018e-04	4.850667e-05	1.374123e-04	6.472972e-04
1153          	5.635222e-04	4.697361e-05	1.316736e-04	6.031456e-04
1154          	5.412156e-04	4.537440e-05	1.255036e-04	5.631345e-04
1155          	5.184152e-04	4.372719e-05	1.192563e-04	5.242358e-04
1156          	4.959145e-04	4.210250e-05	1.132934e-04	4.933917e-04
1157          	4.758738e-04	4.057604e-05	1.083912e-04	4.711337e-04
1158          	4.582707e-04	3.915742e-05	1.043773e-04	4.495482e-04
1159          	4.420318e-04	3.806352e-05	1.014780e-04	4.271482e-04
1160          	4.256433e-04	3.703838e-05	9.889024e-05	4.080891e-04
1161          	4.117955e-04	3.608048e-05	9.648748e-05	3.910248e-04
1162          	4.007123e-04	3.515603e-05	9.395874e-05	3.735483e-04
1163          	3.886531e-04	3.430331e-05	9.120110e-05	3.569852e-04
1164          	3.768435e-04	3.340051e-05	8.846389e-05	3.407554e-04
1165          	3.658815e-04	3.253338e-05	8.588704e-05	3.257652e-04
1166          	3.556540e-04	3.173798e-05	8.376157e-05	3.132641e-04
1167          	3.458046e-04	3.108576e-05	8.223789e-05	3.059605e-04
1168          	3.384472e-04	3.074562e-05	8.371230e-05	3.141301e-04
1169          	3.178383e-04	3.053457e-05	8.540931e-05	3.278999e-04
1170          	3.088042e-04	2.927223e-05	7.778150e-05	2.866201e-04
1171          	2.999044e-04	2.835917e-05	7.323487e-05	2.603634e-04
1172          	2.908259e-04	2.763944e-05	7.111037e-05	2.518104e-04
1173          	2.820777e-04	2.695137e-05	6.962772e-05	2.442333e-04
1174          	2.743199e-04	2.644084e-05	6.871949e-05	2.397997e-04
1175          	2.695584e-04	2.615145e-05	6.927642e-05	2.429996e-04
1176          	2.728445e-04	2.701057e-05	8.112369e-05	3.067147e-04
1177          	2.534134e-04	2.676961e-05	8.030022e-05	3.042736e-04
1178          	2.484286e-04	2.502787e-05	6.723235e-05	2.409405e-04
1179          	2.398464e-04	2.412093e-05	6.193533e-05	2.091589e-04
1180          	2.301657e-04	2.364342e-05	5.892316e-05	2.026141e-04
1181          	2.231278e-04	2.313056e-05	5.762429e-05	1.948885e-04
1182          	2.166397e-04	2.281108e-05	5.711579e-05	1.934749e-04
1183          	2.140685e-04	2.273635e-05	5.904315e-05	2.026270e-04
1184          	2.258799e-04	2.584424e-05	9.066815e-05	3.734709e-04
1185          	2.128061e-04	2.463865e-05	7.888882e-05	3.003109e-04
1186          	2.053532e-04	2.230666e-05	6.086871e-05	2.198700e-04
1187          	1.972111e-04	2.142656e-05	5.549672e-05	1.828670e-04
1188          	1.890407e-04	2.100633e-05	5.156152e-05	1.754250e-04
1189          	1.832806e-04	2.061115e-05	5.065741e-05	1.689628e-04
1190          	1.788967e-04	2.039878e-05	5.062174e-05	1.690481e-04
1191          	1.779557e-04	2.053191e-05	5.404631e-05	1.857068e-04
1192          	1.746070e-04	2.066202e-05	5.659257e-05	1.985585e-04
1193          	1.695164e-04	1.955382e-05	4.887300e-05	1.554629e-04
1194          	1.643971e-04	1.896846e-05	4.576018e-05	1.385760e-04
1195          	1.588906e-04	1.871738e-05	4.473967e-05	1.365037e-04
1196          	1.539098e-04	1.847727e-05	4.391555e-05	1.315456e-04
1197          	1.503987e-04	1.821860e-05	4.296450e-05	1.257096e-04
1198          	1.470887e-04	1.798590e-05	4.234308e-05	1.222885e-04
1199          	1.440794e-04	1.777852e-05	4.185923e-05	1.205111e-04
1200          	1.426643e-04	1.761101e-05	4.172483e-05	1.210185e-04
1201          	1.439610e-04	1.755850e-05	4.262703e-05	1.274105e-04
1202          	1.498796e-04	1.808804e-05	4.866541e-05	1.614960e-04
1203          	1.464007e-04	1.852998e-05	5.298843e-05	1.881180e-04
1204          	1.413445e-04	1.754854e-05	4.464982e-05	1.424344e-04
1205          	1.362929e-04	1.700890e-05	4.131086e-05	1.231449e-04
1206          	1.323202e-04	1.683985e-05	3.947819e-05	1.224357e-04
1207          	1.280253e-04	1.660963e-05	3.917505e-05	1.214695e-04
1208          	1.255288e-04	1.648445e-05	3.917171e-05	1.199175e-04
1209          	1.249404e-04	1.642878e-05	3.985190e-05	1.245472e-04
1210          	1.289360e-04	1.678291e-05	4.411677e-05	1.478831e-04
1211          	1.267651e-04	1.713665e-05	4.779236e-05	1.702899e-04
1212          	1.222511e-04	1.611066e-05	4.001884e-05	1.266765e-04
1213          	1.179530e-04	1.558176e-05	3.691187e-05	1.080916e-04
1214          	1.152811e-04	1.545497e-05	3.546989e-05	1.056934e-04
1215          	1.120766e-04	1.525595e-05	3.490627e-05	1.022499e-04
1216          	1.101505e-04	1.511437e-05	3.453458e-05	9.929639e-05
