# Region type : patch out
# Faces  :    242
# Area   :    1.250000e-07
# Time        	areaAverage(p)
0             	0.000000e+00
1             	0.000000e+00
2             	0.000000e+00
3             	0.000000e+00
4             	-9.453839e-02
5             	-9.192382e-02
6             	-7.956830e-02
7             	-6.036692e-02
8             	-5.495184e-02
9             	-4.138391e-02
10            	-2.923884e-02
11            	-2.047055e-02
12            	-1.432938e-02
13            	-1.003057e-02
14            	-7.021398e-03
15            	-4.914978e-03
16            	-3.440485e-03
17            	-2.408339e-03
18            	-1.685838e-03
19            	-1.180086e-03
20            	-8.260604e-04
21            	-5.782423e-04
22            	-4.047696e-04
23            	-2.833387e-04
24            	-1.983371e-04
25            	-1.388360e-04
26            	-9.718518e-05
27            	-6.802963e-05
28            	-4.762074e-05
29            	-3.333452e-05
30            	-2.333416e-05
31            	-1.633391e-05
32            	-1.143374e-05
33            	-8.003618e-06
34            	-5.602532e-06
35            	-3.921773e-06
36            	-2.745241e-06
37            	-1.921669e-06
38            	-1.345168e-06
39            	-9.416176e-07
40            	-6.591323e-07
41            	-4.613926e-07
42            	-3.229748e-07
43            	-2.260824e-07
44            	-1.582577e-07
45            	-1.107804e-07
46            	-7.754626e-08
47            	-5.428238e-08
48            	-3.799767e-08
49            	-2.659837e-08
50            	-1.861886e-08
51            	-1.303320e-08
52            	-9.123240e-09
53            	-6.386268e-09
54            	-4.470388e-09
55            	-3.129271e-09
56            	-2.190490e-09
57            	-1.533343e-09
58            	-1.073340e-09
59            	-7.513380e-10
60            	-5.259366e-10
61            	-3.681556e-10
62            	-2.577089e-10
63            	-1.803963e-10
64            	-1.262774e-10
65            	-8.839417e-11
66            	-6.187592e-11
67            	-4.331314e-11
68            	-3.031920e-11
69            	-2.122344e-11
70            	-1.485641e-11
71            	-1.039949e-11
72            	-7.279640e-12
73            	-5.095748e-12
74            	-3.567024e-12
75            	-2.496916e-12
76            	-1.747842e-12
77            	-1.223489e-12
78            	-8.564423e-13
79            	-5.995096e-13
80            	-4.196568e-13
81            	-2.937597e-13
82            	-2.056318e-13
83            	-1.439423e-13
84            	-1.007596e-13
85            	-7.053171e-14
86            	-4.937220e-14
87            	-3.456054e-14
88            	-2.419238e-14
89            	-1.693466e-14
90            	-1.185426e-14
91            	-8.297985e-15
92            	-5.808590e-15
93            	-4.066013e-15
94            	-2.846209e-15
95            	-1.992346e-15
96            	-1.394642e-15
97            	-9.762497e-16
98            	-6.833748e-16
99            	-4.783623e-16
100           	-3.348536e-16
101           	-2.343975e-16
102           	-1.640783e-16
103           	-1.148548e-16
104           	-8.039836e-17
105           	-5.627885e-17
106           	-3.939519e-17
107           	-2.757664e-17
108           	-1.930365e-17
109           	-1.351255e-17
110           	-9.458786e-18
111           	-6.621150e-18
112           	-4.634805e-18
113           	-3.244364e-18
114           	-2.271055e-18
115           	-1.589738e-18
116           	-1.112817e-18
117           	-7.789717e-19
118           	-5.452802e-19
119           	-3.816961e-19
120           	-2.671873e-19
121           	-1.870311e-19
122           	-1.309218e-19
123           	-9.164524e-20
124           	-6.415167e-20
125           	-4.490617e-20
126           	-3.143432e-20
127           	-2.200402e-20
128           	-1.540282e-20
129           	-1.078197e-20
130           	-7.547380e-21
131           	-5.283166e-21
132           	-3.698216e-21
133           	-2.588751e-21
134           	-1.812126e-21
135           	-1.268488e-21
136           	-8.879417e-22
137           	-6.215592e-22
138           	-4.350914e-22
139           	-3.045640e-22
140           	-2.131948e-22
141           	-1.492364e-22
142           	-1.044655e-22
143           	-7.312582e-23
144           	-5.118807e-23
145           	-3.583165e-23
146           	-2.508216e-23
147           	-1.755751e-23
148           	-1.229026e-23
149           	-8.603179e-24
150           	-6.022226e-24
151           	-4.215558e-24
152           	-2.950891e-24
153           	-2.065623e-24
154           	-1.445936e-24
155           	-1.012155e-24
156           	-7.085088e-25
157           	-4.959562e-25
158           	-3.471693e-25
159           	-2.430185e-25
160           	-1.701130e-25
161           	-1.190791e-25
162           	-8.335535e-26
163           	-5.834875e-26
164           	-4.084412e-26
165           	-2.859089e-26
166           	-2.001362e-26
167           	-1.400953e-26
168           	-9.806674e-27
169           	-6.864672e-27
170           	-4.805270e-27
171           	-3.363689e-27
172           	-2.354582e-27
173           	-1.648208e-27
174           	-1.153745e-27
175           	-8.076218e-28
176           	-5.653352e-28
177           	-3.957347e-28
178           	-2.770143e-28
179           	-1.939100e-28
180           	-1.357370e-28
181           	-9.501589e-29
182           	-6.651113e-29
183           	-4.655779e-29
184           	-3.259045e-29
185           	-2.281332e-29
186           	-1.596932e-29
187           	-1.117852e-29
188           	-7.824967e-30
189           	-5.477477e-30
190           	-3.834234e-30
191           	-2.683964e-30
192           	-1.878775e-30
193           	-1.315142e-30
194           	-9.205996e-31
195           	-6.444197e-31
196           	-4.510938e-31
197           	-3.157657e-31
198           	-2.210360e-31
199           	-1.547252e-31
200           	-1.083076e-31
201           	-7.581533e-32
202           	-5.307073e-32
203           	-3.714951e-32
204           	-2.600466e-32
205           	-1.820326e-32
206           	-1.274228e-32
207           	-8.919598e-33
208           	-6.243719e-33
209           	-4.370603e-33
210           	-3.059422e-33
211           	-2.141596e-33
212           	-1.499117e-33
213           	-1.049382e-33
214           	-7.345673e-34
215           	-5.141971e-34
216           	-3.599380e-34
217           	-2.519566e-34
218           	-1.763696e-34
219           	-1.234587e-34
220           	-8.642111e-35
221           	-6.049477e-35
222           	-4.234634e-35
223           	-2.964244e-35
224           	-2.074971e-35
225           	-1.452480e-35
226           	-1.016736e-35
227           	-7.117150e-36
228           	-4.982005e-36
229           	-3.487403e-36
230           	-2.441182e-36
231           	-1.708828e-36
232           	-1.196179e-36
233           	-8.373255e-37
234           	-5.861279e-37
235           	-4.102895e-37
236           	-2.872027e-37
237           	-2.010419e-37
238           	-1.407293e-37
239           	-9.851051e-38
240           	-6.895736e-38
241           	-4.827015e-38
242           	-3.378911e-38
243           	-2.365237e-38
244           	-1.655666e-38
245           	-1.158966e-38
246           	-8.112764e-39
247           	-5.678935e-39
248           	-3.975254e-39
249           	-2.782678e-39
250           	-1.947875e-39
251           	-1.363512e-39
252           	-9.544586e-40
253           	-6.681210e-40
254           	-4.676847e-40
255           	-3.273793e-40
256           	-2.291655e-40
257           	-1.604159e-40
258           	-1.122911e-40
259           	-7.860377e-41
260           	-5.502264e-41
261           	-3.851585e-41
262           	-2.696109e-41
263           	-1.887277e-41
264           	-1.321094e-41
265           	-9.247655e-42
266           	-6.473358e-42
267           	-4.531351e-42
268           	-3.171946e-42
269           	-2.220362e-42
270           	-1.554253e-42
271           	-1.087977e-42
272           	-7.615841e-43
273           	-5.331089e-43
274           	-3.731762e-43
275           	-2.612234e-43
276           	-1.828564e-43
277           	-1.279994e-43
278           	-8.959961e-44
279           	-6.271973e-44
280           	-4.390381e-44
281           	-3.073267e-44
282           	-2.151287e-44
283           	-1.505901e-44
284           	-1.054130e-44
285           	-7.378913e-45
286           	-5.165239e-45
287           	-3.615668e-45
288           	-2.530967e-45
289           	-1.771677e-45
290           	-1.240174e-45
291           	-8.681218e-46
292           	-6.076853e-46
293           	-4.253797e-46
294           	-2.977658e-46
295           	-2.084360e-46
296           	-1.459052e-46
297           	-1.021337e-46
298           	-7.149356e-47
299           	-5.004549e-47
300           	-3.503185e-47
301           	-2.452229e-47
302           	-1.716560e-47
303           	-1.201592e-47
304           	-8.411146e-48
305           	-5.887802e-48
306           	-4.121462e-48
307           	-2.885023e-48
308           	-2.019516e-48
309           	-1.413661e-48
310           	-9.895629e-49
311           	-6.926940e-49
312           	-4.848858e-49
313           	-3.394201e-49
314           	-2.375941e-49
315           	-1.663158e-49
316           	-1.164211e-49
317           	-8.149476e-50
318           	-5.704633e-50
319           	-3.993243e-50
320           	-2.795270e-50
321           	-1.956689e-50
322           	-1.369682e-50
323           	-9.587777e-51
324           	-6.711444e-51
325           	-4.698011e-51
326           	-3.288608e-51
327           	-2.302025e-51
328           	-1.611418e-51
329           	-1.127992e-51
330           	-7.895947e-52
331           	-5.527163e-52
332           	-3.869014e-52
333           	-2.708310e-52
334           	-1.895817e-52
335           	-1.327072e-52
336           	-9.289503e-53
337           	-6.502652e-53
338           	-4.551856e-53
339           	-3.186299e-53
340           	-2.230410e-53
341           	-1.561287e-53
342           	-1.092901e-53
343           	-7.650305e-54
344           	-5.355213e-54
345           	-3.748649e-54
346           	-2.624055e-54
347           	-1.836838e-54
348           	-1.285787e-54
349           	-9.000507e-55
350           	-6.300355e-55
351           	-4.410248e-55
352           	-3.087174e-55
353           	-2.161022e-55
354           	-1.512715e-55
355           	-1.058901e-55
356           	-7.412305e-56
357           	-5.188613e-56
358           	-3.632029e-56
359           	-2.542420e-56
360           	-1.779694e-56
361           	-1.245786e-56
362           	-8.720502e-57
363           	-6.104352e-57
364           	-4.273046e-57
365           	-2.991132e-57
366           	-2.093793e-57
367           	-1.465655e-57
368           	-1.025958e-57
369           	-7.181709e-58
370           	-5.027196e-58
371           	-3.519037e-58
372           	-2.463326e-58
373           	-1.724328e-58
374           	-1.207030e-58
375           	-8.449208e-59
376           	-5.914446e-59
377           	-4.140112e-59
378           	-2.898078e-59
379           	-2.028655e-59
380           	-1.420058e-59
381           	-9.940409e-60
382           	-6.958286e-60
383           	-4.870800e-60
384           	-3.409560e-60
385           	-2.386692e-60
386           	-1.670685e-60
387           	-1.169479e-60
388           	-8.186354e-61
389           	-5.730448e-61
390           	-4.011314e-61
391           	-2.807920e-61
392           	-1.965544e-61
393           	-1.375881e-61
394           	-9.631164e-62
395           	-6.741815e-62
396           	-4.719270e-62
397           	-3.303489e-62
398           	-2.312442e-62
399           	-1.618710e-62
400           	-1.133097e-62
401           	-7.931678e-63
402           	-5.552174e-63
403           	-3.886522e-63
404           	-2.720565e-63
405           	-1.904396e-63
406           	-1.333077e-63
407           	-9.331539e-64
408           	-6.532078e-64
409           	-4.572454e-64
410           	-3.200718e-64
411           	-2.240503e-64
412           	-1.568352e-64
413           	-1.097846e-64
414           	-7.684924e-65
415           	-5.379447e-65
416           	-3.765613e-65
417           	-2.635929e-65
418           	-1.845150e-65
419           	-1.291605e-65
420           	-9.041236e-66
421           	-6.328865e-66
422           	-4.430206e-66
423           	-3.101144e-66
424           	-2.170801e-66
425           	-1.519561e-66
426           	-1.063692e-66
427           	-7.445847e-67
428           	-5.212093e-67
429           	-3.648465e-67
430           	-2.553925e-67
431           	-1.787748e-67
432           	-1.251423e-67
433           	-8.759964e-68
434           	-6.131975e-68
435           	-4.292383e-68
436           	-3.004668e-68
437           	-2.103267e-68
438           	-1.472287e-68
439           	-1.030601e-68
440           	-7.214207e-69
441           	-5.049945e-69
442           	-3.534962e-69
443           	-2.474473e-69
444           	-1.732131e-69
445           	-1.212492e-69
446           	-8.487443e-70
447           	-5.941210e-70
448           	-4.158847e-70
449           	-2.911193e-70
450           	-2.037835e-70
451           	-1.426485e-70
452           	-9.985392e-71
453           	-6.989774e-71
454           	-4.892842e-71
455           	-3.424989e-71
456           	-2.397493e-71
457           	-1.678245e-71
458           	-1.174771e-71
459           	-8.223399e-72
460           	-5.756380e-72
461           	-4.029466e-72
462           	-2.820626e-72
463           	-1.974438e-72
464           	-1.382107e-72
465           	-9.674747e-73
466           	-6.772323e-73
467           	-4.740626e-73
468           	-3.318438e-73
469           	-2.322907e-73
470           	-1.626035e-73
471           	-1.138224e-73
472           	-7.967570e-74
473           	-5.577299e-74
474           	-3.904109e-74
475           	-2.732877e-74
476           	-1.913014e-74
477           	-1.339110e-74
478           	-9.373767e-75
479           	-6.561637e-75
480           	-4.593146e-75
481           	-3.215202e-75
482           	-2.250641e-75
483           	-1.575449e-75
484           	-1.102814e-75
485           	-7.719700e-76
486           	-5.403790e-76
487           	-3.782653e-76
488           	-2.647857e-76
489           	-1.853500e-76
490           	-1.297450e-76
491           	-9.082150e-77
492           	-6.357505e-77
493           	-4.450253e-77
494           	-3.115177e-77
495           	-2.180624e-77
496           	-1.526437e-77
497           	-1.068506e-77
498           	-7.479541e-78
499           	-5.235679e-78
500           	-3.664975e-78
501           	-2.565483e-78
502           	-1.795838e-78
503           	-1.257086e-78
504           	-8.799605e-79
505           	-6.159724e-79
506           	-4.311806e-79
507           	-3.018265e-79
508           	-2.112785e-79
509           	-1.478950e-79
510           	-1.035265e-79
511           	-7.246853e-80
512           	-5.072797e-80
513           	-3.550958e-80
514           	-2.485671e-80
515           	-1.739969e-80
516           	-1.217979e-80
517           	-8.525850e-81
518           	-5.968095e-81
519           	-4.177667e-81
520           	-2.924367e-81
521           	-2.047057e-81
522           	-1.432940e-81
523           	-1.003058e-81
524           	-7.021404e-82
525           	-4.914983e-82
526           	-3.440488e-82
527           	-2.408342e-82
528           	-1.685839e-82
529           	-1.180087e-82
530           	-8.260612e-83
531           	-5.782428e-83
532           	-4.047700e-83
533           	-2.833390e-83
534           	-1.983373e-83
535           	-1.388361e-83
536           	-9.718527e-84
537           	-6.802969e-84
538           	-4.762078e-84
539           	-3.333455e-84
540           	-2.333418e-84
541           	-1.633393e-84
542           	-1.143375e-84
543           	-8.003625e-85
544           	-5.602538e-85
545           	-3.921776e-85
546           	-2.745243e-85
547           	-1.921670e-85
548           	-1.345169e-85
549           	-9.416185e-86
550           	-6.591329e-86
551           	-4.613931e-86
552           	-3.229751e-86
553           	-2.260826e-86
554           	-1.582578e-86
555           	-1.107805e-86
556           	-7.754633e-87
557           	-5.428243e-87
558           	-3.799770e-87
559           	-2.659839e-87
560           	-1.861887e-87
561           	-1.303321e-87
562           	-9.123248e-88
563           	-6.386274e-88
564           	-4.470392e-88
565           	-3.129274e-88
566           	-2.190492e-88
567           	-1.533344e-88
568           	-1.073341e-88
569           	-7.513387e-89
570           	-5.259371e-89
571           	-3.681560e-89
572           	-2.577092e-89
573           	-1.803964e-89
574           	-1.262775e-89
575           	-8.839425e-90
576           	-6.187598e-90
577           	-4.331318e-90
578           	-3.031923e-90
579           	-2.122346e-90
580           	-1.485642e-90
581           	-1.039950e-90
582           	-7.279647e-91
583           	-5.095753e-91
584           	-3.567027e-91
585           	-2.496919e-91
586           	-1.747843e-91
587           	-1.223490e-91
588           	-8.564432e-92
589           	-5.995102e-92
590           	-4.196571e-92
591           	-2.937600e-92
592           	-2.056320e-92
593           	-1.439424e-92
594           	-1.007597e-92
595           	-7.053178e-93
596           	-4.937224e-93
597           	-3.456057e-93
598           	-2.419240e-93
599           	-1.693468e-93
600           	-1.185428e-93
601           	-8.297993e-94
602           	-5.808595e-94
603           	-4.066017e-94
604           	-2.846212e-94
605           	-1.992348e-94
606           	-1.394644e-94
607           	-9.762506e-95
608           	-6.833754e-95
609           	-4.783628e-95
610           	-3.348539e-95
611           	-2.343978e-95
612           	-1.640784e-95
613           	-1.148549e-95
614           	-8.039843e-96
615           	-5.627890e-96
616           	-3.939523e-96
617           	-2.757666e-96
618           	-1.930366e-96
619           	-1.351256e-96
620           	-9.458795e-97
621           	-6.621157e-97
622           	-4.634810e-97
623           	-3.244367e-97
624           	-2.271057e-97
625           	-1.589740e-97
626           	-1.112818e-97
627           	-7.789725e-98
628           	-5.452807e-98
629           	-3.816965e-98
630           	-2.671876e-98
631           	-1.870313e-98
632           	-1.309219e-98
633           	-9.164533e-99
634           	-6.415173e-99
635           	-4.490621e-99
636           	-3.143435e-99
637           	-2.200404e-99
638           	-1.540283e-99
639           	-1.078198e-99
640           	-7.547387e-100
641           	-5.283171e-100
642           	-3.698220e-100
643           	-2.588754e-100
644           	-1.812128e-100
645           	-1.268489e-100
646           	-8.879425e-101
647           	-6.215598e-101
648           	-4.350918e-101
649           	-3.045643e-101
650           	-2.131950e-101
651           	-1.492365e-101
652           	-1.044656e-101
653           	-7.312589e-102
654           	-5.118812e-102
655           	-3.583168e-102
656           	-2.508218e-102
657           	-1.755753e-102
658           	-1.229027e-102
659           	-8.603187e-103
660           	-6.022231e-103
661           	-4.215562e-103
662           	-2.950893e-103
663           	-2.065625e-103
664           	-1.445938e-103
665           	-1.012156e-103
666           	-7.085095e-104
667           	-4.959566e-104
668           	-3.471696e-104
669           	-2.430187e-104
670           	-1.701131e-104
671           	-1.190792e-104
672           	-8.335543e-105
673           	-5.834880e-105
674           	-4.084416e-105
675           	-2.859091e-105
676           	-2.001364e-105
677           	-1.400955e-105
678           	-9.806683e-106
679           	-6.864678e-106
680           	-4.805275e-106
681           	-3.363692e-106
682           	-2.354585e-106
683           	-1.648209e-106
684           	-1.153746e-106
685           	-8.076225e-107
686           	-5.653358e-107
687           	-3.957350e-107
688           	-2.770145e-107
689           	-1.939102e-107
690           	-1.357371e-107
691           	-9.501598e-108
692           	-6.651119e-108
693           	-4.655783e-108
694           	-3.259048e-108
695           	-2.281334e-108
696           	-1.596934e-108
697           	-1.117854e-108
698           	-7.824975e-109
699           	-5.477482e-109
700           	-3.834238e-109
701           	-2.683966e-109
702           	-1.878776e-109
703           	-1.315143e-109
704           	-9.206004e-110
705           	-6.444203e-110
706           	-4.510942e-110
707           	-3.157660e-110
708           	-2.210362e-110
709           	-1.547253e-110
710           	-1.083077e-110
711           	-7.581541e-111
712           	-5.307078e-111
713           	-3.714955e-111
714           	-2.600468e-111
715           	-1.820328e-111
716           	-1.274230e-111
717           	-8.919607e-112
718           	-6.243725e-112
719           	-4.370607e-112
720           	-3.059425e-112
721           	-2.141598e-112
722           	-1.499118e-112
723           	-1.049383e-112
724           	-7.345680e-113
725           	-5.141976e-113
726           	-3.599383e-113
727           	-2.519568e-113
728           	-1.763698e-113
729           	-1.234588e-113
730           	-8.642119e-114
731           	-6.049483e-114
732           	-4.234638e-114
733           	-2.964247e-114
734           	-2.074973e-114
735           	-1.452481e-114
736           	-1.016737e-114
737           	-7.117156e-115
738           	-4.982009e-115
739           	-3.487407e-115
740           	-2.441185e-115
741           	-1.708829e-115
742           	-1.196180e-115
743           	-8.373263e-116
744           	-5.861284e-116
745           	-4.102899e-116
746           	-2.872029e-116
747           	-2.010420e-116
748           	-1.407294e-116
749           	-9.851060e-117
750           	-6.895742e-117
751           	-4.827020e-117
752           	-3.378914e-117
753           	-2.365240e-117
754           	-1.655668e-117
755           	-1.158967e-117
756           	-8.112772e-118
757           	-5.678940e-118
758           	-3.975258e-118
759           	-2.782681e-118
760           	-1.947877e-118
761           	-1.363514e-118
762           	-9.544595e-119
763           	-6.681216e-119
764           	-4.676852e-119
765           	-3.273796e-119
766           	-2.291657e-119
767           	-1.604160e-119
768           	-1.122912e-119
769           	-7.860384e-120
770           	-5.502269e-120
771           	-3.851588e-120
772           	-2.696112e-120
773           	-1.887278e-120
774           	-1.321095e-120
775           	-9.247664e-121
776           	-6.473365e-121
777           	-4.531355e-121
778           	-3.171949e-121
779           	-2.220364e-121
780           	-1.554255e-121
781           	-1.087978e-121
782           	-7.615849e-122
783           	-5.331094e-122
784           	-3.731766e-122
785           	-2.612236e-122
786           	-1.828565e-122
787           	-1.279996e-122
788           	-8.959970e-123
789           	-6.271979e-123
790           	-4.390385e-123
791           	-3.073270e-123
792           	-2.151289e-123
793           	-1.505902e-123
794           	-1.054131e-123
795           	-7.378920e-124
796           	-5.165244e-124
797           	-3.615671e-124
798           	-2.530970e-124
799           	-1.771679e-124
800           	-1.240175e-124
801           	-8.681226e-125
802           	-6.076858e-125
803           	-4.253801e-125
804           	-2.977661e-125
805           	-2.084362e-125
806           	-1.459054e-125
807           	-1.021338e-125
808           	-7.149363e-126
809           	-5.004554e-126
810           	-3.503188e-126
811           	-2.452231e-126
812           	-1.716562e-126
813           	-1.201593e-126
814           	-8.411154e-127
815           	-5.887808e-127
816           	-4.121465e-127
817           	-2.885026e-127
818           	-2.019518e-127
819           	-1.413663e-127
820           	-9.895639e-128
821           	-6.926947e-128
822           	-4.848863e-128
823           	-3.394204e-128
824           	-2.375943e-128
825           	-1.663160e-128
826           	-1.164212e-128
827           	-8.149484e-129
828           	-5.704639e-129
829           	-3.993247e-129
830           	-2.795273e-129
831           	-1.956691e-129
832           	-1.369684e-129
833           	-9.587786e-130
834           	-6.711450e-130
835           	-4.698015e-130
836           	-3.288611e-130
837           	-2.302027e-130
838           	-1.611419e-130
839           	-1.127993e-130
840           	-7.895954e-131
841           	-5.527168e-131
842           	-3.869018e-131
843           	-2.708312e-131
844           	-1.895819e-131
845           	-1.327073e-131
846           	-9.289511e-132
847           	-6.502658e-132
848           	-4.551861e-132
849           	-3.186302e-132
850           	-2.230412e-132
851           	-1.561288e-132
852           	-1.092902e-132
853           	-7.650312e-133
854           	-5.355218e-133
855           	-3.748653e-133
856           	-2.624057e-133
857           	-1.836840e-133
858           	-1.285788e-133
859           	-9.000516e-134
860           	-6.300361e-134
861           	-4.410253e-134
862           	-3.087177e-134
863           	-2.161024e-134
864           	-1.512717e-134
865           	-1.058902e-134
866           	-7.412312e-135
867           	-5.188618e-135
868           	-3.632033e-135
869           	-2.542423e-135
870           	-1.779696e-135
871           	-1.245787e-135
872           	-8.720510e-136
873           	-6.104357e-136
874           	-4.273050e-136
875           	-2.991135e-136
876           	-2.093795e-136
877           	-1.465656e-136
878           	-1.025959e-136
879           	-7.181715e-137
880           	-5.027201e-137
881           	-3.519041e-137
882           	-2.463328e-137
883           	-1.724330e-137
884           	-1.207031e-137
885           	-8.449216e-138
886           	-5.914451e-138
887           	-4.140116e-138
888           	-2.898081e-138
889           	-2.028657e-138
890           	-1.420060e-138
891           	-9.940418e-139
892           	-6.958293e-139
893           	-4.870805e-139
894           	-3.409564e-139
895           	-2.386694e-139
896           	-1.670686e-139
897           	-1.169480e-139
898           	-8.186362e-140
899           	-5.730453e-140
900           	-4.011317e-140
901           	-2.807922e-140
902           	-1.965546e-140
903           	-1.375882e-140
904           	-9.631173e-141
905           	-6.741821e-141
906           	-4.719275e-141
907           	-3.303492e-141
908           	-2.312445e-141
909           	-1.618711e-141
910           	-1.133098e-141
911           	-7.931685e-142
912           	-5.552180e-142
913           	-3.886526e-142
914           	-2.720568e-142
915           	-1.904398e-142
916           	-1.333078e-142
917           	-9.331548e-143
918           	-6.532084e-143
919           	-4.572459e-143
920           	-3.200721e-143
921           	-2.240505e-143
922           	-1.568353e-143
923           	-1.097847e-143
924           	-7.684931e-144
925           	-5.379452e-144
926           	-3.765616e-144
927           	-2.635931e-144
928           	-1.845152e-144
929           	-1.291606e-144
930           	-9.041245e-145
931           	-6.328871e-145
932           	-4.430210e-145
933           	-3.101147e-145
934           	-2.170803e-145
935           	-1.519562e-145
936           	-1.063693e-145
937           	-7.445854e-146
938           	-5.212098e-146
939           	-3.648468e-146
940           	-2.553928e-146
941           	-1.787750e-146
942           	-1.251425e-146
943           	-8.759973e-147
944           	-6.131981e-147
945           	-4.292387e-147
946           	-3.004671e-147
947           	-2.103269e-147
948           	-1.472289e-147
949           	-1.030602e-147
950           	-7.214214e-148
951           	-5.049950e-148
952           	-3.534965e-148
953           	-2.474475e-148
954           	-1.732133e-148
955           	-1.212493e-148
956           	-8.487451e-149
957           	-5.941216e-149
958           	-4.158851e-149
959           	-2.911196e-149
960           	-2.037837e-149
961           	-1.426486e-149
962           	-9.985401e-150
963           	-6.989781e-150
964           	-4.892846e-150
965           	-3.424993e-150
966           	-2.397495e-150
967           	-1.678246e-150
968           	-1.174772e-150
969           	-8.223407e-151
970           	-5.756385e-151
971           	-4.029469e-151
972           	-2.820629e-151
973           	-1.974440e-151
974           	-1.382108e-151
975           	-9.674756e-152
976           	-6.772329e-152
977           	-4.740631e-152
978           	-3.318441e-152
979           	-2.322909e-152
980           	-1.626036e-152
981           	-1.138225e-152
982           	-7.967578e-153
983           	-5.577304e-153
984           	-3.904113e-153
985           	-2.732879e-153
986           	-1.913015e-153
987           	-1.339111e-153
988           	-9.373775e-154
989           	-6.561643e-154
990           	-4.593150e-154
991           	-3.215205e-154
992           	-2.250643e-154
993           	-1.575450e-154
994           	-1.102815e-154
995           	-7.719707e-155
996           	-5.403795e-155
997           	-3.782657e-155
998           	-2.647860e-155
999           	-1.853502e-155
1000          	-1.297451e-155
1001          	-9.082158e-156
1002          	-6.357511e-156
1003          	-4.450258e-156
1004          	-3.115180e-156
1005          	-2.180626e-156
1006          	-1.526438e-156
1007          	-1.068507e-156
1008          	-7.479548e-157
1009          	-5.235684e-157
1010          	-3.664978e-157
1011          	-2.565485e-157
1012          	-1.795839e-157
1013          	-1.257088e-157
1014          	-8.799613e-158
1015          	-6.159729e-158
1016          	-4.311811e-158
1017          	-3.018267e-158
1018          	-2.112787e-158
1019          	-1.478951e-158
1020          	-1.035266e-158
1021          	-7.246860e-159
1022          	-5.072802e-159
1023          	-3.550961e-159
1024          	-2.485673e-159
1025          	-1.739971e-159
1026          	-1.217980e-159
1027          	-8.525858e-160
1028          	-5.968101e-160
1029          	-4.177671e-160
1030          	-2.924369e-160
1031          	-2.047059e-160
1032          	-1.432941e-160
1033          	-1.003059e-160
1034          	-7.021411e-161
1035          	-4.914988e-161
1036          	-3.440491e-161
1037          	-2.408344e-161
1038          	-1.685841e-161
1039          	-1.180089e-161
1040          	-8.260620e-162
1041          	-5.782434e-162
1042          	-4.047704e-162
1043          	-2.833393e-162
1044          	-1.983375e-162
1045          	-1.388362e-162
1046          	-9.718536e-163
1047          	-6.802976e-163
1048          	-4.762083e-163
1049          	-3.333458e-163
1050          	-2.333421e-163
1051          	-1.633394e-163
1052          	-1.143376e-163
1053          	-8.003633e-164
1054          	-5.602543e-164
1055          	-3.921780e-164
1056          	-2.745246e-164
1057          	-1.921672e-164
1058          	-1.345171e-164
1059          	-9.416194e-165
1060          	-6.591336e-165
1061          	-4.613935e-165
1062          	-3.229754e-165
1063          	-2.260828e-165
1064          	-1.582580e-165
1065          	-1.107806e-165
1066          	-7.754640e-166
1067          	-5.428248e-166
1068          	-3.799774e-166
1069          	-2.659842e-166
1070          	-1.861889e-166
1071          	-1.303322e-166
1072          	-9.123257e-167
1073          	-6.386280e-167
1074          	-4.470396e-167
1075          	-3.129277e-167
1076          	-2.190494e-167
1077          	-1.533346e-167
1078          	-1.073342e-167
1079          	-7.513394e-168
1080          	-5.259376e-168
1081          	-3.681563e-168
1082          	-2.577094e-168
1083          	-1.803966e-168
1084          	-1.262776e-168
1085          	-8.839433e-169
1086          	-6.187603e-169
1087          	-4.331322e-169
1088          	-3.031926e-169
1089          	-2.122348e-169
1090          	-1.485644e-169
1091          	-1.039951e-169
1092          	-7.279654e-170
1093          	-5.095757e-170
1094          	-3.567030e-170
1095          	-2.496921e-170
1096          	-1.747845e-170
1097          	-1.223491e-170
1098          	-8.564440e-171
1099          	-5.995108e-171
1100          	-4.196575e-171
1101          	-2.937603e-171
1102          	-2.056322e-171
1103          	-1.439425e-171
1104          	-1.007598e-171
1105          	-7.053184e-172
1106          	-4.937229e-172
1107          	-3.456060e-172
1108          	-2.419242e-172
1109          	-1.693470e-172
1110          	-1.185429e-172
1111          	-8.298001e-173
1112          	-5.808601e-173
1113          	-4.066020e-173
1114          	-2.846214e-173
1115          	-1.992350e-173
1116          	-1.394645e-173
1117          	-9.762515e-174
1118          	-6.833760e-174
1119          	-4.783632e-174
1120          	-3.348543e-174
1121          	-2.343980e-174
1122          	-1.640786e-174
1123          	-1.148550e-174
1124          	-8.039851e-175
1125          	-5.627896e-175
1126          	-3.939527e-175
1127          	-2.757669e-175
1128          	-1.930368e-175
1129          	-1.351258e-175
1130          	-9.458804e-176
1131          	-6.621163e-176
1132          	-4.634814e-176
1133          	-3.244370e-176
1134          	-2.271059e-176
1135          	-1.589741e-176
1136          	-1.112819e-176
1137          	-7.789732e-177
1138          	-5.452812e-177
1139          	-3.816969e-177
1140          	-2.671878e-177
1141          	-1.870315e-177
1142          	-1.309220e-177
1143          	-9.164542e-178
1144          	-6.415179e-178
1145          	-4.490625e-178
1146          	-3.143438e-178
1147          	-2.200406e-178
1148          	-1.540285e-178
1149          	-1.078199e-178
1150          	-7.547394e-179
1151          	-5.283176e-179
1152          	-3.698223e-179
1153          	-2.588756e-179
1154          	-1.812129e-179
1155          	-1.268491e-179
1156          	-8.879434e-180
1157          	-6.215604e-180
1158          	-4.350923e-180
1159          	-3.045646e-180
1160          	-2.131952e-180
1161          	-1.492366e-180
1162          	-1.044656e-180
1163          	-7.312595e-181
1164          	-5.118817e-181
1165          	-3.583172e-181
1166          	-2.508220e-181
1167          	-1.755754e-181
1168          	-1.229028e-181
1169          	-8.603195e-182
1170          	-6.022237e-182
1171          	-4.215566e-182
1172          	-2.950896e-182
1173          	-2.065627e-182
1174          	-1.445939e-182
1175          	-1.012157e-182
1176          	-7.085101e-183
1177          	-4.959571e-183
1178          	-3.471700e-183
1179          	-2.430190e-183
1180          	-1.701133e-183
1181          	-1.190793e-183
1182          	-8.335551e-184
1183          	-5.834886e-184
1184          	-4.084420e-184
1185          	-2.859094e-184
1186          	-2.001366e-184
1187          	-1.400956e-184
1188          	-9.806692e-185
1189          	-6.864685e-185
1190          	-4.805279e-185
1191          	-3.363695e-185
1192          	-2.354587e-185
1193          	-1.648211e-185
1194          	-1.153748e-185
1195          	-8.076233e-186
1196          	-5.653363e-186
1197          	-3.957354e-186
1198          	-2.770148e-186
1199          	-1.939103e-186
1200          	-1.357372e-186
1201          	-9.501607e-187
1202          	-6.651125e-187
1203          	-4.655787e-187
1204          	-3.259051e-187
1205          	-2.281336e-187
1206          	-1.596935e-187
1207          	-1.117855e-187
1208          	-7.824982e-188
1209          	-5.477487e-188
1210          	-3.834241e-188
1211          	-2.683969e-188
1212          	-1.878778e-188
1213          	-1.315145e-188
1214          	-9.206013e-189
1215          	-6.444209e-189
1216          	-4.510946e-189
1217          	-3.157663e-189
1218          	-2.210364e-189
1219          	-1.547255e-189
1220          	-1.083078e-189
1221          	-7.581548e-190
1222          	-5.307083e-190
1223          	-3.714958e-190
1224          	-2.600471e-190
1225          	-1.820330e-190
1226          	-1.274231e-190
1227          	-8.919615e-191
1228          	-6.243731e-191
1229          	-4.370611e-191
1230          	-3.059428e-191
1231          	-2.141600e-191
1232          	-1.499120e-191
1233          	-1.049384e-191
1234          	-7.345687e-192
1235          	-5.141981e-192
1236          	-3.599386e-192
1237          	-2.519570e-192
1238          	-1.763699e-192
1239          	-1.234590e-192
1240          	-8.642127e-193
1241          	-6.049489e-193
1242          	-4.234642e-193
1243          	-2.964249e-193
1244          	-2.074975e-193
1245          	-1.452482e-193
1246          	-1.016738e-193
1247          	-7.117163e-194
1248          	-4.982014e-194
1249          	-3.487410e-194
1250          	-2.441187e-194
1251          	-1.708831e-194
1252          	-1.196182e-194
1253          	-8.373271e-195
1254          	-5.861290e-195
1255          	-4.102903e-195
1256          	-2.872032e-195
1257          	-2.010422e-195
1258          	-1.407296e-195
1259          	-9.851070e-196
1260          	-6.895749e-196
1261          	-4.827024e-196
1262          	-3.378917e-196
1263          	-2.365242e-196
1264          	-1.655669e-196
1265          	-1.158968e-196
1266          	-8.112779e-197
1267          	-5.678946e-197
1268          	-3.975262e-197
1269          	-2.782683e-197
1270          	-1.947878e-197
1271          	-1.363515e-197
1272          	-9.544604e-198
1273          	-6.681223e-198
1274          	-4.676856e-198
1275          	-3.273799e-198
1276          	-2.291659e-198
1277          	-1.604162e-198
1278          	-1.122913e-198
1279          	-7.860392e-199
1280          	-5.502274e-199
1281          	-3.851592e-199
1282          	-2.696114e-199
1283          	-1.887280e-199
1284          	-1.321096e-199
1285          	-9.247672e-200
1286          	-6.473371e-200
1287          	-4.531359e-200
1288          	-3.171952e-200
1289          	-2.220366e-200
1290          	-1.554256e-200
1291          	-1.087979e-200
1292          	-7.615856e-201
1293          	-5.331099e-201
1294          	-3.731769e-201
1295          	-2.612239e-201
1296          	-1.828567e-201
1297          	-1.279997e-201
1298          	-8.959978e-202
1299          	-6.271985e-202
1300          	-4.390389e-202
1301          	-3.073273e-202
1302          	-2.151291e-202
1303          	-1.505904e-202
1304          	-1.054132e-202
1305          	-7.378927e-203
1306          	-5.165249e-203
1307          	-3.615674e-203
1308          	-2.530972e-203
1309          	-1.771680e-203
1310          	-1.240176e-203
1311          	-8.681234e-204
1312          	-6.076864e-204
1313          	-4.253805e-204
1314          	-2.977663e-204
1315          	-2.084364e-204
1316          	-1.459055e-204
1317          	-1.021339e-204
1318          	-7.149370e-205
1319          	-5.004559e-205
1320          	-3.503191e-205
1321          	-2.452234e-205
1322          	-1.716564e-205
1323          	-1.201595e-205
1324          	-8.411162e-206
1325          	-5.887813e-206
1326          	-4.121469e-206
1327          	-2.885029e-206
1328          	-2.019520e-206
1329          	-1.413664e-206
1330          	-9.895648e-207
1331          	-6.926953e-207
1332          	-4.848867e-207
1333          	-3.394207e-207
1334          	-2.375945e-207
1335          	-1.663162e-207
1336          	-1.164213e-207
1337          	-8.149492e-208
1338          	-5.704644e-208
1339          	-3.993251e-208
1340          	-2.795276e-208
1341          	-1.956693e-208
1342          	-1.369685e-208
1343          	-9.587795e-209
1344          	-6.711457e-209
1345          	-4.698020e-209
1346          	-3.288614e-209
1347          	-2.302030e-209
1348          	-1.611421e-209
1349          	-1.127995e-209
1350          	-7.895962e-210
1351          	-5.527173e-210
1352          	-3.869021e-210
1353          	-2.708315e-210
1354          	-1.895820e-210
1355          	-1.327074e-210
1356          	-9.289520e-211
1357          	-6.502664e-211
1358          	-4.551865e-211
1359          	-3.186305e-211
1360          	-2.230414e-211
1361          	-1.561290e-211
1362          	-1.092903e-211
1363          	-7.650319e-212
1364          	-5.355223e-212
1365          	-3.748656e-212
1366          	-2.624059e-212
1367          	-1.836842e-212
1368          	-1.285789e-212
1369          	-9.000524e-213
1370          	-6.300367e-213
1371          	-4.410257e-213
1372          	-3.087180e-213
1373          	-2.161026e-213
1374          	-1.512718e-213
1375          	-1.058903e-213
1376          	-7.412319e-214
1377          	-5.188623e-214
1378          	-3.632036e-214
1379          	-2.542425e-214
1380          	-1.779698e-214
1381          	-1.245788e-214
1382          	-8.720519e-215
1383          	-6.104363e-215
1384          	-4.273054e-215
1385          	-2.991138e-215
1386          	-2.093797e-215
1387          	-1.465658e-215
1388          	-1.025960e-215
1389          	-7.181722e-216
1390          	-5.027205e-216
1391          	-3.519044e-216
1392          	-2.463331e-216
1393          	-1.724331e-216
1394          	-1.207032e-216
1395          	-8.449224e-217
1396          	-5.914457e-217
1397          	-4.140120e-217
1398          	-2.898084e-217
1399          	-2.028659e-217
1400          	-1.420061e-217
1401          	-9.940428e-218
1402          	-6.958299e-218
1403          	-4.870810e-218
1404          	-3.409567e-218
1405          	-2.386697e-218
1406          	-1.670688e-218
1407          	-1.169481e-218
1408          	-8.186370e-219
1409          	-5.730459e-219
1410          	-4.011321e-219
1411          	-2.807925e-219
1412          	-1.965547e-219
1413          	-1.375883e-219
1414          	-9.631182e-220
1415          	-6.741827e-220
1416          	-4.719279e-220
1417          	-3.303495e-220
1418          	-2.312447e-220
1419          	-1.618713e-220
1420          	-1.133099e-220
1421          	-7.931693e-221
1422          	-5.552185e-221
1423          	-3.886529e-221
1424          	-2.720571e-221
1425          	-1.904399e-221
1426          	-1.333080e-221
1427          	-9.331557e-222
1428          	-6.532090e-222
1429          	-4.572463e-222
1430          	-3.200724e-222
1431          	-2.240507e-222
1432          	-1.568355e-222
1433          	-1.097848e-222
1434          	-7.684938e-223
1435          	-5.379457e-223
1436          	-3.765620e-223
1437          	-2.635934e-223
1438          	-1.845154e-223
1439          	-1.291608e-223
1440          	-9.041253e-224
1441          	-6.328877e-224
1442          	-4.430214e-224
1443          	-3.101150e-224
1444          	-2.170805e-224
1445          	-1.519563e-224
1446          	-1.063694e-224
1447          	-7.445861e-225
1448          	-5.212103e-225
1449          	-3.648472e-225
1450          	-2.553930e-225
1451          	-1.787751e-225
1452          	-1.251426e-225
1453          	-8.759981e-226
1454          	-6.131987e-226
1455          	-4.292391e-226
1456          	-3.004673e-226
1457          	-2.103271e-226
1458          	-1.472290e-226
1459          	-1.030603e-226
1460          	-7.214221e-227
1461          	-5.049955e-227
1462          	-3.534968e-227
1463          	-2.474478e-227
1464          	-1.732134e-227
1465          	-1.212494e-227
1466          	-8.487459e-228
1467          	-5.941221e-228
1468          	-4.158855e-228
1469          	-2.911198e-228
1470          	-2.037839e-228
1471          	-1.426487e-228
1472          	-9.985410e-229
1473          	-6.989787e-229
1474          	-4.892851e-229
1475          	-3.424996e-229
1476          	-2.397497e-229
1477          	-1.678248e-229
1478          	-1.174774e-229
1479          	-8.223415e-230
1480          	-5.756390e-230
1481          	-4.029473e-230
1482          	-2.820631e-230
1483          	-1.974442e-230
1484          	-1.382109e-230
1485          	-9.674765e-231
1486          	-6.772336e-231
1487          	-4.740635e-231
1488          	-3.318444e-231
1489          	-2.322911e-231
1490          	-1.626038e-231
1491          	-1.138226e-231
1492          	-7.967585e-232
1493          	-5.577310e-232
1494          	-3.904117e-232
1495          	-2.732882e-232
1496          	-1.913017e-232
1497          	-1.339112e-232
1498          	-9.373784e-233
1499          	-6.561649e-233
1500          	-4.593154e-233
1501          	-3.215208e-233
1502          	-2.250646e-233
1503          	-1.575452e-233
1504          	-1.102816e-233
1505          	-7.719714e-234
1506          	-5.403800e-234
1507          	-3.782660e-234
1508          	-2.647862e-234
1509          	-1.853503e-234
1510          	-1.297452e-234
1511          	-9.082167e-235
1512          	-6.357517e-235
1513          	-4.450262e-235
1514          	-3.115183e-235
1515          	-2.180628e-235
1516          	-1.526440e-235
1517          	-1.068508e-235
1518          	-7.479555e-236
1519          	-5.235688e-236
1520          	-3.664982e-236
1521          	-2.565487e-236
1522          	-1.795841e-236
1523          	-1.257089e-236
1524          	-8.799622e-237
1525          	-6.159735e-237
1526          	-4.311815e-237
1527          	-3.018270e-237
1528          	-2.112789e-237
1529          	-1.478952e-237
1530          	-1.035267e-237
1531          	-7.246867e-238
1532          	-5.072807e-238
1533          	-3.550965e-238
1534          	-2.485675e-238
1535          	-1.739973e-238
1536          	-1.217981e-238
1537          	-8.525866e-239
1538          	-5.968106e-239
1539          	-4.177674e-239
1540          	-2.924372e-239
1541          	-2.047060e-239
1542          	-1.432942e-239
1543          	-1.003060e-239
1544          	-7.021417e-240
1545          	-4.914992e-240
1546          	-3.440495e-240
1547          	-2.408346e-240
1548          	-1.685842e-240
1549          	-1.180090e-240
1550          	-8.260627e-241
1551          	-5.782439e-241
1552          	-4.047707e-241
1553          	-2.833395e-241
1554          	-1.983377e-241
1555          	-1.388364e-241
1556          	-9.718546e-242
1557          	-6.802982e-242
1558          	-4.762087e-242
1559          	-3.333461e-242
1560          	-2.333423e-242
1561          	-1.633396e-242
1562          	-1.143377e-242
1563          	-8.003640e-243
1564          	-5.602548e-243
1565          	-3.921784e-243
1566          	-2.745249e-243
1567          	-1.921674e-243
1568          	-1.345172e-243
1569          	-9.416203e-244
1570          	-6.591342e-244
1571          	-4.613939e-244
1572          	-3.229757e-244
1573          	-2.260830e-244
1574          	-1.582581e-244
1575          	-1.107807e-244
1576          	-7.754648e-245
1577          	-5.428253e-245
1578          	-3.799777e-245
1579          	-2.659844e-245
1580          	-1.861891e-245
1581          	-1.303324e-245
1582          	-9.123266e-246
1583          	-6.386286e-246
1584          	-4.470400e-246
1585          	-3.129280e-246
1586          	-2.190496e-246
1587          	-1.533347e-246
1588          	-1.073343e-246
1589          	-7.513401e-247
1590          	-5.259381e-247
1591          	-3.681567e-247
1592          	-2.577097e-247
1593          	-1.803968e-247
1594          	-1.262777e-247
1595          	-8.839442e-248
1596          	-6.187609e-248
1597          	-4.331326e-248
1598          	-3.031929e-248
1599          	-2.122350e-248
1600          	-1.485645e-248
1601          	-1.039951e-248
1602          	-7.279660e-249
1603          	-5.095762e-249
1604          	-3.567034e-249
1605          	-2.496923e-249
1606          	-1.747846e-249
1607          	-1.223493e-249
1608          	-8.564448e-250
1609          	-5.995113e-250
1610          	-4.196579e-250
1611          	-2.937606e-250
1612          	-2.056324e-250
1613          	-1.439427e-250
1614          	-1.007599e-250
1615          	-7.053191e-251
1616          	-4.937234e-251
1617          	-3.456064e-251
1618          	-2.419244e-251
1619          	-1.693471e-251
1620          	-1.185430e-251
1621          	-8.298009e-252
1622          	-5.808606e-252
1623          	-4.066024e-252
1624          	-2.846217e-252
1625          	-1.992352e-252
1626          	-1.394646e-252
1627          	-9.762524e-253
1628          	-6.833767e-253
1629          	-4.783637e-253
1630          	-3.348546e-253
1631          	-2.343982e-253
1632          	-1.640787e-253
1633          	-1.148551e-253
1634          	-8.039858e-254
1635          	-5.627901e-254
1636          	-3.939531e-254
1637          	-2.757671e-254
1638          	-1.930370e-254
1639          	-1.351259e-254
1640          	-9.458813e-255
1641          	-6.621169e-255
1642          	-4.634818e-255
1643          	-3.244373e-255
1644          	-2.271061e-255
1645          	-1.589743e-255
1646          	-1.112820e-255
1647          	-7.789739e-256
1648          	-5.452817e-256
1649          	-3.816972e-256
1650          	-2.671881e-256
1651          	-1.870316e-256
1652          	-1.309221e-256
1653          	-9.164550e-257
1654          	-6.415185e-257
1655          	-4.490630e-257
1656          	-3.143441e-257
1657          	-2.200409e-257
1658          	-1.540286e-257
1659          	-1.078200e-257
1660          	-7.547401e-258
1661          	-5.283181e-258
1662          	-3.698227e-258
1663          	-2.588759e-258
1664          	-1.812131e-258
1665          	-1.268492e-258
1666          	-8.879442e-259
1667          	-6.215609e-259
1668          	-4.350927e-259
1669          	-3.045649e-259
1670          	-2.131954e-259
1671          	-1.492368e-259
1672          	-1.044657e-259
1673          	-7.312602e-260
1674          	-5.118822e-260
1675          	-3.583175e-260
1676          	-2.508223e-260
1677          	-1.755756e-260
1678          	-1.229029e-260
1679          	-8.603204e-261
1680          	-6.022242e-261
1681          	-4.215570e-261
1682          	-2.950899e-261
1683          	-2.065629e-261
1684          	-1.445940e-261
1685          	-1.012158e-261
1686          	-7.085108e-262
1687          	-4.959576e-262
1688          	-3.471703e-262
1689          	-2.430192e-262
1690          	-1.701134e-262
1691          	-1.190794e-262
1692          	-8.335559e-263
1693          	-5.834891e-263
1694          	-4.084424e-263
1695          	-2.859097e-263
1696          	-2.001368e-263
1697          	-1.400957e-263
1698          	-9.806702e-264
1699          	-6.864691e-264
1700          	-4.805284e-264
1701          	-3.363699e-264
1702          	-2.354589e-264
1703          	-1.648212e-264
1704          	-1.153749e-264
1705          	-8.076240e-265
1706          	-5.653368e-265
1707          	-3.957358e-265
1708          	-2.770150e-265
1709          	-1.939105e-265
1710          	-1.357374e-265
1711          	-9.501616e-266
1712          	-6.651131e-266
1713          	-4.655792e-266
1714          	-3.259054e-266
1715          	-2.281338e-266
1716          	-1.596937e-266
1717          	-1.117856e-266
1718          	-7.824989e-267
1719          	-5.477493e-267
1720          	-3.834245e-267
1721          	-2.683971e-267
1722          	-1.878780e-267
1723          	-1.315146e-267
1724          	-9.206022e-268
1725          	-6.444215e-268
1726          	-4.510951e-268
1727          	-3.157665e-268
1728          	-2.210366e-268
1729          	-1.547256e-268
1730          	-1.083079e-268
1731          	-7.581555e-269
1732          	-5.307088e-269
1733          	-3.714962e-269
1734          	-2.600473e-269
1735          	-1.820331e-269
1736          	-1.274232e-269
1737          	-8.919623e-270
1738          	-6.243736e-270
1739          	-4.370615e-270
1740          	-3.059431e-270
1741          	-2.141602e-270
1742          	-1.499121e-270
1743          	-1.049385e-270
1744          	-7.345693e-271
1745          	-5.141985e-271
1746          	-3.599390e-271
1747          	-2.519573e-271
1748          	-1.763701e-271
1749          	-1.234591e-271
1750          	-8.642135e-272
1751          	-6.049494e-272
1752          	-4.234646e-272
1753          	-2.964252e-272
1754          	-2.074977e-272
1755          	-1.452484e-272
1756          	-1.016739e-272
1757          	-7.117170e-273
1758          	-4.982019e-273
1759          	-3.487413e-273
1760          	-2.441189e-273
1761          	-1.708832e-273
1762          	-1.196183e-273
1763          	-8.373279e-274
1764          	-5.861295e-274
1765          	-4.102907e-274
1766          	-2.872035e-274
1767          	-2.010424e-274
1768          	-1.407297e-274
1769          	-9.851079e-275
