# Region type : patch ent
# Faces  :    226
# Area   :    1.250000e-07
# Time        	areaAverage(p)
0             	0.000000e+00
1             	0.000000e+00
2             	0.000000e+00
3             	0.000000e+00
4             	-1.081206e-01
5             	-1.001388e-01
6             	-8.957653e-02
7             	-6.771603e-02
8             	-6.349602e-02
9             	-5.094593e-02
10            	-3.595018e-02
11            	-2.516512e-02
12            	-1.761559e-02
13            	-1.233091e-02
14            	-8.631637e-03
15            	-6.042146e-03
16            	-4.229502e-03
17            	-2.960652e-03
18            	-2.072456e-03
19            	-1.450719e-03
20            	-1.015503e-03
21            	-7.108524e-04
22            	-4.975967e-04
23            	-3.483177e-04
24            	-2.438224e-04
25            	-1.706757e-04
26            	-1.194730e-04
27            	-8.363108e-05
28            	-5.854175e-05
29            	-4.097923e-05
30            	-2.868546e-05
31            	-2.007982e-05
32            	-1.405588e-05
33            	-9.839113e-06
34            	-6.887379e-06
35            	-4.821165e-06
36            	-3.374816e-06
37            	-2.362371e-06
38            	-1.653660e-06
39            	-1.157562e-06
40            	-8.102932e-07
41            	-5.672053e-07
42            	-3.970437e-07
43            	-2.779306e-07
44            	-1.945514e-07
45            	-1.361860e-07
46            	-9.533019e-08
47            	-6.673113e-08
48            	-4.671179e-08
49            	-3.269825e-08
50            	-2.288878e-08
51            	-1.602214e-08
52            	-1.121550e-08
53            	-7.850851e-09
54            	-5.495596e-09
55            	-3.846917e-09
56            	-2.692842e-09
57            	-1.884989e-09
58            	-1.319493e-09
59            	-9.236448e-10
60            	-6.465513e-10
61            	-4.525859e-10
62            	-3.168102e-10
63            	-2.217671e-10
64            	-1.552370e-10
65            	-1.086659e-10
66            	-7.606612e-11
67            	-5.324628e-11
68            	-3.727240e-11
69            	-2.609068e-11
70            	-1.826348e-11
71            	-1.278443e-11
72            	-8.949103e-12
73            	-6.264372e-12
74            	-4.385060e-12
75            	-3.069542e-12
76            	-2.148680e-12
77            	-1.504076e-12
78            	-1.052853e-12
79            	-7.369971e-13
80            	-5.158980e-13
81            	-3.611286e-13
82            	-2.527900e-13
83            	-1.769530e-13
84            	-1.238671e-13
85            	-8.670697e-14
86            	-6.069488e-14
87            	-4.248642e-14
88            	-2.974049e-14
89            	-2.081834e-14
90            	-1.457284e-14
91            	-1.020099e-14
92            	-7.140692e-15
93            	-4.998484e-15
94            	-3.498939e-15
95            	-2.449257e-15
96            	-1.714480e-15
97            	-1.200136e-15
98            	-8.400953e-16
99            	-5.880667e-16
100           	-4.116467e-16
101           	-2.881527e-16
102           	-2.017069e-16
103           	-1.411948e-16
104           	-9.883637e-17
105           	-6.918546e-17
106           	-4.842982e-17
107           	-3.390087e-17
108           	-2.373061e-17
109           	-1.661143e-17
110           	-1.162800e-17
111           	-8.139600e-18
112           	-5.697720e-18
113           	-3.988404e-18
114           	-2.791883e-18
115           	-1.954318e-18
116           	-1.368023e-18
117           	-9.576158e-19
118           	-6.703311e-19
119           	-4.692317e-19
120           	-3.284622e-19
121           	-2.299236e-19
122           	-1.609465e-19
123           	-1.126625e-19
124           	-7.886378e-20
125           	-5.520464e-20
126           	-3.864325e-20
127           	-2.705028e-20
128           	-1.893519e-20
129           	-1.325464e-20
130           	-9.278245e-21
131           	-6.494771e-21
132           	-4.546340e-21
133           	-3.182438e-21
134           	-2.227707e-21
135           	-1.559395e-21
136           	-1.091576e-21
137           	-7.641033e-22
138           	-5.348723e-22
139           	-3.744106e-22
140           	-2.620874e-22
141           	-1.834612e-22
142           	-1.284228e-22
143           	-8.989599e-23
144           	-6.292720e-23
145           	-4.404904e-23
146           	-3.083433e-23
147           	-2.158403e-23
148           	-1.510882e-23
149           	-1.057617e-23
150           	-7.403322e-24
151           	-5.182325e-24
152           	-3.627628e-24
153           	-2.539339e-24
154           	-1.777538e-24
155           	-1.244276e-24
156           	-8.709934e-25
157           	-6.096954e-25
158           	-4.267868e-25
159           	-2.987507e-25
160           	-2.091255e-25
161           	-1.463879e-25
162           	-1.024715e-25
163           	-7.173005e-26
164           	-5.021104e-26
165           	-3.514772e-26
166           	-2.460341e-26
167           	-1.722239e-26
168           	-1.205567e-26
169           	-8.438969e-27
170           	-5.907278e-27
171           	-4.135095e-27
172           	-2.894566e-27
173           	-2.026196e-27
174           	-1.418337e-27
175           	-9.928362e-28
176           	-6.949854e-28
177           	-4.864898e-28
178           	-3.405428e-28
179           	-2.383800e-28
180           	-1.668660e-28
181           	-1.168062e-28
182           	-8.176433e-29
183           	-5.723503e-29
184           	-4.006452e-29
185           	-2.804517e-29
186           	-1.963162e-29
187           	-1.374213e-29
188           	-9.619492e-30
189           	-6.733644e-30
190           	-4.713551e-30
191           	-3.299486e-30
192           	-2.309640e-30
193           	-1.616748e-30
194           	-1.131724e-30
195           	-7.922065e-31
196           	-5.545446e-31
197           	-3.881812e-31
198           	-2.717268e-31
199           	-1.902088e-31
200           	-1.331462e-31
201           	-9.320231e-32
202           	-6.524161e-32
203           	-4.566913e-32
204           	-3.196839e-32
205           	-2.237787e-32
206           	-1.566451e-32
207           	-1.096516e-32
208           	-7.675611e-33
209           	-5.372927e-33
210           	-3.761049e-33
211           	-2.632734e-33
212           	-1.842914e-33
213           	-1.290040e-33
214           	-9.030279e-34
215           	-6.321195e-34
216           	-4.424837e-34
217           	-3.097386e-34
218           	-2.168170e-34
219           	-1.517719e-34
220           	-1.062403e-34
221           	-7.436823e-35
222           	-5.205776e-35
223           	-3.644043e-35
224           	-2.550830e-35
225           	-1.785581e-35
226           	-1.249907e-35
227           	-8.749348e-36
228           	-6.124544e-36
229           	-4.287181e-36
230           	-3.001026e-36
231           	-2.100718e-36
232           	-1.470503e-36
233           	-1.029352e-36
234           	-7.205464e-37
235           	-5.043825e-37
236           	-3.530678e-37
237           	-2.471474e-37
238           	-1.730032e-37
239           	-1.211022e-37
240           	-8.477157e-38
241           	-5.934010e-38
242           	-4.153807e-38
243           	-2.907665e-38
244           	-2.035365e-38
245           	-1.424756e-38
246           	-9.973290e-39
247           	-6.981303e-39
248           	-4.886912e-39
249           	-3.420839e-39
250           	-2.394587e-39
251           	-1.676211e-39
252           	-1.173348e-39
253           	-8.213433e-40
254           	-5.749403e-40
255           	-4.024582e-40
256           	-2.817208e-40
257           	-1.972045e-40
258           	-1.380432e-40
259           	-9.663022e-41
260           	-6.764116e-41
261           	-4.734881e-41
262           	-3.314417e-41
263           	-2.320092e-41
264           	-1.624064e-41
265           	-1.136845e-41
266           	-7.957914e-42
267           	-5.570540e-42
268           	-3.899378e-42
269           	-2.729565e-42
270           	-1.910695e-42
271           	-1.337487e-42
272           	-9.362407e-43
273           	-6.553685e-43
274           	-4.587579e-43
275           	-3.211305e-43
276           	-2.247914e-43
277           	-1.573540e-43
278           	-1.101478e-43
279           	-7.710344e-44
280           	-5.397241e-44
281           	-3.778069e-44
282           	-2.644648e-44
283           	-1.851254e-44
284           	-1.295878e-44
285           	-9.071143e-45
286           	-6.349800e-45
287           	-4.444860e-45
288           	-3.111402e-45
289           	-2.177981e-45
290           	-1.524587e-45
291           	-1.067211e-45
292           	-7.470476e-46
293           	-5.229333e-46
294           	-3.660533e-46
295           	-2.562373e-46
296           	-1.793661e-46
297           	-1.255563e-46
298           	-8.788941e-47
299           	-6.152259e-47
300           	-4.306581e-47
301           	-3.014607e-47
302           	-2.110225e-47
303           	-1.477157e-47
304           	-1.034010e-47
305           	-7.238071e-48
306           	-5.066649e-48
307           	-3.546655e-48
308           	-2.482658e-48
309           	-1.737861e-48
310           	-1.216503e-48
311           	-8.515518e-49
312           	-5.960862e-49
313           	-4.172604e-49
314           	-2.920823e-49
315           	-2.044576e-49
316           	-1.431203e-49
317           	-1.001842e-49
318           	-7.012895e-50
319           	-4.909027e-50
320           	-3.436319e-50
321           	-2.405423e-50
322           	-1.683796e-50
323           	-1.178657e-50
324           	-8.250601e-51
325           	-5.775421e-51
326           	-4.042794e-51
327           	-2.829956e-51
328           	-1.980969e-51
329           	-1.386678e-51
330           	-9.706749e-52
331           	-6.794725e-52
332           	-4.756307e-52
333           	-3.329415e-52
334           	-2.330591e-52
335           	-1.631413e-52
336           	-1.141989e-52
337           	-7.993926e-53
338           	-5.595748e-53
339           	-3.917024e-53
340           	-2.741916e-53
341           	-1.919342e-53
342           	-1.343539e-53
343           	-9.404773e-54
344           	-6.583341e-54
345           	-4.608339e-54
346           	-3.225837e-54
347           	-2.258086e-54
348           	-1.580660e-54
349           	-1.106462e-54
350           	-7.745235e-55
351           	-5.421665e-55
352           	-3.795165e-55
353           	-2.656616e-55
354           	-1.859631e-55
355           	-1.301742e-55
356           	-9.112192e-56
357           	-6.378534e-56
358           	-4.464974e-56
359           	-3.125482e-56
360           	-2.187837e-56
361           	-1.531486e-56
362           	-1.072040e-56
363           	-7.504282e-57
364           	-5.252997e-57
365           	-3.677098e-57
366           	-2.573969e-57
367           	-1.801778e-57
368           	-1.261245e-57
369           	-8.828713e-58
370           	-6.180099e-58
371           	-4.326069e-58
372           	-3.028248e-58
373           	-2.119774e-58
374           	-1.483842e-58
375           	-1.038689e-58
376           	-7.270824e-59
377           	-5.089577e-59
378           	-3.562704e-59
379           	-2.493893e-59
380           	-1.745725e-59
381           	-1.222007e-59
382           	-8.554052e-60
383           	-5.987837e-60
384           	-4.191486e-60
385           	-2.934040e-60
386           	-2.053828e-60
387           	-1.437680e-60
388           	-1.006376e-60
389           	-7.044630e-61
390           	-4.931241e-61
391           	-3.451869e-61
392           	-2.416308e-61
393           	-1.691416e-61
394           	-1.183991e-61
395           	-8.287937e-62
396           	-5.801556e-62
397           	-4.061089e-62
398           	-2.842762e-62
399           	-1.989934e-62
400           	-1.392954e-62
401           	-9.750675e-63
402           	-6.825472e-63
403           	-4.777831e-63
404           	-3.344481e-63
405           	-2.341137e-63
406           	-1.638796e-63
407           	-1.147157e-63
408           	-8.030100e-64
409           	-5.621070e-64
410           	-3.934749e-64
411           	-2.754324e-64
412           	-1.928027e-64
413           	-1.349619e-64
414           	-9.447332e-65
415           	-6.613132e-65
416           	-4.629193e-65
417           	-3.240435e-65
418           	-2.268304e-65
419           	-1.587813e-65
420           	-1.111469e-65
421           	-7.780284e-66
422           	-5.446199e-66
423           	-3.812339e-66
424           	-2.668637e-66
425           	-1.868046e-66
426           	-1.307632e-66
427           	-9.153427e-67
428           	-6.407399e-67
429           	-4.485179e-67
430           	-3.139625e-67
431           	-2.197738e-67
432           	-1.538416e-67
433           	-1.076891e-67
434           	-7.538240e-68
435           	-5.276768e-68
436           	-3.693738e-68
437           	-2.585616e-68
438           	-1.809932e-68
439           	-1.266952e-68
440           	-8.868664e-69
441           	-6.208065e-69
442           	-4.345646e-69
443           	-3.041952e-69
444           	-2.129366e-69
445           	-1.490556e-69
446           	-1.043389e-69
447           	-7.303726e-70
448           	-5.112609e-70
449           	-3.578826e-70
450           	-2.505178e-70
451           	-1.753625e-70
452           	-1.227537e-70
453           	-8.592761e-71
454           	-6.014933e-71
455           	-4.210453e-71
456           	-2.947317e-71
457           	-2.063122e-71
458           	-1.444185e-71
459           	-1.010930e-71
460           	-7.076508e-72
461           	-4.953556e-72
462           	-3.467489e-72
463           	-2.427242e-72
464           	-1.699070e-72
465           	-1.189349e-72
466           	-8.325441e-73
467           	-5.827809e-73
468           	-4.079466e-73
469           	-2.855626e-73
470           	-1.998938e-73
471           	-1.399257e-73
472           	-9.794798e-74
473           	-6.856359e-74
474           	-4.799451e-74
475           	-3.359616e-74
476           	-2.351731e-74
477           	-1.646212e-74
478           	-1.152348e-74
479           	-8.066438e-75
480           	-5.646506e-75
481           	-3.952554e-75
482           	-2.766788e-75
483           	-1.936752e-75
484           	-1.355726e-75
485           	-9.490083e-76
486           	-6.643058e-76
487           	-4.650141e-76
488           	-3.255099e-76
489           	-2.278569e-76
490           	-1.594998e-76
491           	-1.116499e-76
492           	-7.815492e-77
493           	-5.470844e-77
494           	-3.829591e-77
495           	-2.680714e-77
496           	-1.876500e-77
497           	-1.313550e-77
498           	-9.194848e-78
499           	-6.436393e-78
500           	-4.505475e-78
501           	-3.153833e-78
502           	-2.207683e-78
503           	-1.545378e-78
504           	-1.081765e-78
505           	-7.572353e-79
506           	-5.300647e-79
507           	-3.710453e-79
508           	-2.597317e-79
509           	-1.818122e-79
510           	-1.272685e-79
511           	-8.908797e-80
512           	-6.236158e-80
513           	-4.365311e-80
514           	-3.055717e-80
515           	-2.139002e-80
516           	-1.497302e-80
517           	-1.048111e-80
518           	-7.336777e-81
519           	-5.135744e-81
520           	-3.595021e-81
521           	-2.516515e-81
522           	-1.761560e-81
523           	-1.233092e-81
524           	-8.631645e-82
525           	-6.042152e-82
526           	-4.229506e-82
527           	-2.960654e-82
528           	-2.072458e-82
529           	-1.450721e-82
530           	-1.015504e-82
531           	-7.108531e-83
532           	-4.975972e-83
533           	-3.483180e-83
534           	-2.438226e-83
535           	-1.706758e-83
536           	-1.194731e-83
537           	-8.363116e-84
538           	-5.854181e-84
539           	-4.097927e-84
540           	-2.868549e-84
541           	-2.007984e-84
542           	-1.405589e-84
543           	-9.839122e-85
544           	-6.887385e-85
545           	-4.821170e-85
546           	-3.374819e-85
547           	-2.362373e-85
548           	-1.653661e-85
549           	-1.157563e-85
550           	-8.102940e-86
551           	-5.672058e-86
552           	-3.970441e-86
553           	-2.779308e-86
554           	-1.945516e-86
555           	-1.361861e-86
556           	-9.533028e-87
557           	-6.673120e-87
558           	-4.671184e-87
559           	-3.269829e-87
560           	-2.288880e-87
561           	-1.602216e-87
562           	-1.121551e-87
563           	-7.850858e-88
564           	-5.495601e-88
565           	-3.846921e-88
566           	-2.692844e-88
567           	-1.884991e-88
568           	-1.319494e-88
569           	-9.236456e-89
570           	-6.465519e-89
571           	-4.525864e-89
572           	-3.168105e-89
573           	-2.217673e-89
574           	-1.552371e-89
575           	-1.086660e-89
576           	-7.606619e-90
577           	-5.324633e-90
578           	-3.727243e-90
579           	-2.609070e-90
580           	-1.826349e-90
581           	-1.278444e-90
582           	-8.949111e-91
583           	-6.264378e-91
584           	-4.385064e-91
585           	-3.069545e-91
586           	-2.148682e-91
587           	-1.504077e-91
588           	-1.052854e-91
589           	-7.369978e-92
590           	-5.158985e-92
591           	-3.611289e-92
592           	-2.527902e-92
593           	-1.769532e-92
594           	-1.238672e-92
595           	-8.670705e-93
596           	-6.069494e-93
597           	-4.248646e-93
598           	-2.974052e-93
599           	-2.081836e-93
600           	-1.457285e-93
601           	-1.020100e-93
602           	-7.140699e-94
603           	-4.998489e-94
604           	-3.498942e-94
605           	-2.449260e-94
606           	-1.714482e-94
607           	-1.200137e-94
608           	-8.400961e-95
609           	-5.880672e-95
610           	-4.116471e-95
611           	-2.881529e-95
612           	-2.017071e-95
613           	-1.411949e-95
614           	-9.883646e-96
615           	-6.918552e-96
616           	-4.842987e-96
617           	-3.390091e-96
618           	-2.373063e-96
619           	-1.661144e-96
620           	-1.162801e-96
621           	-8.139608e-97
622           	-5.697725e-97
623           	-3.988408e-97
624           	-2.791885e-97
625           	-1.954320e-97
626           	-1.368024e-97
627           	-9.576167e-98
628           	-6.703317e-98
629           	-4.692322e-98
630           	-3.284625e-98
631           	-2.299238e-98
632           	-1.609466e-98
633           	-1.126626e-98
634           	-7.886385e-99
635           	-5.520470e-99
636           	-3.864329e-99
637           	-2.705030e-99
638           	-1.893521e-99
639           	-1.325465e-99
640           	-9.278253e-100
641           	-6.494777e-100
642           	-4.546344e-100
643           	-3.182441e-100
644           	-2.227709e-100
645           	-1.559396e-100
646           	-1.091577e-100
647           	-7.641041e-101
648           	-5.348728e-101
649           	-3.744110e-101
650           	-2.620877e-101
651           	-1.834614e-101
652           	-1.284230e-101
653           	-8.989608e-102
654           	-6.292725e-102
655           	-4.404908e-102
656           	-3.083435e-102
657           	-2.158405e-102
658           	-1.510883e-102
659           	-1.057618e-102
660           	-7.403329e-103
661           	-5.182330e-103
662           	-3.627631e-103
663           	-2.539342e-103
664           	-1.777539e-103
665           	-1.244277e-103
666           	-8.709942e-104
667           	-6.096959e-104
668           	-4.267872e-104
669           	-2.987510e-104
670           	-2.091257e-104
671           	-1.463880e-104
672           	-1.024716e-104
673           	-7.173012e-105
674           	-5.021108e-105
675           	-3.514776e-105
676           	-2.460343e-105
677           	-1.722240e-105
678           	-1.205568e-105
679           	-8.438977e-106
680           	-5.907284e-106
681           	-4.135099e-106
682           	-2.894569e-106
683           	-2.026198e-106
684           	-1.418339e-106
685           	-9.928372e-107
686           	-6.949860e-107
687           	-4.864902e-107
688           	-3.405431e-107
689           	-2.383802e-107
690           	-1.668661e-107
691           	-1.168063e-107
692           	-8.176441e-108
693           	-5.723509e-108
694           	-4.006456e-108
695           	-2.804519e-108
696           	-1.963163e-108
697           	-1.374214e-108
698           	-9.619501e-109
699           	-6.733651e-109
700           	-4.713556e-109
701           	-3.299489e-109
702           	-2.309642e-109
703           	-1.616750e-109
704           	-1.131725e-109
705           	-7.922073e-110
706           	-5.545451e-110
707           	-3.881816e-110
708           	-2.717271e-110
709           	-1.902090e-110
710           	-1.331463e-110
711           	-9.320239e-111
712           	-6.524168e-111
713           	-4.566917e-111
714           	-3.196842e-111
715           	-2.237789e-111
716           	-1.566453e-111
717           	-1.096517e-111
718           	-7.675618e-112
719           	-5.372933e-112
720           	-3.761053e-112
721           	-2.632737e-112
722           	-1.842916e-112
723           	-1.290041e-112
724           	-9.030288e-113
725           	-6.321201e-113
726           	-4.424841e-113
727           	-3.097389e-113
728           	-2.168172e-113
729           	-1.517720e-113
730           	-1.062404e-113
731           	-7.436830e-114
732           	-5.205781e-114
733           	-3.644047e-114
734           	-2.550833e-114
735           	-1.785583e-114
736           	-1.249908e-114
737           	-8.749356e-115
738           	-6.124549e-115
739           	-4.287185e-115
740           	-3.001029e-115
741           	-2.100720e-115
742           	-1.470504e-115
743           	-1.029353e-115
744           	-7.205471e-116
745           	-5.043830e-116
746           	-3.530681e-116
747           	-2.471477e-116
748           	-1.730034e-116
749           	-1.211024e-116
750           	-8.477165e-117
751           	-5.934015e-117
752           	-4.153811e-117
753           	-2.907668e-117
754           	-2.035367e-117
755           	-1.424757e-117
756           	-9.973300e-118
757           	-6.981310e-118
758           	-4.886917e-118
759           	-3.420842e-118
760           	-2.394589e-118
761           	-1.676212e-118
762           	-1.173349e-118
763           	-8.213441e-119
764           	-5.749409e-119
765           	-4.024586e-119
766           	-2.817210e-119
767           	-1.972047e-119
768           	-1.380433e-119
769           	-9.663031e-120
770           	-6.764122e-120
771           	-4.734885e-120
772           	-3.314420e-120
773           	-2.320094e-120
774           	-1.624066e-120
775           	-1.136846e-120
776           	-7.957922e-121
777           	-5.570545e-121
778           	-3.899382e-121
779           	-2.729567e-121
780           	-1.910697e-121
781           	-1.337488e-121
782           	-9.362415e-122
783           	-6.553691e-122
784           	-4.587584e-122
785           	-3.211308e-122
786           	-2.247916e-122
787           	-1.573541e-122
788           	-1.101479e-122
789           	-7.710352e-123
790           	-5.397246e-123
791           	-3.778072e-123
792           	-2.644651e-123
793           	-1.851255e-123
794           	-1.295879e-123
795           	-9.071152e-124
796           	-6.349806e-124
797           	-4.444864e-124
798           	-3.111405e-124
799           	-2.177984e-124
800           	-1.524588e-124
801           	-1.067212e-124
802           	-7.470483e-125
803           	-5.229338e-125
804           	-3.660537e-125
805           	-2.562376e-125
806           	-1.793663e-125
807           	-1.255564e-125
808           	-8.788949e-126
809           	-6.152264e-126
810           	-4.306585e-126
811           	-3.014610e-126
812           	-2.110227e-126
813           	-1.477159e-126
814           	-1.034011e-126
815           	-7.238077e-127
816           	-5.066654e-127
817           	-3.546658e-127
818           	-2.482661e-127
819           	-1.737862e-127
820           	-1.216504e-127
821           	-8.515526e-128
822           	-5.960868e-128
823           	-4.172608e-128
824           	-2.920825e-128
825           	-2.044578e-128
826           	-1.431204e-128
827           	-1.001843e-128
828           	-7.012902e-129
829           	-4.909031e-129
830           	-3.436322e-129
831           	-2.405425e-129
832           	-1.683798e-129
833           	-1.178658e-129
834           	-8.250609e-130
835           	-5.775426e-130
836           	-4.042798e-130
837           	-2.829959e-130
838           	-1.980971e-130
839           	-1.386680e-130
840           	-9.706759e-131
841           	-6.794731e-131
842           	-4.756312e-131
843           	-3.329418e-131
844           	-2.330593e-131
845           	-1.631415e-131
846           	-1.141990e-131
847           	-7.993933e-132
848           	-5.595753e-132
849           	-3.917027e-132
850           	-2.741919e-132
851           	-1.919343e-132
852           	-1.343540e-132
853           	-9.404782e-133
854           	-6.583348e-133
855           	-4.608343e-133
856           	-3.225840e-133
857           	-2.258088e-133
858           	-1.580662e-133
859           	-1.106463e-133
860           	-7.745243e-134
861           	-5.421670e-134
862           	-3.795169e-134
863           	-2.656618e-134
864           	-1.859633e-134
865           	-1.301743e-134
866           	-9.112201e-135
867           	-6.378540e-135
868           	-4.464978e-135
869           	-3.125485e-135
870           	-2.187839e-135
871           	-1.531488e-135
872           	-1.072041e-135
873           	-7.504289e-136
874           	-5.253002e-136
875           	-3.677102e-136
876           	-2.573971e-136
877           	-1.801780e-136
878           	-1.261246e-136
879           	-8.828721e-137
880           	-6.180105e-137
881           	-4.326073e-137
882           	-3.028251e-137
883           	-2.119776e-137
884           	-1.483843e-137
885           	-1.038690e-137
886           	-7.270831e-138
887           	-5.089582e-138
888           	-3.562707e-138
889           	-2.493895e-138
890           	-1.745727e-138
891           	-1.222009e-138
892           	-8.554060e-139
893           	-5.987842e-139
894           	-4.191490e-139
895           	-2.934043e-139
896           	-2.053830e-139
897           	-1.437681e-139
898           	-1.006377e-139
899           	-7.044636e-140
900           	-4.931246e-140
901           	-3.451872e-140
902           	-2.416310e-140
903           	-1.691417e-140
904           	-1.183992e-140
905           	-8.287944e-141
906           	-5.801561e-141
907           	-4.061093e-141
908           	-2.842765e-141
909           	-1.989935e-141
910           	-1.392955e-141
911           	-9.750684e-142
912           	-6.825479e-142
913           	-4.777835e-142
914           	-3.344485e-142
915           	-2.341139e-142
916           	-1.638797e-142
917           	-1.147158e-142
918           	-8.030107e-143
919           	-5.621075e-143
920           	-3.934753e-143
921           	-2.754327e-143
922           	-1.928029e-143
923           	-1.349620e-143
924           	-9.447341e-144
925           	-6.613139e-144
926           	-4.629197e-144
927           	-3.240438e-144
928           	-2.268307e-144
929           	-1.587815e-144
930           	-1.111470e-144
931           	-7.780292e-145
932           	-5.446204e-145
933           	-3.812343e-145
934           	-2.668640e-145
935           	-1.868048e-145
936           	-1.307634e-145
937           	-9.153435e-146
938           	-6.407405e-146
939           	-4.485183e-146
940           	-3.139628e-146
941           	-2.197740e-146
942           	-1.538418e-146
943           	-1.076892e-146
944           	-7.538247e-147
945           	-5.276773e-147
946           	-3.693741e-147
947           	-2.585619e-147
948           	-1.809933e-147
949           	-1.266953e-147
950           	-8.868673e-148
951           	-6.208071e-148
952           	-4.345650e-148
953           	-3.041955e-148
954           	-2.129368e-148
955           	-1.490558e-148
956           	-1.043390e-148
957           	-7.303733e-149
958           	-5.112613e-149
959           	-3.578829e-149
960           	-2.505181e-149
961           	-1.753626e-149
962           	-1.227538e-149
963           	-8.592769e-150
964           	-6.014938e-150
965           	-4.210457e-150
966           	-2.947320e-150
967           	-2.063124e-150
968           	-1.444187e-150
969           	-1.010931e-150
970           	-7.076515e-151
971           	-4.953560e-151
972           	-3.467492e-151
973           	-2.427245e-151
974           	-1.699071e-151
975           	-1.189350e-151
976           	-8.325449e-152
977           	-5.827814e-152
978           	-4.079470e-152
979           	-2.855629e-152
980           	-1.998940e-152
981           	-1.399258e-152
982           	-9.794808e-153
983           	-6.856365e-153
984           	-4.799456e-153
985           	-3.359619e-153
986           	-2.351733e-153
987           	-1.646213e-153
988           	-1.152349e-153
989           	-8.066445e-154
990           	-5.646512e-154
991           	-3.952558e-154
992           	-2.766791e-154
993           	-1.936754e-154
994           	-1.355727e-154
995           	-9.490092e-155
996           	-6.643065e-155
997           	-4.650145e-155
998           	-3.255102e-155
999           	-2.278571e-155
1000          	-1.595000e-155
1001          	-1.116500e-155
1002          	-7.815499e-156
1003          	-5.470849e-156
1004          	-3.829594e-156
1005          	-2.680716e-156
1006          	-1.876501e-156
1007          	-1.313551e-156
1008          	-9.194856e-157
1009          	-6.436399e-157
1010          	-4.505480e-157
1011          	-3.153836e-157
1012          	-2.207685e-157
1013          	-1.545380e-157
1014          	-1.081766e-157
1015          	-7.572360e-158
1016          	-5.300652e-158
1017          	-3.710456e-158
1018          	-2.597319e-158
1019          	-1.818124e-158
1020          	-1.272686e-158
1021          	-8.908805e-159
1022          	-6.236164e-159
1023          	-4.365315e-159
1024          	-3.055720e-159
1025          	-2.139004e-159
1026          	-1.497303e-159
1027          	-1.048112e-159
1028          	-7.336784e-160
1029          	-5.135749e-160
1030          	-3.595024e-160
1031          	-2.516517e-160
1032          	-1.761562e-160
1033          	-1.233093e-160
1034          	-8.631653e-161
1035          	-6.042157e-161
1036          	-4.229510e-161
1037          	-2.960657e-161
1038          	-2.072460e-161
1039          	-1.450722e-161
1040          	-1.015505e-161
1041          	-7.108538e-162
1042          	-4.975976e-162
1043          	-3.483183e-162
1044          	-2.438228e-162
1045          	-1.706760e-162
1046          	-1.194732e-162
1047          	-8.363124e-163
1048          	-5.854186e-163
1049          	-4.097931e-163
1050          	-2.868551e-163
1051          	-2.007986e-163
1052          	-1.405590e-163
1053          	-9.839131e-164
1054          	-6.887392e-164
1055          	-4.821174e-164
1056          	-3.374822e-164
1057          	-2.362375e-164
1058          	-1.653663e-164
1059          	-1.157564e-164
1060          	-8.102948e-165
1061          	-5.672063e-165
1062          	-3.970444e-165
1063          	-2.779311e-165
1064          	-1.945518e-165
1065          	-1.361862e-165
1066          	-9.533037e-166
1067          	-6.673126e-166
1068          	-4.671188e-166
1069          	-3.269832e-166
1070          	-2.288882e-166
1071          	-1.602217e-166
1072          	-1.121552e-166
1073          	-7.850866e-167
1074          	-5.495606e-167
1075          	-3.846924e-167
1076          	-2.692847e-167
1077          	-1.884993e-167
1078          	-1.319495e-167
1079          	-9.236465e-168
1080          	-6.465526e-168
1081          	-4.525868e-168
1082          	-3.168108e-168
1083          	-2.217675e-168
1084          	-1.552373e-168
1085          	-1.086661e-168
1086          	-7.606626e-169
1087          	-5.324638e-169
1088          	-3.727247e-169
1089          	-2.609073e-169
1090          	-1.826351e-169
1091          	-1.278446e-169
1092          	-8.949120e-170
1093          	-6.264384e-170
1094          	-4.385069e-170
1095          	-3.069548e-170
1096          	-2.148684e-170
1097          	-1.504079e-170
1098          	-1.052855e-170
1099          	-7.369985e-171
1100          	-5.158989e-171
1101          	-3.611293e-171
1102          	-2.527905e-171
1103          	-1.769533e-171
1104          	-1.238673e-171
1105          	-8.670713e-172
1106          	-6.069499e-172
1107          	-4.248650e-172
1108          	-2.974055e-172
1109          	-2.081838e-172
1110          	-1.457287e-172
1111          	-1.020101e-172
1112          	-7.140705e-173
1113          	-4.998494e-173
1114          	-3.498946e-173
1115          	-2.449262e-173
1116          	-1.714483e-173
1117          	-1.200138e-173
1118          	-8.400968e-174
1119          	-5.880678e-174
1120          	-4.116475e-174
1121          	-2.881532e-174
1122          	-2.017073e-174
1123          	-1.411951e-174
1124          	-9.883655e-175
1125          	-6.918559e-175
1126          	-4.842991e-175
1127          	-3.390094e-175
1128          	-2.373066e-175
1129          	-1.661146e-175
1130          	-1.162802e-175
1131          	-8.139615e-176
1132          	-5.697731e-176
1133          	-3.988411e-176
1134          	-2.791888e-176
1135          	-1.954322e-176
1136          	-1.368025e-176
1137          	-9.576176e-177
1138          	-6.703323e-177
1139          	-4.692326e-177
1140          	-3.284628e-177
1141          	-2.299240e-177
1142          	-1.609468e-177
1143          	-1.126628e-177
1144          	-7.886393e-178
1145          	-5.520475e-178
1146          	-3.864332e-178
1147          	-2.705033e-178
1148          	-1.893523e-178
1149          	-1.325466e-178
1150          	-9.278262e-179
1151          	-6.494783e-179
1152          	-4.546348e-179
1153          	-3.182444e-179
1154          	-2.227711e-179
1155          	-1.559397e-179
1156          	-1.091578e-179
1157          	-7.641048e-180
1158          	-5.348733e-180
1159          	-3.744113e-180
1160          	-2.620879e-180
1161          	-1.834616e-180
1162          	-1.284231e-180
1163          	-8.989616e-181
1164          	-6.292731e-181
1165          	-4.404912e-181
1166          	-3.083438e-181
1167          	-2.158407e-181
1168          	-1.510885e-181
1169          	-1.057619e-181
1170          	-7.403336e-182
1171          	-5.182335e-182
1172          	-3.627634e-182
1173          	-2.539344e-182
1174          	-1.777541e-182
1175          	-1.244279e-182
1176          	-8.709950e-183
1177          	-6.096965e-183
1178          	-4.267876e-183
1179          	-2.987513e-183
1180          	-2.091259e-183
1181          	-1.463881e-183
1182          	-1.024717e-183
1183          	-7.173019e-184
1184          	-5.021113e-184
1185          	-3.514779e-184
1186          	-2.460345e-184
1187          	-1.722242e-184
1188          	-1.205569e-184
1189          	-8.438985e-185
1190          	-5.907289e-185
1191          	-4.135102e-185
1192          	-2.894572e-185
1193          	-2.026200e-185
1194          	-1.418340e-185
1195          	-9.928381e-186
1196          	-6.949867e-186
1197          	-4.864907e-186
1198          	-3.405435e-186
1199          	-2.383804e-186
1200          	-1.668663e-186
1201          	-1.168064e-186
1202          	-8.176449e-187
1203          	-5.723514e-187
1204          	-4.006460e-187
1205          	-2.804522e-187
1206          	-1.963165e-187
1207          	-1.374216e-187
1208          	-9.619510e-188
1209          	-6.733657e-188
1210          	-4.713560e-188
1211          	-3.299492e-188
1212          	-2.309644e-188
1213          	-1.616751e-188
1214          	-1.131726e-188
1215          	-7.922080e-189
1216          	-5.545456e-189
1217          	-3.881819e-189
1218          	-2.717273e-189
1219          	-1.902091e-189
1220          	-1.331464e-189
1221          	-9.320248e-190
1222          	-6.524174e-190
1223          	-4.566922e-190
1224          	-3.196845e-190
1225          	-2.237792e-190
1226          	-1.566454e-190
1227          	-1.096518e-190
1228          	-7.675625e-191
1229          	-5.372938e-191
1230          	-3.761056e-191
1231          	-2.632739e-191
1232          	-1.842918e-191
1233          	-1.290042e-191
1234          	-9.030296e-192
1235          	-6.321207e-192
1236          	-4.424845e-192
1237          	-3.097392e-192
1238          	-2.168174e-192
1239          	-1.517722e-192
1240          	-1.062405e-192
1241          	-7.436837e-193
1242          	-5.205786e-193
1243          	-3.644050e-193
1244          	-2.550835e-193
1245          	-1.785585e-193
1246          	-1.249909e-193
1247          	-8.749365e-194
1248          	-6.124555e-194
1249          	-4.287189e-194
1250          	-3.001032e-194
1251          	-2.100722e-194
1252          	-1.470506e-194
1253          	-1.029354e-194
1254          	-7.205478e-195
1255          	-5.043835e-195
1256          	-3.530684e-195
1257          	-2.471479e-195
1258          	-1.730035e-195
1259          	-1.211025e-195
1260          	-8.477173e-196
1261          	-5.934021e-196
1262          	-4.153815e-196
1263          	-2.907670e-196
1264          	-2.035369e-196
1265          	-1.424758e-196
1266          	-9.973309e-197
1267          	-6.981316e-197
1268          	-4.886921e-197
1269          	-3.420845e-197
1270          	-2.394591e-197
1271          	-1.676214e-197
1272          	-1.173350e-197
1273          	-8.213449e-198
1274          	-5.749414e-198
1275          	-4.024590e-198
1276          	-2.817213e-198
1277          	-1.972049e-198
1278          	-1.380434e-198
1279          	-9.663040e-199
1280          	-6.764128e-199
1281          	-4.734890e-199
1282          	-3.314423e-199
1283          	-2.320096e-199
1284          	-1.624067e-199
1285          	-1.136847e-199
1286          	-7.957929e-200
1287          	-5.570550e-200
1288          	-3.899385e-200
1289          	-2.729570e-200
1290          	-1.910699e-200
1291          	-1.337489e-200
1292          	-9.362424e-201
1293          	-6.553697e-201
1294          	-4.587588e-201
1295          	-3.211311e-201
1296          	-2.247918e-201
1297          	-1.573543e-201
1298          	-1.101480e-201
1299          	-7.710359e-202
1300          	-5.397251e-202
1301          	-3.778076e-202
1302          	-2.644653e-202
1303          	-1.851257e-202
1304          	-1.295880e-202
1305          	-9.071160e-203
1306          	-6.349812e-203
1307          	-4.444868e-203
1308          	-3.111408e-203
1309          	-2.177986e-203
1310          	-1.524590e-203
1311          	-1.067213e-203
1312          	-7.470490e-204
1313          	-5.229343e-204
1314          	-3.660540e-204
1315          	-2.562378e-204
1316          	-1.793665e-204
1317          	-1.255565e-204
1318          	-8.788957e-205
1319          	-6.152270e-205
1320          	-4.306589e-205
1321          	-3.014612e-205
1322          	-2.110229e-205
1323          	-1.477160e-205
1324          	-1.034012e-205
1325          	-7.238084e-206
1326          	-5.066659e-206
1327          	-3.546661e-206
1328          	-2.482663e-206
1329          	-1.737864e-206
1330          	-1.216505e-206
1331          	-8.515534e-207
1332          	-5.960874e-207
1333          	-4.172612e-207
1334          	-2.920828e-207
1335          	-2.044580e-207
1336          	-1.431206e-207
1337          	-1.001844e-207
1338          	-7.012908e-208
1339          	-4.909036e-208
1340          	-3.436325e-208
1341          	-2.405428e-208
1342          	-1.683799e-208
1343          	-1.178659e-208
1344          	-8.250616e-209
1345          	-5.775431e-209
1346          	-4.042802e-209
1347          	-2.829961e-209
1348          	-1.980973e-209
1349          	-1.386681e-209
1350          	-9.706768e-210
1351          	-6.794737e-210
1352          	-4.756316e-210
1353          	-3.329421e-210
1354          	-2.330595e-210
1355          	-1.631416e-210
1356          	-1.141992e-210
1357          	-7.993941e-211
1358          	-5.595758e-211
1359          	-3.917031e-211
1360          	-2.741922e-211
1361          	-1.919345e-211
1362          	-1.343542e-211
1363          	-9.404791e-212
1364          	-6.583354e-212
1365          	-4.608348e-212
1366          	-3.225843e-212
1367          	-2.258090e-212
1368          	-1.580663e-212
1369          	-1.106464e-212
1370          	-7.745250e-213
1371          	-5.421675e-213
1372          	-3.795172e-213
1373          	-2.656621e-213
1374          	-1.859635e-213
1375          	-1.301744e-213
1376          	-9.112209e-214
1377          	-6.378546e-214
1378          	-4.464982e-214
1379          	-3.125488e-214
1380          	-2.187841e-214
1381          	-1.531489e-214
1382          	-1.072042e-214
1383          	-7.504296e-215
1384          	-5.253007e-215
1385          	-3.677105e-215
1386          	-2.573974e-215
1387          	-1.801781e-215
1388          	-1.261247e-215
1389          	-8.828729e-216
1390          	-6.180110e-216
1391          	-4.326077e-216
1392          	-3.028254e-216
1393          	-2.119778e-216
1394          	-1.483845e-216
1395          	-1.038691e-216
1396          	-7.270838e-217
1397          	-5.089587e-217
1398          	-3.562711e-217
1399          	-2.493897e-217
1400          	-1.745728e-217
1401          	-1.222010e-217
1402          	-8.554068e-218
1403          	-5.987848e-218
1404          	-4.191493e-218
1405          	-2.934045e-218
1406          	-2.053832e-218
1407          	-1.437682e-218
1408          	-1.006378e-218
1409          	-7.044643e-219
1410          	-4.931250e-219
1411          	-3.451875e-219
1412          	-2.416313e-219
1413          	-1.691419e-219
1414          	-1.183993e-219
1415          	-8.287952e-220
1416          	-5.801567e-220
1417          	-4.061097e-220
1418          	-2.842768e-220
1419          	-1.989937e-220
1420          	-1.392956e-220
1421          	-9.750693e-221
1422          	-6.825485e-221
1423          	-4.777839e-221
1424          	-3.344488e-221
1425          	-2.341141e-221
1426          	-1.638799e-221
1427          	-1.147159e-221
1428          	-8.030115e-222
1429          	-5.621080e-222
1430          	-3.934756e-222
1431          	-2.754329e-222
1432          	-1.928031e-222
1433          	-1.349621e-222
1434          	-9.447350e-223
1435          	-6.613145e-223
1436          	-4.629201e-223
1437          	-3.240441e-223
1438          	-2.268309e-223
1439          	-1.587816e-223
1440          	-1.111471e-223
1441          	-7.780299e-224
1442          	-5.446209e-224
1443          	-3.812346e-224
1444          	-2.668642e-224
1445          	-1.868050e-224
1446          	-1.307635e-224
1447          	-9.153444e-225
1448          	-6.407411e-225
1449          	-4.485187e-225
1450          	-3.139631e-225
1451          	-2.197742e-225
1452          	-1.538419e-225
1453          	-1.076894e-225
1454          	-7.538255e-226
1455          	-5.276778e-226
1456          	-3.693745e-226
1457          	-2.585621e-226
1458          	-1.809935e-226
1459          	-1.266954e-226
1460          	-8.868681e-227
1461          	-6.208077e-227
1462          	-4.345654e-227
1463          	-3.041958e-227
1464          	-2.129370e-227
1465          	-1.490559e-227
1466          	-1.043391e-227
1467          	-7.303740e-228
1468          	-5.112618e-228
1469          	-3.578833e-228
1470          	-2.505183e-228
1471          	-1.753628e-228
1472          	-1.227540e-228
1473          	-8.592777e-229
1474          	-6.014944e-229
1475          	-4.210461e-229
1476          	-2.947323e-229
1477          	-2.063126e-229
1478          	-1.444188e-229
1479          	-1.010932e-229
1480          	-7.076522e-230
1481          	-4.953565e-230
1482          	-3.467496e-230
1483          	-2.427247e-230
1484          	-1.699073e-230
1485          	-1.189351e-230
1486          	-8.325457e-231
1487          	-5.827820e-231
1488          	-4.079474e-231
1489          	-2.855632e-231
1490          	-1.998942e-231
1491          	-1.399260e-231
1492          	-9.794817e-232
1493          	-6.856372e-232
1494          	-4.799460e-232
1495          	-3.359622e-232
1496          	-2.351736e-232
1497          	-1.646215e-232
1498          	-1.152350e-232
1499          	-8.066453e-233
1500          	-5.646517e-233
1501          	-3.952562e-233
1502          	-2.766793e-233
1503          	-1.936755e-233
1504          	-1.355729e-233
1505          	-9.490101e-234
1506          	-6.643071e-234
1507          	-4.650150e-234
1508          	-3.255105e-234
1509          	-2.278573e-234
1510          	-1.595001e-234
1511          	-1.116501e-234
1512          	-7.815506e-235
1513          	-5.470854e-235
1514          	-3.829598e-235
1515          	-2.680719e-235
1516          	-1.876503e-235
1517          	-1.313552e-235
1518          	-9.194865e-236
1519          	-6.436405e-236
1520          	-4.505484e-236
1521          	-3.153839e-236
1522          	-2.207687e-236
1523          	-1.545381e-236
1524          	-1.081767e-236
1525          	-7.572367e-237
1526          	-5.300657e-237
1527          	-3.710460e-237
1528          	-2.597322e-237
1529          	-1.818125e-237
1530          	-1.272688e-237
1531          	-8.908814e-238
1532          	-6.236170e-238
1533          	-4.365319e-238
1534          	-3.055723e-238
1535          	-2.139006e-238
1536          	-1.497304e-238
1537          	-1.048113e-238
1538          	-7.336791e-239
1539          	-5.135754e-239
1540          	-3.595028e-239
1541          	-2.516519e-239
1542          	-1.761564e-239
1543          	-1.233094e-239
1544          	-8.631661e-240
1545          	-6.042163e-240
1546          	-4.229514e-240
1547          	-2.960660e-240
1548          	-2.072462e-240
1549          	-1.450723e-240
1550          	-1.015506e-240
1551          	-7.108544e-241
1552          	-4.975981e-241
1553          	-3.483187e-241
1554          	-2.438231e-241
1555          	-1.706761e-241
1556          	-1.194733e-241
1557          	-8.363131e-242
1558          	-5.854192e-242
1559          	-4.097934e-242
1560          	-2.868554e-242
1561          	-2.007988e-242
1562          	-1.405591e-242
1563          	-9.839140e-243
1564          	-6.887398e-243
1565          	-4.821179e-243
1566          	-3.374825e-243
1567          	-2.362378e-243
1568          	-1.653664e-243
1569          	-1.157565e-243
1570          	-8.102955e-244
1571          	-5.672069e-244
1572          	-3.970448e-244
1573          	-2.779314e-244
1574          	-1.945520e-244
1575          	-1.361864e-244
1576          	-9.533046e-245
1577          	-6.673132e-245
1578          	-4.671192e-245
1579          	-3.269835e-245
1580          	-2.288884e-245
1581          	-1.602219e-245
1582          	-1.121553e-245
1583          	-7.850873e-246
1584          	-5.495611e-246
1585          	-3.846928e-246
1586          	-2.692849e-246
1587          	-1.884995e-246
1588          	-1.319496e-246
1589          	-9.236474e-247
1590          	-6.465532e-247
1591          	-4.525872e-247
1592          	-3.168110e-247
1593          	-2.217677e-247
1594          	-1.552374e-247
1595          	-1.086662e-247
1596          	-7.606633e-248
1597          	-5.324643e-248
1598          	-3.727250e-248
1599          	-2.609075e-248
1600          	-1.826353e-248
1601          	-1.278447e-248
1602          	-8.949128e-249
1603          	-6.264390e-249
1604          	-4.385073e-249
1605          	-3.069551e-249
1606          	-2.148686e-249
1607          	-1.504080e-249
1608          	-1.052856e-249
1609          	-7.369992e-250
1610          	-5.158994e-250
1611          	-3.611296e-250
1612          	-2.527907e-250
1613          	-1.769535e-250
1614          	-1.238675e-250
1615          	-8.670722e-251
1616          	-6.069505e-251
1617          	-4.248654e-251
1618          	-2.974057e-251
1619          	-2.081840e-251
1620          	-1.457288e-251
1621          	-1.020102e-251
1622          	-7.140712e-252
1623          	-4.998498e-252
1624          	-3.498949e-252
1625          	-2.449264e-252
1626          	-1.714485e-252
1627          	-1.200139e-252
1628          	-8.400976e-253
1629          	-5.880683e-253
1630          	-4.116478e-253
1631          	-2.881535e-253
1632          	-2.017074e-253
1633          	-1.411952e-253
1634          	-9.883665e-254
1635          	-6.918565e-254
1636          	-4.842996e-254
1637          	-3.390097e-254
1638          	-2.373068e-254
1639          	-1.661148e-254
1640          	-1.162803e-254
1641          	-8.139623e-255
1642          	-5.697736e-255
1643          	-3.988415e-255
1644          	-2.791891e-255
1645          	-1.954323e-255
1646          	-1.368026e-255
1647          	-9.576185e-256
1648          	-6.703329e-256
1649          	-4.692331e-256
1650          	-3.284631e-256
1651          	-2.299242e-256
1652          	-1.609469e-256
1653          	-1.126629e-256
1654          	-7.886400e-257
1655          	-5.520480e-257
1656          	-3.864336e-257
1657          	-2.705035e-257
1658          	-1.893525e-257
1659          	-1.325467e-257
1660          	-9.278271e-258
1661          	-6.494789e-258
1662          	-4.546353e-258
1663          	-3.182447e-258
1664          	-2.227713e-258
1665          	-1.559399e-258
1666          	-1.091579e-258
1667          	-7.641055e-259
1668          	-5.348738e-259
1669          	-3.744117e-259
1670          	-2.620882e-259
1671          	-1.834617e-259
1672          	-1.284232e-259
1673          	-8.989625e-260
1674          	-6.292737e-260
1675          	-4.404916e-260
1676          	-3.083441e-260
1677          	-2.158409e-260
1678          	-1.510886e-260
1679          	-1.057620e-260
1680          	-7.403342e-261
1681          	-5.182340e-261
1682          	-3.627638e-261
1683          	-2.539346e-261
1684          	-1.777543e-261
1685          	-1.244280e-261
1686          	-8.709958e-262
1687          	-6.096971e-262
1688          	-4.267880e-262
1689          	-2.987516e-262
1690          	-2.091261e-262
1691          	-1.463883e-262
1692          	-1.024718e-262
1693          	-7.173025e-263
1694          	-5.021118e-263
1695          	-3.514782e-263
1696          	-2.460348e-263
1697          	-1.722243e-263
1698          	-1.205570e-263
1699          	-8.438992e-264
1700          	-5.907295e-264
1701          	-4.135106e-264
1702          	-2.894574e-264
1703          	-2.026202e-264
1704          	-1.418341e-264
1705          	-9.928390e-265
1706          	-6.949873e-265
1707          	-4.864911e-265
1708          	-3.405438e-265
1709          	-2.383807e-265
1710          	-1.668665e-265
1711          	-1.168065e-265
1712          	-8.176456e-266
1713          	-5.723519e-266
1714          	-4.006464e-266
1715          	-2.804525e-266
1716          	-1.963167e-266
1717          	-1.374217e-266
1718          	-9.619519e-267
1719          	-6.733663e-267
1720          	-4.713564e-267
1721          	-3.299495e-267
1722          	-2.309647e-267
1723          	-1.616753e-267
1724          	-1.131727e-267
1725          	-7.922088e-268
1726          	-5.545461e-268
1727          	-3.881823e-268
1728          	-2.717276e-268
1729          	-1.902093e-268
1730          	-1.331465e-268
1731          	-9.320257e-269
1732          	-6.524180e-269
1733          	-4.566926e-269
1734          	-3.196848e-269
1735          	-2.237794e-269
1736          	-1.566456e-269
1737          	-1.096519e-269
1738          	-7.675632e-270
1739          	-5.372943e-270
1740          	-3.761060e-270
1741          	-2.632742e-270
1742          	-1.842919e-270
1743          	-1.290044e-270
1744          	-9.030305e-271
1745          	-6.321213e-271
1746          	-4.424849e-271
1747          	-3.097394e-271
1748          	-2.168176e-271
1749          	-1.517723e-271
1750          	-1.062406e-271
1751          	-7.436844e-272
1752          	-5.205791e-272
1753          	-3.644054e-272
1754          	-2.550838e-272
1755          	-1.785586e-272
1756          	-1.249910e-272
1757          	-8.749373e-273
1758          	-6.124561e-273
1759          	-4.287193e-273
1760          	-3.001035e-273
1761          	-2.100724e-273
1762          	-1.470507e-273
1763          	-1.029355e-273
1764          	-7.205485e-274
1765          	-5.043839e-274
1766          	-3.530688e-274
1767          	-2.471481e-274
1768          	-1.730037e-274
1769          	-1.211026e-274
1770          	-8.477181e-275
1771          	-5.934026e-275
1772          	-4.153819e-275
1773          	-2.907673e-275
1774          	-2.035371e-275
1775          	-1.424760e-275
1776          	-9.973318e-276
1777          	-6.981323e-276
1778          	-4.886926e-276
1779          	-3.420848e-276
1780          	-2.394594e-276
1781          	-1.676216e-276
1782          	-1.173351e-276
1783          	-8.213456e-277
1784          	-5.749420e-277
1785          	-4.024594e-277
1786          	-2.817216e-277
1787          	-1.972051e-277
1788          	-1.380436e-277
1789          	-9.663049e-278
1790          	-6.764135e-278
1791          	-4.734894e-278
1792          	-3.314426e-278
1793          	-2.320098e-278
1794          	-1.624069e-278
1795          	-1.136848e-278
1796          	-7.957937e-279
1797          	-5.570556e-279
1798          	-3.899389e-279
1799          	-2.729572e-279
1800          	-1.910701e-279
1801          	-1.337490e-279
1802          	-9.362433e-280
1803          	-6.553703e-280
1804          	-4.587592e-280
1805          	-3.211315e-280
1806          	-2.247920e-280
1807          	-1.573544e-280
1808          	-1.101481e-280
1809          	-7.710366e-281
1810          	-5.397256e-281
1811          	-3.778079e-281
1812          	-2.644656e-281
1813          	-1.851259e-281
1814          	-1.295881e-281
1815          	-9.071169e-282
1816          	-6.349818e-282
1817          	-4.444873e-282
1818          	-3.111411e-282
1819          	-2.177988e-282
1820          	-1.524591e-282
1821          	-1.067214e-282
1822          	-7.470497e-283
1823          	-5.229348e-283
1824          	-3.660544e-283
1825          	-2.562381e-283
1826          	-1.793666e-283
1827          	-1.255567e-283
1828          	-8.788966e-284
1829          	-6.152276e-284
1830          	-4.306593e-284
1831          	-3.014615e-284
1832          	-2.110231e-284
1833          	-1.477161e-284
1834          	-1.034013e-284
1835          	-7.238091e-285
1836          	-5.066664e-285
1837          	-3.546665e-285
1838          	-2.482665e-285
1839          	-1.737866e-285
1840          	-1.216506e-285
1841          	-8.515542e-286
1842          	-5.960879e-286
1843          	-4.172615e-286
1844          	-2.920831e-286
1845          	-2.044582e-286
1846          	-1.431207e-286
1847          	-1.001845e-286
1848          	-7.012915e-287
1849          	-4.909040e-287
1850          	-3.436328e-287
1851          	-2.405430e-287
1852          	-1.683801e-287
1853          	-1.178661e-287
1854          	-8.250624e-288
1855          	-5.775437e-288
1856          	-4.042806e-288
1857          	-2.829964e-288
1858          	-1.980975e-288
1859          	-1.386682e-288
1860          	-9.706777e-289
1861          	-6.794744e-289
1862          	-4.756321e-289
1863          	-3.329424e-289
1864          	-2.330597e-289
1865          	-1.631418e-289
1866          	-1.141993e-289
1867          	-7.993948e-290
1868          	-5.595764e-290
1869          	-3.917035e-290
1870          	-2.741924e-290
1871          	-1.919347e-290
1872          	-1.343543e-290
1873          	-9.404800e-291
1874          	-6.583360e-291
1875          	-4.608352e-291
1876          	-3.225846e-291
1877          	-2.258092e-291
1878          	-1.580665e-291
1879          	-1.106465e-291
1880          	-7.745257e-292
1881          	-5.421680e-292
1882          	-3.795176e-292
1883          	-2.656623e-292
1884          	-1.859636e-292
1885          	-1.301745e-292
1886          	-9.112218e-293
1887          	-6.378552e-293
1888          	-4.464987e-293
1889          	-3.125491e-293
