# Region type : patch out
# Faces  :    220
# Area   :    1.250000e-07
# Time        	areaAverage(p)
0             	0.000000e+00
1             	4.709385e+04
2             	4.093161e+04
3             	2.307453e+04
4             	4.637185e+03
5             	-8.971899e+03
6             	-1.514501e+04
7             	-1.512448e+04
8             	-1.106874e+04
9             	-5.324430e+03
10            	-3.408841e+01
11            	3.536209e+03
12            	4.987047e+03
13            	4.647190e+03
14            	3.204973e+03
15            	1.427997e+03
16            	-8.415536e+01
17            	-1.002493e+03
18            	-1.268138e+03
19            	-1.022849e+03
20            	-4.997588e+02
21            	6.353843e+01
22            	4.963799e+02
23            	7.184355e+02
24            	7.339953e+02
25            	6.032326e+02
26            	4.079755e+02
27            	2.213572e+02
28            	9.084716e+01
29            	3.403324e+01
30            	4.168202e+01
31            	9.003113e+01
32            	1.518452e+02
33            	2.042924e+02
34            	2.344622e+02
35            	2.399977e+02
36            	2.262169e+02
37            	2.018671e+02
38            	1.761836e+02
39            	1.557967e+02
40            	1.438829e+02
41            	1.401168e+02
42            	1.421744e+02
43            	1.468186e+02
44            	1.512710e+02
45            	1.535405e+02
46            	1.530758e+02
47            	1.501285e+02
48            	1.456004e+02
49            	1.406536e+02
50            	1.361540e+02
51            	1.325804e+02
52            	1.301149e+02
53            	1.285213e+02
54            	1.274510e+02
55            	1.264916e+02
56            	1.253597e+02
57            	1.239606e+02
58            	1.222984e+02
59            	1.204726e+02
60            	1.185654e+02
61            	1.167060e+02
62            	1.150054e+02
63            	1.134545e+02
64            	1.120636e+02
65            	1.107855e+02
66            	1.095640e+02
67            	1.083701e+02
68            	1.071672e+02
69            	1.059549e+02
70            	1.047462e+02
71            	1.035537e+02
72            	1.023768e+02
73            	1.012464e+02
74            	1.001555e+02
75            	9.909535e+01
76            	9.808551e+01
77            	9.710047e+01
78            	9.613690e+01
79            	9.519815e+01
80            	9.428079e+01
81            	9.336868e+01
82            	9.248333e+01
83            	9.161711e+01
84            	9.077070e+01
85            	8.994636e+01
86            	8.913635e+01
87            	8.834750e+01
88            	8.757563e+01
89            	8.681958e+01
90            	8.608104e+01
91            	8.535660e+01
92            	8.465297e+01
93            	8.396053e+01
94            	8.328015e+01
95            	8.261564e+01
96            	8.196319e+01
97            	8.132424e+01
98            	8.069424e+01
99            	8.007929e+01
100           	7.947921e+01
101           	7.889076e+01
102           	7.831366e+01
103           	7.774445e+01
104           	7.718585e+01
105           	7.664509e+01
106           	7.610426e+01
107           	7.557115e+01
108           	7.505296e+01
109           	7.454361e+01
110           	7.404831e+01
111           	7.355421e+01
112           	7.307071e+01
113           	7.259582e+01
114           	7.213038e+01
115           	7.167760e+01
116           	7.122658e+01
117           	7.077939e+01
118           	7.034170e+01
119           	6.991208e+01
120           	6.949384e+01
121           	6.907972e+01
122           	6.866980e+01
123           	6.826773e+01
124           	6.787319e+01
125           	6.748340e+01
126           	6.710087e+01
127           	6.672060e+01
128           	6.634833e+01
129           	6.598121e+01
130           	6.561865e+01
131           	6.526515e+01
132           	6.491652e+01
133           	6.457160e+01
134           	6.422975e+01
135           	6.389466e+01
136           	6.356684e+01
137           	6.324308e+01
138           	6.292283e+01
139           	6.260968e+01
140           	6.229886e+01
141           	6.199329e+01
142           	6.169105e+01
143           	6.139083e+01
144           	6.109538e+01
145           	6.080598e+01
146           	6.052115e+01
147           	6.023938e+01
148           	5.996124e+01
149           	5.968588e+01
150           	5.941469e+01
151           	5.914673e+01
152           	5.888355e+01
153           	5.862366e+01
154           	5.836695e+01
155           	5.811448e+01
156           	5.786447e+01
157           	5.761632e+01
158           	5.737329e+01
159           	5.713405e+01
160           	5.689671e+01
161           	5.666309e+01
162           	5.643211e+01
163           	5.620324e+01
164           	5.597684e+01
165           	5.575352e+01
166           	5.553541e+01
167           	5.531842e+01
168           	5.510285e+01
169           	5.488895e+01
170           	5.467882e+01
171           	5.447098e+01
172           	5.426586e+01
173           	5.406366e+01
174           	5.386507e+01
175           	5.366903e+01
176           	5.347459e+01
177           	5.328168e+01
178           	5.309130e+01
179           	5.290297e+01
180           	5.271641e+01
181           	5.253150e+01
182           	5.235020e+01
183           	5.217004e+01
184           	5.199191e+01
185           	5.181556e+01
186           	5.164127e+01
187           	5.146945e+01
188           	5.129943e+01
189           	5.113071e+01
190           	5.096367e+01
191           	5.079881e+01
192           	5.063561e+01
193           	5.047377e+01
194           	5.031370e+01
195           	5.015653e+01
196           	5.000006e+01
197           	4.984497e+01
198           	4.969163e+01
199           	4.953971e+01
200           	4.938964e+01
201           	4.924084e+01
202           	4.909366e+01
203           	4.894774e+01
204           	4.880349e+01
205           	4.866041e+01
206           	4.851878e+01
207           	4.837839e+01
208           	4.824019e+01
209           	4.810262e+01
210           	4.796648e+01
211           	4.783157e+01
212           	4.769759e+01
213           	4.756508e+01
214           	4.743402e+01
215           	4.730411e+01
216           	4.717504e+01
217           	4.705509e+01
218           	4.692552e+01
219           	4.679762e+01
220           	4.667148e+01
221           	4.654690e+01
222           	4.642618e+01
223           	4.630676e+01
224           	4.618777e+01
225           	4.606878e+01
226           	4.595126e+01
227           	4.583449e+01
228           	4.571827e+01
229           	4.560263e+01
230           	4.548879e+01
231           	4.537629e+01
232           	4.526469e+01
233           	4.515379e+01
234           	4.504583e+01
235           	4.493733e+01
236           	4.482954e+01
237           	4.472238e+01
238           	4.461614e+01
239           	4.451147e+01
240           	4.440757e+01
241           	4.430420e+01
242           	4.420166e+01
243           	4.410051e+01
244           	4.400008e+01
245           	4.390016e+01
246           	4.380116e+01
247           	4.370448e+01
248           	4.360710e+01
249           	4.351033e+01
250           	4.341445e+01
251           	4.331936e+01
252           	4.322564e+01
253           	4.313257e+01
254           	4.304031e+01
255           	4.294858e+01
256           	4.285831e+01
257           	4.276774e+01
258           	4.267849e+01
259           	4.258963e+01
260           	4.250203e+01
261           	4.241434e+01
262           	4.232756e+01
263           	4.224146e+01
264           	4.215585e+01
265           	4.207124e+01
266           	4.198759e+01
267           	4.190452e+01
268           	4.182171e+01
269           	4.175567e+01
270           	4.167122e+01
271           	4.158777e+01
272           	4.150455e+01
273           	4.142103e+01
274           	4.134114e+01
275           	4.126234e+01
276           	4.118449e+01
277           	4.110695e+01
278           	4.103186e+01
279           	4.095677e+01
280           	4.088147e+01
281           	4.080560e+01
282           	4.073084e+01
283           	4.065683e+01
284           	4.058248e+01
285           	4.050905e+01
286           	4.043763e+01
287           	4.036724e+01
288           	4.029768e+01
289           	4.022747e+01
290           	4.015829e+01
291           	4.008965e+01
292           	4.002046e+01
293           	3.995150e+01
294           	3.988331e+01
295           	3.981621e+01
296           	3.974933e+01
297           	3.968311e+01
298           	3.961773e+01
299           	3.955351e+01
300           	3.949046e+01
301           	3.942710e+01
302           	3.936336e+01
303           	3.930073e+01
304           	3.923790e+01
305           	3.917537e+01
306           	3.911378e+01
307           	3.905288e+01
308           	3.899302e+01
309           	3.893347e+01
310           	3.887439e+01
311           	3.881551e+01
312           	3.875724e+01
313           	3.869974e+01
314           	3.864239e+01
315           	3.858510e+01
316           	3.852906e+01
317           	3.847250e+01
318           	3.841671e+01
319           	3.836152e+01
320           	3.830662e+01
321           	3.825244e+01
322           	3.819894e+01
323           	3.814574e+01
324           	3.809258e+01
325           	3.804614e+01
326           	3.799259e+01
327           	3.793942e+01
328           	3.788667e+01
329           	3.783407e+01
330           	3.778338e+01
331           	3.773344e+01
332           	3.768372e+01
333           	3.763380e+01
334           	3.758497e+01
335           	3.753650e+01
336           	3.748804e+01
337           	3.743940e+01
338           	3.739175e+01
339           	3.734462e+01
340           	3.729769e+01
341           	3.725073e+01
342           	3.720534e+01
343           	3.715992e+01
344           	3.711476e+01
345           	3.706956e+01
346           	3.702469e+01
347           	3.698071e+01
348           	3.693704e+01
349           	3.689328e+01
350           	3.684988e+01
351           	3.680683e+01
352           	3.676443e+01
353           	3.672226e+01
354           	3.668061e+01
355           	3.664063e+01
356           	3.659987e+01
357           	3.655911e+01
358           	3.651875e+01
359           	3.647839e+01
360           	3.643880e+01
361           	3.639937e+01
362           	3.636035e+01
363           	3.632151e+01
364           	3.628324e+01
365           	3.624500e+01
366           	3.620706e+01
367           	3.616922e+01
368           	3.613254e+01
369           	3.609510e+01
370           	3.605817e+01
371           	3.602153e+01
372           	3.598494e+01
373           	3.594883e+01
374           	3.591324e+01
375           	3.587783e+01
376           	3.584235e+01
377           	3.581264e+01
378           	3.577671e+01
379           	3.574105e+01
380           	3.570567e+01
381           	3.567031e+01
382           	3.563668e+01
383           	3.560364e+01
384           	3.557064e+01
385           	3.553732e+01
386           	3.550494e+01
387           	3.547283e+01
388           	3.544067e+01
389           	3.540826e+01
390           	3.537675e+01
391           	3.534570e+01
392           	3.531477e+01
393           	3.528372e+01
394           	3.525442e+01
395           	3.522446e+01
396           	3.519471e+01
397           	3.516489e+01
398           	3.513540e+01
399           	3.510673e+01
400           	3.507834e+01
401           	3.504967e+01
402           	3.502113e+01
403           	3.499323e+01
404           	3.496539e+01
405           	3.493733e+01
406           	3.490941e+01
407           	3.488271e+01
408           	3.485549e+01
409           	3.482832e+01
410           	3.480151e+01
411           	3.477476e+01
412           	3.474848e+01
413           	3.472209e+01
414           	3.469585e+01
415           	3.466954e+01
416           	3.465465e+01
417           	3.462676e+01
418           	3.459882e+01
419           	3.457105e+01
420           	3.454297e+01
421           	3.451730e+01
422           	3.449233e+01
423           	3.446751e+01
424           	3.444223e+01
425           	3.441770e+01
426           	3.439340e+01
427           	3.436901e+01
428           	3.434429e+01
429           	3.431997e+01
430           	3.429610e+01
431           	3.427238e+01
432           	3.424852e+01
433           	3.423072e+01
434           	3.420676e+01
435           	3.418287e+01
436           	3.415892e+01
437           	3.413466e+01
438           	3.411210e+01
439           	3.408990e+01
440           	3.406754e+01
441           	3.404480e+01
442           	3.402306e+01
443           	3.400157e+01
444           	3.397995e+01
445           	3.395808e+01
446           	3.393706e+01
447           	3.391640e+01
448           	3.389571e+01
449           	3.387456e+01
450           	3.385570e+01
451           	3.383556e+01
452           	3.381560e+01
453           	3.379557e+01
454           	3.377579e+01
455           	3.375679e+01
456           	3.373787e+01
457           	3.371864e+01
458           	3.369950e+01
459           	3.368096e+01
460           	3.366253e+01
461           	3.364382e+01
462           	3.362527e+01
463           	3.360821e+01
464           	3.359021e+01
465           	3.357210e+01
466           	3.355424e+01
467           	3.353644e+01
468           	3.351911e+01
469           	3.350168e+01
470           	3.348438e+01
471           	3.346701e+01
472           	3.344996e+01
473           	3.343281e+01
474           	3.341580e+01
475           	3.339875e+01
476           	3.338266e+01
477           	3.336572e+01
478           	3.334912e+01
479           	3.333262e+01
480           	3.331593e+01
481           	3.329959e+01
482           	3.328355e+01
483           	3.326767e+01
484           	3.325144e+01
485           	3.324050e+01
486           	3.322370e+01
487           	3.320701e+01
488           	3.319032e+01
489           	3.317340e+01
490           	3.315819e+01
491           	3.314301e+01
492           	3.312762e+01
493           	3.311210e+01
494           	3.309726e+01
495           	3.308236e+01
496           	3.306712e+01
497           	3.305138e+01
498           	3.303637e+01
499           	3.302163e+01
500           	3.300683e+01
501           	3.299172e+01
502           	3.297786e+01
503           	3.296358e+01
504           	3.294887e+01
505           	3.293405e+01
506           	3.291939e+01
507           	3.290538e+01
508           	3.289147e+01
509           	3.287678e+01
510           	3.286244e+01
511           	3.284848e+01
512           	3.283429e+01
513           	3.281977e+01
514           	3.280529e+01
515           	3.279199e+01
516           	3.277786e+01
517           	3.276365e+01
518           	3.274973e+01
519           	3.273577e+01
520           	3.272222e+01
521           	3.270847e+01
522           	3.269476e+01
523           	3.268089e+01
524           	3.266735e+01
525           	3.265361e+01
526           	3.263998e+01
527           	3.262629e+01
528           	3.261348e+01
529           	3.259994e+01
530           	3.258669e+01
531           	3.257351e+01
532           	3.256017e+01
533           	3.254706e+01
534           	3.253419e+01
535           	3.252132e+01
536           	3.250819e+01
537           	3.249984e+01
538           	3.248642e+01
539           	3.247306e+01
540           	3.245963e+01
541           	3.244588e+01
542           	3.243353e+01
543           	3.242145e+01
544           	3.240916e+01
545           	3.239640e+01
546           	3.238444e+01
547           	3.237260e+01
548           	3.236050e+01
549           	3.234800e+01
550           	3.233618e+01
551           	3.232454e+01
552           	3.231271e+01
553           	3.230052e+01
554           	3.228976e+01
555           	3.227818e+01
556           	3.226650e+01
557           	3.225457e+01
558           	3.224269e+01
559           	3.223141e+01
560           	3.222003e+01
561           	3.220827e+01
562           	3.219648e+01
563           	3.218517e+01
564           	3.217377e+01
565           	3.216204e+01
566           	3.215035e+01
567           	3.213981e+01
568           	3.212842e+01
569           	3.211686e+01
570           	3.210551e+01
571           	3.209411e+01
572           	3.208311e+01
573           	3.207192e+01
574           	3.206084e+01
575           	3.204960e+01
576           	3.204857e+01
577           	3.203547e+01
578           	3.202246e+01
579           	3.200942e+01
580           	3.199610e+01
581           	3.198466e+01
582           	3.197380e+01
583           	3.196302e+01
584           	3.195172e+01
585           	3.194104e+01
586           	3.193049e+01
587           	3.191975e+01
588           	3.190856e+01
589           	3.189764e+01
590           	3.188703e+01
591           	3.187646e+01
592           	3.186565e+01
593           	3.185798e+01
594           	3.184739e+01
595           	3.183685e+01
596           	3.182610e+01
597           	3.181493e+01
598           	3.180484e+01
599           	3.179490e+01
600           	3.178466e+01
601           	3.177395e+01
602           	3.176399e+01
603           	3.175417e+01
604           	3.174409e+01
605           	3.173366e+01
606           	3.172390e+01
607           	3.171433e+01
608           	3.170456e+01
609           	3.169444e+01
610           	3.168559e+01
611           	3.167611e+01
612           	3.166653e+01
613           	3.165673e+01
614           	3.164702e+01
615           	3.163792e+01
616           	3.162875e+01
617           	3.161925e+01
618           	3.160975e+01
619           	3.161525e+01
620           	3.160292e+01
621           	3.159046e+01
622           	3.157844e+01
623           	3.156618e+01
624           	3.155685e+01
625           	3.154831e+01
626           	3.153902e+01
627           	3.152931e+01
628           	3.152110e+01
629           	3.151231e+01
630           	3.150320e+01
631           	3.149368e+01
632           	3.148451e+01
633           	3.147528e+01
634           	3.146629e+01
635           	3.145738e+01
636           	3.144892e+01
637           	3.144041e+01
638           	3.143204e+01
639           	3.142354e+01
640           	3.141635e+01
641           	3.140764e+01
642           	3.139912e+01
643           	3.139061e+01
644           	3.138181e+01
645           	3.137341e+01
646           	3.136529e+01
647           	3.135713e+01
648           	3.134862e+01
649           	3.134036e+01
650           	3.133238e+01
651           	3.132437e+01
652           	3.131606e+01
653           	3.130873e+01
654           	3.130076e+01
655           	3.129293e+01
656           	3.128494e+01
657           	3.127663e+01
658           	3.126890e+01
659           	3.126143e+01
660           	3.125385e+01
661           	3.124587e+01
662           	3.123853e+01
663           	3.123130e+01
664           	3.122381e+01
665           	3.121591e+01
666           	3.120924e+01
667           	3.120195e+01
668           	3.119459e+01
669           	3.118696e+01
670           	3.117944e+01
671           	3.117250e+01
672           	3.116550e+01
673           	3.115813e+01
674           	3.115075e+01
675           	3.114911e+01
676           	3.114148e+01
677           	3.113329e+01
678           	3.112517e+01
679           	3.111694e+01
680           	3.110937e+01
681           	3.110236e+01
682           	3.109547e+01
683           	3.108839e+01
684           	3.108180e+01
685           	3.107496e+01
686           	3.106778e+01
687           	3.106058e+01
688           	3.105423e+01
689           	3.104765e+01
690           	3.104112e+01
691           	3.103446e+01
692           	3.102871e+01
693           	3.102162e+01
694           	3.101482e+01
695           	3.100835e+01
696           	3.100186e+01
697           	3.099577e+01
698           	3.098996e+01
699           	3.098404e+01
700           	3.097771e+01
701           	3.097160e+01
702           	3.096574e+01
703           	3.095986e+01
704           	3.095371e+01
705           	3.094835e+01
706           	3.094245e+01
707           	3.093675e+01
708           	3.093099e+01
709           	3.092494e+01
710           	3.091963e+01
711           	3.091445e+01
712           	3.090900e+01
713           	3.090307e+01
714           	3.092329e+01
715           	3.091311e+01
716           	3.090224e+01
717           	3.089136e+01
718           	3.087988e+01
719           	3.087439e+01
720           	3.086944e+01
721           	3.086422e+01
722           	3.085798e+01
723           	3.085344e+01
724           	3.084834e+01
725           	3.084238e+01
726           	3.083604e+01
727           	3.083052e+01
728           	3.082518e+01
729           	3.081976e+01
730           	3.081463e+01
731           	3.081009e+01
732           	3.080554e+01
733           	3.080069e+01
734           	3.079581e+01
735           	3.079389e+01
736           	3.078883e+01
737           	3.078347e+01
738           	3.077829e+01
739           	3.077334e+01
740           	3.076867e+01
741           	3.076389e+01
742           	3.075921e+01
743           	3.075440e+01
744           	3.074997e+01
745           	3.074534e+01
746           	3.074072e+01
747           	3.073592e+01
748           	3.073597e+01
749           	3.073027e+01
750           	3.072470e+01
751           	3.071920e+01
752           	3.071344e+01
753           	3.070860e+01
754           	3.070407e+01
755           	3.069944e+01
756           	3.069432e+01
757           	3.068945e+01
758           	3.068471e+01
759           	3.067978e+01
760           	3.067444e+01
761           	3.066916e+01
762           	3.066430e+01
763           	3.065907e+01
764           	3.065361e+01
765           	3.064923e+01
766           	3.064412e+01
767           	3.063904e+01
768           	3.063369e+01
769           	3.062790e+01
770           	3.062277e+01
771           	3.061776e+01
772           	3.061247e+01
773           	3.060677e+01
774           	3.060173e+01
775           	3.059686e+01
776           	3.059181e+01
777           	3.058638e+01
778           	3.058219e+01
779           	3.057739e+01
780           	3.057251e+01
781           	3.056741e+01
782           	3.056241e+01
783           	3.055793e+01
784           	3.055342e+01
785           	3.054858e+01
786           	3.054376e+01
787           	3.054613e+01
788           	3.054031e+01
789           	3.053425e+01
790           	3.052844e+01
791           	3.052260e+01
792           	3.051816e+01
793           	3.051370e+01
794           	3.050936e+01
795           	3.050476e+01
796           	3.050062e+01
797           	3.049623e+01
798           	3.049182e+01
799           	3.048721e+01
800           	3.048289e+01
801           	3.047844e+01
802           	3.047411e+01
803           	3.046971e+01
804           	3.046678e+01
805           	3.046227e+01
806           	3.045797e+01
807           	3.045369e+01
808           	3.044911e+01
809           	3.044486e+01
810           	3.044085e+01
811           	3.043673e+01
812           	3.043221e+01
813           	3.042786e+01
814           	3.042373e+01
815           	3.041950e+01
816           	3.041493e+01
817           	3.041132e+01
818           	3.040693e+01
819           	3.040261e+01
820           	3.039808e+01
821           	3.039314e+01
822           	3.038888e+01
823           	3.038471e+01
824           	3.038018e+01
825           	3.037513e+01
826           	3.037061e+01
827           	3.036616e+01
828           	3.036137e+01
829           	3.035617e+01
830           	3.035217e+01
831           	3.034748e+01
832           	3.034266e+01
833           	3.033756e+01
834           	3.033250e+01
835           	3.032800e+01
836           	3.032340e+01
837           	3.031842e+01
838           	3.031342e+01
839           	3.031635e+01
840           	3.031027e+01
841           	3.030382e+01
842           	3.029773e+01
843           	3.029167e+01
844           	3.028723e+01
845           	3.028283e+01
846           	3.027856e+01
847           	3.027400e+01
848           	3.026997e+01
849           	3.026564e+01
850           	3.026128e+01
851           	3.025674e+01
852           	3.025269e+01
853           	3.024827e+01
854           	3.024398e+01
855           	3.023962e+01
856           	3.023717e+01
857           	3.023255e+01
858           	3.022811e+01
859           	3.022369e+01
860           	3.021898e+01
861           	3.021461e+01
862           	3.021048e+01
863           	3.020622e+01
864           	3.020156e+01
865           	3.019706e+01
866           	3.019277e+01
867           	3.018838e+01
868           	3.018368e+01
869           	3.018014e+01
870           	3.017568e+01
871           	3.017133e+01
872           	3.016686e+01
873           	3.016202e+01
874           	3.015794e+01
875           	3.015418e+01
876           	3.015005e+01
877           	3.014535e+01
878           	3.014119e+01
879           	3.013714e+01
880           	3.013285e+01
881           	3.012818e+01
882           	3.012485e+01
883           	3.012081e+01
884           	3.011671e+01
885           	3.011232e+01
886           	3.010799e+01
887           	3.010423e+01
888           	3.010013e+01
889           	3.009574e+01
890           	3.009139e+01
891           	3.013229e+01
892           	3.012018e+01
893           	3.010605e+01
894           	3.009279e+01
895           	3.007821e+01
896           	3.007271e+01
897           	3.006826e+01
898           	3.006422e+01
899           	3.005775e+01
900           	3.005470e+01
901           	3.005070e+01
902           	3.004598e+01
903           	3.004041e+01
904           	3.003526e+01
905           	3.002998e+01
906           	3.002497e+01
907           	3.002005e+01
908           	3.001569e+01
909           	3.001126e+01
910           	3.000692e+01
911           	3.000259e+01
912           	2.999830e+01
913           	2.999356e+01
914           	2.998867e+01
915           	2.998352e+01
916           	2.998074e+01
917           	2.997519e+01
918           	2.996984e+01
919           	2.996455e+01
920           	2.995903e+01
921           	2.995397e+01
922           	2.994914e+01
923           	2.994419e+01
924           	2.993881e+01
925           	2.993361e+01
926           	2.992861e+01
927           	2.992352e+01
928           	2.991810e+01
929           	2.991423e+01
930           	2.990880e+01
931           	2.990357e+01
932           	2.989830e+01
933           	2.989266e+01
934           	2.988786e+01
935           	2.988314e+01
936           	2.987807e+01
937           	2.987247e+01
938           	2.986747e+01
939           	2.986258e+01
940           	2.985745e+01
941           	2.985190e+01
942           	2.984823e+01
943           	2.984329e+01
944           	2.983789e+01
945           	2.983229e+01
946           	2.982682e+01
947           	2.982203e+01
948           	2.981722e+01
949           	2.981201e+01
950           	2.980672e+01
951           	2.980186e+01
952           	2.979686e+01
953           	2.979144e+01
954           	2.978600e+01
955           	2.978174e+01
956           	2.977651e+01
957           	2.977107e+01
958           	2.976579e+01
959           	2.976046e+01
960           	2.975551e+01
961           	2.975036e+01
962           	2.974526e+01
963           	2.973999e+01
964           	2.973516e+01
965           	2.973009e+01
966           	2.972506e+01
967           	2.971993e+01
968           	2.971572e+01
969           	2.971061e+01
970           	2.970584e+01
971           	2.970118e+01
972           	2.969633e+01
973           	2.969179e+01
974           	2.968757e+01
975           	2.968334e+01
976           	2.967881e+01
977           	2.967942e+01
978           	2.967447e+01
979           	2.966950e+01
980           	2.966446e+01
981           	2.965911e+01
982           	2.965522e+01
983           	2.965161e+01
984           	2.964781e+01
985           	2.964348e+01
986           	2.963992e+01
987           	2.963640e+01
988           	2.963258e+01
989           	2.962827e+01
990           	2.962460e+01
991           	2.962108e+01
992           	2.961734e+01
993           	2.961320e+01
994           	2.961053e+01
995           	2.960692e+01
996           	2.960320e+01
997           	2.959917e+01
998           	2.959520e+01
999           	2.959180e+01
1000          	2.958830e+01
1001          	2.958438e+01
1002          	2.958041e+01
1003          	2.957692e+01
1004          	2.957332e+01
1005          	2.956934e+01
1006          	2.956537e+01
1007          	2.956256e+01
1008          	2.955886e+01
1009          	2.955498e+01
1010          	2.955126e+01
1011          	2.954751e+01
1012          	2.954413e+01
1013          	2.954055e+01
1014          	2.953700e+01
1015          	2.953326e+01
1016          	2.954662e+01
1017          	2.953979e+01
1018          	2.953268e+01
1019          	2.952578e+01
1020          	2.951828e+01
1021          	2.951427e+01
1022          	2.951090e+01
1023          	2.950749e+01
1024          	2.950319e+01
1025          	2.949975e+01
1026          	2.949626e+01
1027          	2.949246e+01
1028          	2.948812e+01
1029          	2.948405e+01
1030          	2.948030e+01
1031          	2.947658e+01
1032          	2.947261e+01
1033          	2.946889e+01
1034          	2.946542e+01
1035          	2.946183e+01
1036          	2.945786e+01
1037          	2.945530e+01
1038          	2.945131e+01
1039          	2.944733e+01
1040          	2.944316e+01
1041          	2.943857e+01
1042          	2.943477e+01
1043          	2.943109e+01
1044          	2.942709e+01
1045          	2.942257e+01
1046          	2.941863e+01
1047          	2.941474e+01
1048          	2.941056e+01
1049          	2.940589e+01
1050          	2.940269e+01
1051          	2.939848e+01
1052          	2.939416e+01
1053          	2.938952e+01
1054          	2.938491e+01
1055          	2.938087e+01
1056          	2.937672e+01
1057          	2.937212e+01
1058          	2.936744e+01
1059          	2.936320e+01
1060          	2.935883e+01
1061          	2.935405e+01
1062          	2.934925e+01
1063          	2.934554e+01
1064          	2.934091e+01
1065          	2.933604e+01
1066          	2.933129e+01
1067          	2.932643e+01
1068          	2.932191e+01
1069          	2.931715e+01
1070          	2.931238e+01
1071          	2.930740e+01
1072          	2.931080e+01
1073          	2.930430e+01
1074          	2.929772e+01
1075          	2.929119e+01
1076          	2.928431e+01
1077          	2.927904e+01
1078          	2.927414e+01
1079          	2.926915e+01
1080          	2.926359e+01
1081          	2.925844e+01
1082          	2.925339e+01
1083          	2.924813e+01
1084          	2.924247e+01
1085          	2.923701e+01
1086          	2.923184e+01
1087          	2.922663e+01
1088          	2.922114e+01
1089          	2.921764e+01
1090          	2.921219e+01
1091          	2.920680e+01
1092          	2.920123e+01
1093          	2.919525e+01
1094          	2.919013e+01
1095          	2.918515e+01
1096          	2.917991e+01
1097          	2.917416e+01
1098          	2.916905e+01
1099          	2.916404e+01
1100          	2.915877e+01
1101          	2.915306e+01
1102          	2.914933e+01
1103          	2.914408e+01
1104          	2.913873e+01
1105          	2.913312e+01
1106          	2.912760e+01
1107          	2.912276e+01
1108          	2.911788e+01
1109          	2.911260e+01
1110          	2.910727e+01
1111          	2.910244e+01
1112          	2.909754e+01
1113          	2.909226e+01
1114          	2.908701e+01
1115          	2.908316e+01
1116          	2.907817e+01
1117          	2.907299e+01
1118          	2.906800e+01
1119          	2.906297e+01
1120          	2.905838e+01
1121          	2.905360e+01
1122          	2.904894e+01
1123          	2.904410e+01
1124          	2.903951e+01
1125          	2.903471e+01
1126          	2.902996e+01
1127          	2.902489e+01
1128          	2.902088e+01
1129          	2.901595e+01
1130          	2.901133e+01
1131          	2.900677e+01
1132          	2.900192e+01
1133          	2.899727e+01
1134          	2.899282e+01
1135          	2.898824e+01
1136          	2.898326e+01
1137          	2.899049e+01
1138          	2.898354e+01
1139          	2.897636e+01
1140          	2.896918e+01
1141          	2.896158e+01
1142          	2.895680e+01
1143          	2.895249e+01
1144          	2.894800e+01
1145          	2.894278e+01
1146          	2.893862e+01
1147          	2.893439e+01
1148          	2.892973e+01
1149          	2.892450e+01
1150          	2.891997e+01
1151          	2.891562e+01
1152          	2.891108e+01
1153          	2.890618e+01
1154          	2.892137e+01
1155          	2.891347e+01
1156          	2.890504e+01
1157          	2.889643e+01
1158          	2.888733e+01
1159          	2.888231e+01
1160          	2.887771e+01
1161          	2.887280e+01
1162          	2.886727e+01
1163          	2.886302e+01
1164          	2.885834e+01
1165          	2.885293e+01
1166          	2.884720e+01
1167          	2.884203e+01
1168          	2.883682e+01
1169          	2.883132e+01
1170          	2.882593e+01
1171          	2.882115e+01
1172          	2.881638e+01
1173          	2.881128e+01
1174          	2.880619e+01
1175          	2.880308e+01
1176          	2.879807e+01
1177          	2.879284e+01
1178          	2.878781e+01
1179          	2.878277e+01
1180          	2.877834e+01
1181          	2.877382e+01
1182          	2.876946e+01
1183          	2.876503e+01
1184          	2.876116e+01
1185          	2.875713e+01
1186          	2.875324e+01
1187          	2.874932e+01
1188          	2.874684e+01
1189          	2.874310e+01
1190          	2.873977e+01
1191          	2.873667e+01
1192          	2.873351e+01
1193          	2.873084e+01
1194          	2.872859e+01
1195          	2.872641e+01
1196          	2.872402e+01
1197          	2.872194e+01
1198          	2.872026e+01
1199          	2.871867e+01
1200          	2.871693e+01
1201          	2.871619e+01
1202          	2.871500e+01
1203          	2.871405e+01
1204          	2.871308e+01
1205          	2.871187e+01
1206          	2.871144e+01
1207          	2.871122e+01
1208          	2.871078e+01
1209          	2.870992e+01
1210          	2.873422e+01
1211          	2.872947e+01
1212          	2.872399e+01
1213          	2.871854e+01
1214          	2.871254e+01
1215          	2.871204e+01
1216          	2.871215e+01
1217          	2.871202e+01
1218          	2.871104e+01
1219          	2.871166e+01
1220          	2.871177e+01
1221          	2.871111e+01
1222          	2.871013e+01
1223          	2.870978e+01
1224          	2.870945e+01
1225          	2.870890e+01
1226          	2.870850e+01
1227          	2.870874e+01
1228          	2.870899e+01
1229          	2.870888e+01
1230          	2.870873e+01
1231          	2.871131e+01
1232          	2.871095e+01
1233          	2.871025e+01
1234          	2.870966e+01
1235          	2.870897e+01
1236          	2.870891e+01
1237          	2.870866e+01
1238          	2.870843e+01
1239          	2.870797e+01
1240          	2.870781e+01
1241          	2.870738e+01
1242          	2.870697e+01
1243          	2.870640e+01
1244          	2.870879e+01
1245          	2.870778e+01
1246          	2.870694e+01
1247          	2.870620e+01
1248          	2.870524e+01
1249          	2.870490e+01
1250          	2.870491e+01
1251          	2.870489e+01
1252          	2.870455e+01
1253          	2.870450e+01
1254          	2.870467e+01
1255          	2.870484e+01
1256          	2.870477e+01
1257          	2.870907e+01
1258          	2.870876e+01
1259          	2.870858e+01
1260          	2.870842e+01
1261          	2.870803e+01
1262          	2.870900e+01
1263          	2.871027e+01
1264          	2.871134e+01
1265          	2.871193e+01
1266          	2.871327e+01
1267          	2.871474e+01
1268          	2.871597e+01
1269          	2.871681e+01
1270          	2.871835e+01
1271          	2.872011e+01
1272          	2.872168e+01
1273          	2.872289e+01
1274          	2.872547e+01
1275          	2.872730e+01
1276          	2.872905e+01
1277          	2.873052e+01
1278          	2.873205e+01
1279          	2.873416e+01
1280          	2.873618e+01
1281          	2.873781e+01
1282          	2.873939e+01
1283          	2.874143e+01
1284          	2.874337e+01
1285          	2.874493e+01
1286          	2.874650e+01
1287          	2.874914e+01
1288          	2.875092e+01
1289          	2.875250e+01
1290          	2.875419e+01
1291          	2.875579e+01
1292          	2.875773e+01
1293          	2.875944e+01
1294          	2.876117e+01
1295          	2.876270e+01
1296          	2.877045e+01
1297          	2.877079e+01
1298          	2.877119e+01
1299          	2.877166e+01
1300          	2.877188e+01
1301          	2.877323e+01
1302          	2.877498e+01
1303          	2.877667e+01
1304          	2.877789e+01
1305          	2.877948e+01
1306          	2.878120e+01
1307          	2.878268e+01
1308          	2.878370e+01
1309          	2.878492e+01
1310          	2.878643e+01
1311          	2.878799e+01
1312          	2.878919e+01
1313          	2.879158e+01
1314          	2.879295e+01
1315          	2.879436e+01
1316          	2.879555e+01
1317          	2.879628e+01
1318          	2.879770e+01
1319          	2.879915e+01
1320          	2.880022e+01
1321          	2.880070e+01
1322          	2.880171e+01
1323          	2.880274e+01
1324          	2.880340e+01
1325          	2.880351e+01
1326          	2.880490e+01
1327          	2.880530e+01
1328          	2.880545e+01
1329          	2.880519e+01
1330          	2.880484e+01
1331          	2.880491e+01
1332          	2.880474e+01
1333          	2.880397e+01
1334          	2.880305e+01
1335          	2.880240e+01
1336          	2.880142e+01
1337          	2.879992e+01
1338          	2.879828e+01
1339          	2.879757e+01
1340          	2.879588e+01
1341          	2.879384e+01
1342          	2.879180e+01
1343          	2.878954e+01
1344          	2.878749e+01
1345          	2.878516e+01
1346          	2.878268e+01
1347          	2.877994e+01
1348          	2.878264e+01
1349          	2.877876e+01
1350          	2.877488e+01
1351          	2.877104e+01
1352          	2.876689e+01
1353          	2.876375e+01
1354          	2.876095e+01
1355          	2.875807e+01
1356          	2.875471e+01
1357          	2.875166e+01
1358          	2.874875e+01
1359          	2.874569e+01
1360          	2.874226e+01
1361          	2.873902e+01
1362          	2.873607e+01
1363          	2.873311e+01
1364          	2.872988e+01
1365          	2.872779e+01
1366          	2.872477e+01
1367          	2.872186e+01
1368          	2.871878e+01
1369          	2.871533e+01
1370          	2.871262e+01
1371          	2.871003e+01
1372          	2.870717e+01
1373          	2.870382e+01
1374          	2.870109e+01
1375          	2.869846e+01
1376          	2.869559e+01
1377          	2.869229e+01
1378          	2.869036e+01
1379          	2.868762e+01
1380          	2.868487e+01
1381          	2.868176e+01
1382          	2.867875e+01
1383          	2.867636e+01
1384          	2.867393e+01
1385          	2.867104e+01
1386          	2.866815e+01
1387          	2.870459e+01
1388          	2.869464e+01
1389          	2.868334e+01
1390          	2.867268e+01
1391          	2.866084e+01
1392          	2.865741e+01
1393          	2.865482e+01
1394          	2.865248e+01
1395          	2.864817e+01
1396          	2.864665e+01
1397          	2.864424e+01
1398          	2.864127e+01
1399          	2.863762e+01
1400          	2.863447e+01
1401          	2.863127e+01
1402          	2.862838e+01
1403          	2.862562e+01
1404          	2.862337e+01
1405          	2.862116e+01
1406          	2.861909e+01
1407          	2.861687e+01
1408          	2.864205e+01
1409          	2.863460e+01
1410          	2.862654e+01
1411          	2.861878e+01
1412          	2.860986e+01
1413          	2.860688e+01
1414          	2.860491e+01
1415          	2.860299e+01
1416          	2.859975e+01
1417          	2.859805e+01
1418          	2.859608e+01
1419          	2.859358e+01
1420          	2.859030e+01
1421          	2.858742e+01
1422          	2.858486e+01
1423          	2.858238e+01
1424          	2.857965e+01
1425          	2.857730e+01
1426          	2.857528e+01
1427          	2.857320e+01
1428          	2.857072e+01
1429          	2.857099e+01
1430          	2.856824e+01
1431          	2.856542e+01
1432          	2.856232e+01
1433          	2.855881e+01
1434          	2.855633e+01
1435          	2.855401e+01
1436          	2.855140e+01
1437          	2.854826e+01
1438          	2.854575e+01
1439          	2.854333e+01
1440          	2.854052e+01
1441          	2.853723e+01
1442          	2.853994e+01
1443          	2.853627e+01
1444          	2.853237e+01
1445          	2.852827e+01
1446          	2.852426e+01
1447          	2.852160e+01
1448          	2.851902e+01
1449          	2.851602e+01
1450          	2.851287e+01
1451          	2.851039e+01
1452          	2.850768e+01
1453          	2.850451e+01
1454          	2.850129e+01
1455          	2.849861e+01
1456          	2.849590e+01
1457          	2.849288e+01
1458          	2.848991e+01
1459          	2.848837e+01
1460          	2.848565e+01
1461          	2.848269e+01
1462          	2.847989e+01
1463          	2.847704e+01
1464          	2.847464e+01
1465          	2.847202e+01
1466          	2.846945e+01
1467          	2.846674e+01
1468          	2.846437e+01
1469          	2.846176e+01
1470          	2.845924e+01
1471          	2.845664e+01
1472          	2.845503e+01
1473          	2.845240e+01
1474          	2.845005e+01
1475          	2.844775e+01
1476          	2.844522e+01
1477          	2.844297e+01
1478          	2.844099e+01
1479          	2.843893e+01
1480          	2.843654e+01
1481          	2.844973e+01
1482          	2.844481e+01
1483          	2.843957e+01
1484          	2.843436e+01
1485          	2.842861e+01
1486          	2.842636e+01
1487          	2.842467e+01
1488          	2.842285e+01
1489          	2.842018e+01
1490          	2.841872e+01
1491          	2.841713e+01
1492          	2.841509e+01
1493          	2.841240e+01
1494          	2.841044e+01
1495          	2.840866e+01
1496          	2.840678e+01
1497          	2.840455e+01
1498          	2.840306e+01
1499          	2.840173e+01
1500          	2.840017e+01
1501          	2.839815e+01
1502          	2.839788e+01
1503          	2.839631e+01
1504          	2.839459e+01
1505          	2.839259e+01
1506          	2.839059e+01
1507          	2.838929e+01
1508          	2.838791e+01
1509          	2.838612e+01
1510          	2.838433e+01
1511          	2.838300e+01
1512          	2.838159e+01
1513          	2.837976e+01
1514          	2.837796e+01
1515          	2.837744e+01
1516          	2.837584e+01
1517          	2.837404e+01
1518          	2.837238e+01
1519          	2.837065e+01
1520          	2.836932e+01
1521          	2.836777e+01
1522          	2.836624e+01
1523          	2.836450e+01
1524          	2.836303e+01
1525          	2.836134e+01
1526          	2.835970e+01
1527          	2.835791e+01
1528          	2.835699e+01
1529          	2.835510e+01
1530          	2.835344e+01
1531          	2.835177e+01
1532          	2.834979e+01
1533          	2.834804e+01
1534          	2.834648e+01
1535          	2.834479e+01
1536          	2.834270e+01
1537          	2.834633e+01
1538          	2.834339e+01
1539          	2.834035e+01
1540          	2.833718e+01
1541          	2.833362e+01
1542          	2.833159e+01
1543          	2.832977e+01
1544          	2.832764e+01
1545          	2.832486e+01
1546          	2.832279e+01
1547          	2.832064e+01
1548          	2.831817e+01
1549          	2.831515e+01
1550          	2.831271e+01
1551          	2.831039e+01
1552          	2.830781e+01
1553          	2.830477e+01
1554          	2.830324e+01
1555          	2.830065e+01
1556          	2.829793e+01
1557          	2.829485e+01
1558          	2.829176e+01
1559          	2.828924e+01
1560          	2.828657e+01
1561          	2.828352e+01
1562          	2.828038e+01
1563          	2.827768e+01
1564          	2.827484e+01
1565          	2.827164e+01
1566          	2.826842e+01
1567          	2.826629e+01
1568          	2.826322e+01
1569          	2.825996e+01
1570          	2.825686e+01
1571          	2.825366e+01
1572          	2.825081e+01
1573          	2.824776e+01
1574          	2.824475e+01
1575          	2.824156e+01
1576          	2.823862e+01
1577          	2.823547e+01
1578          	2.823239e+01
1579          	2.822921e+01
1580          	2.822696e+01
1581          	2.822371e+01
1582          	2.822071e+01
1583          	2.821778e+01
1584          	2.821455e+01
1585          	2.821160e+01
1586          	2.820890e+01
1587          	2.820610e+01
1588          	2.820294e+01
1589          	2.820475e+01
1590          	2.820107e+01
1591          	2.819738e+01
1592          	2.819358e+01
1593          	2.818945e+01
1594          	2.818673e+01
1595          	2.818428e+01
1596          	2.818162e+01
1597          	2.817842e+01
1598          	2.817597e+01
1599          	2.817358e+01
1600          	2.817093e+01
1601          	2.816780e+01
1602          	2.816534e+01
1603          	2.816304e+01
1604          	2.816060e+01
1605          	2.815777e+01
1606          	2.815642e+01
1607          	2.815421e+01
1608          	2.815195e+01
1609          	2.814942e+01
1610          	2.814697e+01
1611          	2.814514e+01
1612          	2.814327e+01
1613          	2.814105e+01
1614          	2.813883e+01
1615          	2.813712e+01
1616          	2.813536e+01
1617          	2.813328e+01
1618          	2.813127e+01
1619          	2.813042e+01
1620          	2.812873e+01
1621          	2.812688e+01
1622          	2.812524e+01
1623          	2.812358e+01
1624          	2.812232e+01
1625          	2.812092e+01
1626          	2.811959e+01
1627          	2.811814e+01
1628          	2.812849e+01
1629          	2.812494e+01
1630          	2.812134e+01
1631          	2.811794e+01
1632          	2.811427e+01
1633          	2.811286e+01
1634          	2.811202e+01
1635          	2.811119e+01
1636          	2.810978e+01
1637          	2.810897e+01
1638          	2.810824e+01
1639          	2.810731e+01
1640          	2.810595e+01
1641          	2.810486e+01
1642          	2.810410e+01
1643          	2.810336e+01
1644          	2.810241e+01
1645          	2.811058e+01
1646          	2.810841e+01
1647          	2.810611e+01
1648          	2.810377e+01
1649          	2.810101e+01
1650          	2.810040e+01
1651          	2.810010e+01
1652          	2.809957e+01
1653          	2.809833e+01
1654          	2.809800e+01
1655          	2.809766e+01
1656          	2.809690e+01
1657          	2.809563e+01
1658          	2.809506e+01
1659          	2.809465e+01
1660          	2.809405e+01
1661          	2.809306e+01
1662          	2.809490e+01
1663          	2.809420e+01
1664          	2.809334e+01
1665          	2.809217e+01
1666          	2.809104e+01
1667          	2.809069e+01
1668          	2.809027e+01
1669          	2.808943e+01
1670          	2.808852e+01
1671          	2.808810e+01
1672          	2.808757e+01
1673          	2.808664e+01
1674          	2.808568e+01
1675          	2.808747e+01
1676          	2.808643e+01
1677          	2.808514e+01
1678          	2.808399e+01
1679          	2.808278e+01
1680          	2.808215e+01
1681          	2.808140e+01
1682          	2.808068e+01
1683          	2.807974e+01
1684          	2.807903e+01
1685          	2.807819e+01
1686          	2.807737e+01
1687          	2.807637e+01
1688          	2.807775e+01
1689          	2.807641e+01
1690          	2.807523e+01
1691          	2.807409e+01
1692          	2.807271e+01
1693          	2.807180e+01
1694          	2.807118e+01
1695          	2.807047e+01
1696          	2.806939e+01
1697          	2.806850e+01
1698          	2.806783e+01
1699          	2.806707e+01
1700          	2.806599e+01
1701          	2.806695e+01
1702          	2.806593e+01
1703          	2.806497e+01
1704          	2.806389e+01
1705          	2.806246e+01
1706          	2.806192e+01
1707          	2.806155e+01
1708          	2.806091e+01
1709          	2.805978e+01
1710          	2.805930e+01
1711          	2.805890e+01
1712          	2.805824e+01
1713          	2.805714e+01
1714          	2.805805e+01
1715          	2.805747e+01
1716          	2.805682e+01
1717          	2.805592e+01
1718          	2.805511e+01
1719          	2.805498e+01
1720          	2.805481e+01
1721          	2.805424e+01
1722          	2.805363e+01
1723          	2.805352e+01
1724          	2.805333e+01
1725          	2.805276e+01
1726          	2.805222e+01
1727          	2.805308e+01
1728          	2.805278e+01
1729          	2.805227e+01
1730          	2.805194e+01
1731          	2.805156e+01
1732          	2.805160e+01
1733          	2.805144e+01
1734          	2.805133e+01
1735          	2.805104e+01
1736          	2.805102e+01
1737          	2.805079e+01
1738          	2.805062e+01
1739          	2.805032e+01
1740          	2.805098e+01
1741          	2.805059e+01
1742          	2.805044e+01
1743          	2.805029e+01
1744          	2.804987e+01
1745          	2.804967e+01
1746          	2.804969e+01
1747          	2.804959e+01
1748          	2.804911e+01
1749          	2.806338e+01
1750          	2.806040e+01
1751          	2.805703e+01
1752          	2.805362e+01
1753          	2.804962e+01
1754          	2.804893e+01
1755          	2.804872e+01
1756          	2.804828e+01
1757          	2.804694e+01
1758          	2.804674e+01
1759          	2.804635e+01
1760          	2.804543e+01
1761          	2.804385e+01
1762          	2.804292e+01
1763          	2.804211e+01
1764          	2.804111e+01
1765          	2.803970e+01
1766          	2.803900e+01
1767          	2.803840e+01
1768          	2.803750e+01
1769          	2.803607e+01
1770          	2.803630e+01
1771          	2.803516e+01
1772          	2.803386e+01
1773          	2.803218e+01
1774          	2.803055e+01
1775          	2.802955e+01
1776          	2.802847e+01
1777          	2.802697e+01
1778          	2.802538e+01
1779          	2.802421e+01
1780          	2.802293e+01
1781          	2.802121e+01
1782          	2.801946e+01
1783          	2.801894e+01
1784          	2.801738e+01
1785          	2.801560e+01
1786          	2.801396e+01
1787          	2.801224e+01
1788          	2.801088e+01
1789          	2.800931e+01
1790          	2.800774e+01
1791          	2.800598e+01
1792          	2.800438e+01
1793          	2.800270e+01
1794          	2.800098e+01
1795          	2.799917e+01
1796          	2.799829e+01
1797          	2.799646e+01
1798          	2.799488e+01
1799          	2.799332e+01
1800          	2.799149e+01
1801          	2.798988e+01
1802          	2.798850e+01
1803          	2.798704e+01
1804          	2.798523e+01
1805          	2.798866e+01
1806          	2.798625e+01
1807          	2.798383e+01
1808          	2.798129e+01
1809          	2.797842e+01
1810          	2.797701e+01
1811          	2.797586e+01
1812          	2.797450e+01
1813          	2.797258e+01
1814          	2.797154e+01
1815          	2.797050e+01
1816          	2.796912e+01
1817          	2.796723e+01
1818          	2.796598e+01
1819          	2.796490e+01
1820          	2.796367e+01
1821          	2.796209e+01
1822          	2.796208e+01
1823          	2.796109e+01
1824          	2.796004e+01
1825          	2.795874e+01
1826          	2.795750e+01
1827          	2.795686e+01
1828          	2.795616e+01
1829          	2.795507e+01
1830          	2.795396e+01
1831          	2.795334e+01
1832          	2.795267e+01
1833          	2.795163e+01
1834          	2.795064e+01
1835          	2.795085e+01
1836          	2.795013e+01
1837          	2.794922e+01
1838          	2.794849e+01
1839          	2.794772e+01
1840          	2.794734e+01
1841          	2.794677e+01
1842          	2.794625e+01
1843          	2.794558e+01
1844          	2.796509e+01
1845          	2.796068e+01
1846          	2.795590e+01
1847          	2.795138e+01
1848          	2.794623e+01
1849          	2.794520e+01
1850          	2.794498e+01
1851          	2.794479e+01
1852          	2.794364e+01
1853          	2.794353e+01
1854          	2.794332e+01
1855          	2.794273e+01
1856          	2.794156e+01
1857          	2.794069e+01
1858          	2.794015e+01
1859          	2.793966e+01
1860          	2.793900e+01
1861          	2.793862e+01
1862          	2.793857e+01
1863          	2.793847e+01
1864          	2.793804e+01
1865          	2.793933e+01
1866          	2.793886e+01
1867          	2.793842e+01
1868          	2.793779e+01
1869          	2.793676e+01
1870          	2.793659e+01
1871          	2.793655e+01
1872          	2.793623e+01
1873          	2.793542e+01
1874          	2.793522e+01
1875          	2.793509e+01
1876          	2.793467e+01
1877          	2.793380e+01
1878          	2.793466e+01
1879          	2.793425e+01
1880          	2.793373e+01
1881          	2.793293e+01
1882          	2.793219e+01
1883          	2.793207e+01
1884          	2.793188e+01
1885          	2.793127e+01
1886          	2.793060e+01
1887          	2.793039e+01
1888          	2.793008e+01
1889          	2.792937e+01
1890          	2.792867e+01
1891          	2.792917e+01
1892          	2.792868e+01
1893          	2.792797e+01
1894          	2.792742e+01
1895          	2.792679e+01
1896          	2.792654e+01
1897          	2.792607e+01
1898          	2.792563e+01
1899          	2.792500e+01
1900          	2.792464e+01
1901          	2.792404e+01
1902          	2.792350e+01
1903          	2.792282e+01
1904          	2.792304e+01
1905          	2.792226e+01
1906          	2.792170e+01
1907          	2.792115e+01
1908          	2.792033e+01
1909          	2.791971e+01
1910          	2.791930e+01
1911          	2.791877e+01
1912          	2.791785e+01
1913          	2.792232e+01
1914          	2.792069e+01
1915          	2.791897e+01
1916          	2.791712e+01
1917          	2.791487e+01
1918          	2.791408e+01
1919          	2.791352e+01
1920          	2.791268e+01
1921          	2.791124e+01
1922          	2.791054e+01
1923          	2.790983e+01
1924          	2.790876e+01
1925          	2.790716e+01
1926          	2.790619e+01
1927          	2.790535e+01
1928          	2.790427e+01
1929          	2.790276e+01
1930          	2.790272e+01
1931          	2.790170e+01
1932          	2.790059e+01
1933          	2.789916e+01
1934          	2.789776e+01
1935          	2.789694e+01
1936          	2.789601e+01
1937          	2.789468e+01
1938          	2.789329e+01
1939          	2.789236e+01
1940          	2.789134e+01
1941          	2.788993e+01
1942          	2.788853e+01
1943          	2.788829e+01
1944          	2.788714e+01
1945          	2.788578e+01
1946          	2.788458e+01
1947          	2.788332e+01
1948          	2.788245e+01
1949          	2.788137e+01
1950          	2.788033e+01
1951          	2.787913e+01
1952          	2.791875e+01
1953          	2.790984e+01
1954          	2.789998e+01
1955          	2.789069e+01
1956          	2.788006e+01
1957          	2.787802e+01
1958          	2.787737e+01
1959          	2.787684e+01
1960          	2.787395e+01
1961          	2.787389e+01
1962          	2.787341e+01
1963          	2.787221e+01
1964          	2.787011e+01
1965          	2.786840e+01
1966          	2.786707e+01
1967          	2.786595e+01
1968          	2.786479e+01
1969          	2.786412e+01
1970          	2.786392e+01
1971          	2.786371e+01
1972          	2.786317e+01
1973          	2.807705e+01
1974          	2.803680e+01
1975          	2.798997e+01
1976          	2.794950e+01
1977          	2.792105e+01
1978          	2.790527e+01
1979          	2.789930e+01
1980          	2.789912e+01
1981          	2.790080e+01
1982          	2.790156e+01
1983          	2.789829e+01
1984          	2.719920e+01
1985          	2.733117e+01
1986          	2.747461e+01
1987          	2.761131e+01
1988          	2.771194e+01
1989          	2.777141e+01
1990          	2.779672e+01
1991          	2.779917e+01
1992          	2.779108e+01
1993          	2.778259e+01
1994          	2.778045e+01
1995          	2.778607e+01
1996          	2.779755e+01
1997          	2.781145e+01
1998          	2.782499e+01
1999          	2.783581e+01
2000          	2.784235e+01
2001          	2.784441e+01
2002          	2.784387e+01
2003          	2.784258e+01
2004          	2.784197e+01
2005          	2.784286e+01
2006          	2.784585e+01
2007          	2.785033e+01
2008          	2.785527e+01
2009          	2.785975e+01
2010          	2.786359e+01
2011          	2.786642e+01
2012          	2.786810e+01
2013          	2.786893e+01
2014          	2.787040e+01
2015          	2.787043e+01
2016          	2.787042e+01
2017          	2.787044e+01
2018          	2.787097e+01
2019          	2.787202e+01
2020          	2.787294e+01
2021          	2.787353e+01
2022          	2.787405e+01
2023          	2.787435e+01
2024          	2.787674e+01
2025          	2.787633e+01
2026          	2.787597e+01
2027          	2.787563e+01
2028          	2.787508e+01
2029          	2.787490e+01
2030          	2.787498e+01
2031          	2.787496e+01
2032          	2.787454e+01
2033          	2.787419e+01
2034          	2.787397e+01
2035          	2.787361e+01
2036          	2.787291e+01
2037          	2.792171e+01
2038          	2.791191e+01
2039          	2.790067e+01
2040          	2.788989e+01
2041          	2.787785e+01
2042          	2.787592e+01
2043          	2.787544e+01
2044          	2.787497e+01
2045          	2.787104e+01
2046          	2.787173e+01
2047          	2.787168e+01
2048          	2.787051e+01
2049          	2.786813e+01
2050          	2.786652e+01
2051          	2.786514e+01
2052          	2.786376e+01
2053          	2.786224e+01
2054          	2.786166e+01
2055          	2.786146e+01
2056          	2.786106e+01
2057          	2.786020e+01
2058          	2.785991e+01
2059          	2.785964e+01
2060          	2.785904e+01
2061          	2.785792e+01
2062          	2.786339e+01
2063          	2.786182e+01
2064          	2.786001e+01
2065          	2.785802e+01
2066          	2.785611e+01
2067          	2.785568e+01
2068          	2.785532e+01
2069          	2.785457e+01
2070          	2.785366e+01
2071          	2.785339e+01
2072          	2.785293e+01
2073          	2.785199e+01
2074          	2.785097e+01
2075          	2.785045e+01
2076          	2.784988e+01
2077          	2.784895e+01
2078          	2.784805e+01
2079          	2.784867e+01
2080          	2.784793e+01
2081          	2.784693e+01
2082          	2.784606e+01
2083          	2.784508e+01
2084          	2.784451e+01
2085          	2.784374e+01
2086          	2.784297e+01
2087          	2.784201e+01
2088          	2.784133e+01
2089          	2.784043e+01
2090          	2.783959e+01
2091          	2.783863e+01
2092          	2.783865e+01
2093          	2.783757e+01
2094          	2.783676e+01
2095          	2.783597e+01
2096          	2.783488e+01
2097          	2.783409e+01
2098          	2.783354e+01
2099          	2.783287e+01
2100          	2.783182e+01
2101          	2.783096e+01
2102          	2.783034e+01
2103          	2.782966e+01
2104          	2.782866e+01
2105          	2.782847e+01
2106          	2.782775e+01
2107          	2.782716e+01
2108          	2.782640e+01
2109          	2.782528e+01
2110          	2.782484e+01
2111          	2.782452e+01
2112          	2.782392e+01
2113          	2.782282e+01
2114          	2.782759e+01
2115          	2.782615e+01
2116          	2.782447e+01
2117          	2.782255e+01
2118          	2.782071e+01
2119          	2.782022e+01
2120          	2.781980e+01
2121          	2.781899e+01
2122          	2.781806e+01
2123          	2.781776e+01
2124          	2.781729e+01
2125          	2.781636e+01
2126          	2.781534e+01
2127          	2.781483e+01
2128          	2.781430e+01
2129          	2.781343e+01
2130          	2.781259e+01
2131          	2.781312e+01
2132          	2.781249e+01
2133          	2.781160e+01
2134          	2.781087e+01
2135          	2.781004e+01
2136          	2.780963e+01
2137          	2.780901e+01
2138          	2.780841e+01
2139          	2.780763e+01
2140          	2.780712e+01
2141          	2.780643e+01
2142          	2.780581e+01
2143          	2.780507e+01
2144          	2.780531e+01
2145          	2.780450e+01
2146          	2.780392e+01
2147          	2.780339e+01
2148          	2.780259e+01
2149          	2.780207e+01
2150          	2.780181e+01
2151          	2.780145e+01
2152          	2.780074e+01
2153          	2.786275e+01
2154          	2.785050e+01
2155          	2.783654e+01
2156          	2.782338e+01
2157          	2.781031e+01
2158          	2.780786e+01
2159          	2.780729e+01
2160          	2.780687e+01
2161          	2.780213e+01
2162          	2.780346e+01
2163          	2.780390e+01
2164          	2.780301e+01
2165          	2.780055e+01
2166          	2.779910e+01
2167          	2.779790e+01
2168          	2.779678e+01
2169          	2.779560e+01
2170          	2.779548e+01
2171          	2.779577e+01
2172          	2.779591e+01
2173          	2.779557e+01
2174          	2.779579e+01
2175          	2.779602e+01
2176          	2.779587e+01
2177          	2.779519e+01
2178          	2.779511e+01
2179          	2.779515e+01
2180          	2.779497e+01
2181          	2.779438e+01
2182          	2.779535e+01
2183          	2.779531e+01
2184          	2.779517e+01
2185          	2.779474e+01
2186          	2.779436e+01
2187          	2.779459e+01
2188          	2.779476e+01
2189          	2.779453e+01
2190          	2.779426e+01
2191          	2.779448e+01
2192          	2.779462e+01
2193          	2.779439e+01
2194          	2.779419e+01
2195          	2.779509e+01
2196          	2.779516e+01
2197          	2.779504e+01
2198          	2.779509e+01
2199          	2.779509e+01
2200          	2.779546e+01
2201          	2.779565e+01
2202          	2.779589e+01
2203          	2.779596e+01
2204          	2.780064e+01
2205          	2.779995e+01
2206          	2.779938e+01
2207          	2.779890e+01
2208          	2.779821e+01
2209          	2.779839e+01
2210          	2.779894e+01
2211          	2.779944e+01
2212          	2.779952e+01
2213          	2.779987e+01
2214          	2.780041e+01
2215          	2.780084e+01
2216          	2.780093e+01
2217          	2.780121e+01
2218          	2.780178e+01
2219          	2.780233e+01
2220          	2.780260e+01
2221          	2.780381e+01
2222          	2.780432e+01
2223          	2.780493e+01
2224          	2.780536e+01
2225          	2.780540e+01
2226          	2.780615e+01
2227          	2.780701e+01
2228          	2.780758e+01
2229          	2.780766e+01
2230          	2.780834e+01
2231          	2.780912e+01
2232          	2.780965e+01
2233          	2.780974e+01
2234          	2.781108e+01
2235          	2.781171e+01
2236          	2.781227e+01
2237          	2.781251e+01
2238          	2.781281e+01
2239          	2.781364e+01
2240          	2.781442e+01
2241          	2.781474e+01
2242          	2.781502e+01
2243          	2.782251e+01
2244          	2.782182e+01
2245          	2.782068e+01
2246          	2.781975e+01
2247          	2.781874e+01
2248          	2.781914e+01
2249          	2.781948e+01
2250          	2.781989e+01
2251          	2.782000e+01
2252          	2.782058e+01
2253          	2.782083e+01
2254          	2.782100e+01
2255          	2.782096e+01
2256          	2.782123e+01
2257          	2.782130e+01
2258          	2.782145e+01
2259          	2.782150e+01
2260          	2.782307e+01
2261          	2.782291e+01
2262          	2.782293e+01
2263          	2.782291e+01
2264          	2.782260e+01
2265          	2.782258e+01
2266          	2.782277e+01
2267          	2.782283e+01
2268          	2.782248e+01
2269          	2.782227e+01
2270          	2.782225e+01
2271          	2.782213e+01
2272          	2.782166e+01
2273          	2.782214e+01
2274          	2.782182e+01
2275          	2.782155e+01
2276          	2.782108e+01
2277          	2.782020e+01
2278          	2.782000e+01
2279          	2.781989e+01
2280          	2.781944e+01
2281          	2.781848e+01
2282          	2.781808e+01
2283          	2.781775e+01
2284          	2.781713e+01
2285          	2.781605e+01
2286          	2.781620e+01
2287          	2.781563e+01
2288          	2.781495e+01
2289          	2.781396e+01
2290          	2.781301e+01
2291          	2.781260e+01
2292          	2.781209e+01
2293          	2.781116e+01
2294          	2.781016e+01
2295          	2.781773e+01
2296          	2.781549e+01
2297          	2.781279e+01
2298          	2.781034e+01
2299          	2.780784e+01
2300          	2.780704e+01
2301          	2.780627e+01
2302          	2.780560e+01
2303          	2.780457e+01
2304          	2.780408e+01
2305          	2.780323e+01
2306          	2.780234e+01
2307          	2.780126e+01
2308          	2.780054e+01
2309          	2.779970e+01
2310          	2.779901e+01
2311          	2.779828e+01
2312          	2.779958e+01
2313          	2.779868e+01
2314          	2.779803e+01
2315          	2.779740e+01
2316          	2.779653e+01
2317          	2.779609e+01
2318          	2.779594e+01
2319          	2.779572e+01
2320          	2.779514e+01
2321          	2.779479e+01
2322          	2.779470e+01
2323          	2.779458e+01
2324          	2.779416e+01
2325          	2.779520e+01
2326          	2.779503e+01
2327          	2.779498e+01
2328          	2.779482e+01
2329          	2.779432e+01
2330          	2.779461e+01
2331          	2.779507e+01
2332          	2.779534e+01
2333          	2.779508e+01
2334          	2.779548e+01
2335          	2.779603e+01
2336          	2.779632e+01
2337          	2.779624e+01
2338          	2.779764e+01
2339          	2.779813e+01
2340          	2.779854e+01
2341          	2.779872e+01
2342          	2.779901e+01
2343          	2.779992e+01
2344          	2.780075e+01
2345          	2.780122e+01
2346          	2.780165e+01
2347          	2.780256e+01
2348          	2.780341e+01
2349          	2.780387e+01
2350          	2.780437e+01
2351          	2.780596e+01
2352          	2.780674e+01
2353          	2.780731e+01
2354          	2.780803e+01
2355          	2.780867e+01
2356          	2.780967e+01
2357          	2.781047e+01
2358          	2.781130e+01
2359          	2.781194e+01
2360          	2.782055e+01
2361          	2.781973e+01
2362          	2.781888e+01
2363          	2.781812e+01
2364          	2.781707e+01
2365          	2.781743e+01
2366          	2.781828e+01
2367          	2.781909e+01
2368          	2.781933e+01
2369          	2.781996e+01
2370          	2.782066e+01
2371          	2.782114e+01
2372          	2.782118e+01
2373          	2.782140e+01
2374          	2.782186e+01
2375          	2.782229e+01
2376          	2.782242e+01
2377          	2.782425e+01
2378          	2.782446e+01
2379          	2.782470e+01
2380          	2.782473e+01
2381          	2.782433e+01
2382          	2.782471e+01
2383          	2.782517e+01
2384          	2.782531e+01
2385          	2.782490e+01
2386          	2.782511e+01
2387          	2.782537e+01
2388          	2.782532e+01
2389          	2.782481e+01
2390          	2.782594e+01
2391          	2.782585e+01
2392          	2.782562e+01
2393          	2.782508e+01
2394          	2.782458e+01
2395          	2.782468e+01
2396          	2.782466e+01
2397          	2.782421e+01
2398          	2.782368e+01
2399          	2.782360e+01
2400          	2.782339e+01
2401          	2.782277e+01
2402          	2.782213e+01
2403          	2.782267e+01
2404          	2.782220e+01
2405          	2.782155e+01
2406          	2.782101e+01
2407          	2.782035e+01
2408          	2.782006e+01
2409          	2.781953e+01
2410          	2.781903e+01
2411          	2.781835e+01
2412          	2.781796e+01
2413          	2.781734e+01
2414          	2.781679e+01
2415          	2.781611e+01
2416          	2.781628e+01
2417          	2.781551e+01
2418          	2.781501e+01
2419          	2.781457e+01
2420          	2.781386e+01
2421          	2.781343e+01
2422          	2.781324e+01
2423          	2.781295e+01
2424          	2.781231e+01
2425          	2.781714e+01
2426          	2.781588e+01
2427          	2.781460e+01
2428          	2.781326e+01
2429          	2.781159e+01
2430          	2.781144e+01
2431          	2.781158e+01
2432          	2.781153e+01
2433          	2.781095e+01
2434          	2.781117e+01
2435          	2.781145e+01
2436          	2.781149e+01
2437          	2.781105e+01
2438          	2.781130e+01
2439          	2.781175e+01
2440          	2.781205e+01
2441          	2.781201e+01
2442          	2.781356e+01
2443          	2.781414e+01
2444          	2.781466e+01
2445          	2.781495e+01
2446          	2.781532e+01
2447          	2.781636e+01
2448          	2.781729e+01
2449          	2.781790e+01
2450          	2.781848e+01
2451          	2.781954e+01
2452          	2.782053e+01
2453          	2.782116e+01
2454          	2.782182e+01
2455          	2.782367e+01
2456          	2.782463e+01
2457          	2.782539e+01
2458          	2.782632e+01
2459          	2.782718e+01
2460          	2.782840e+01
2461          	2.782942e+01
2462          	2.783044e+01
2463          	2.783126e+01
2464          	2.787541e+01
2465          	2.786800e+01
2466          	2.785959e+01
2467          	2.785168e+01
2468          	2.784245e+01
2469          	2.784214e+01
2470          	2.784319e+01
2471          	2.784430e+01
2472          	2.784277e+01
2473          	2.784436e+01
2474          	2.784543e+01
2475          	2.784560e+01
2476          	2.784484e+01
2477          	2.784443e+01
2478          	2.784443e+01
2479          	2.784456e+01
2480          	2.784456e+01
2481          	2.784495e+01
2482          	2.784569e+01
2483          	2.784638e+01
2484          	2.784667e+01
2485          	2.784703e+01
2486          	2.784754e+01
2487          	2.784787e+01
2488          	2.784780e+01
2489          	2.784975e+01
2490          	2.784960e+01
2491          	2.784948e+01
2492          	2.784918e+01
2493          	2.784847e+01
2494          	2.784862e+01
2495          	2.784887e+01
2496          	2.784881e+01
2497          	2.784820e+01
2498          	2.784819e+01
2499          	2.784823e+01
2500          	2.784797e+01
2501          	2.784721e+01
2502          	2.784841e+01
2503          	2.784805e+01
2504          	2.784756e+01
2505          	2.784678e+01
2506          	2.784605e+01
2507          	2.784596e+01
2508          	2.784580e+01
2509          	2.784520e+01
2510          	2.784452e+01
2511          	2.784430e+01
2512          	2.784399e+01
2513          	2.784325e+01
2514          	2.784252e+01
2515          	2.784313e+01
2516          	2.784257e+01
2517          	2.784180e+01
2518          	2.784118e+01
2519          	2.784051e+01
2520          	2.784024e+01
2521          	2.783979e+01
2522          	2.783937e+01
2523          	2.783876e+01
2524          	2.783843e+01
2525          	2.783787e+01
2526          	2.783738e+01
2527          	2.783678e+01
2528          	2.783709e+01
2529          	2.783645e+01
2530          	2.783604e+01
2531          	2.783569e+01
2532          	2.783509e+01
2533          	2.783473e+01
2534          	2.783463e+01
2535          	2.783444e+01
2536          	2.783391e+01
2537          	2.784082e+01
2538          	2.783924e+01
2539          	2.783756e+01
2540          	2.783580e+01
2541          	2.783369e+01
2542          	2.783343e+01
2543          	2.783348e+01
2544          	2.783331e+01
2545          	2.783254e+01
2546          	2.783262e+01
2547          	2.783270e+01
2548          	2.783241e+01
2549          	2.783162e+01
2550          	2.783148e+01
2551          	2.783150e+01
2552          	2.783132e+01
2553          	2.783077e+01
2554          	2.783223e+01
2555          	2.783217e+01
2556          	2.783199e+01
2557          	2.783154e+01
2558          	2.783114e+01
2559          	2.783142e+01
2560          	2.783162e+01
2561          	2.783143e+01
2562          	2.783118e+01
2563          	2.783144e+01
2564          	2.783161e+01
2565          	2.783141e+01
2566          	2.783122e+01
2567          	2.783247e+01
2568          	2.783249e+01
2569          	2.783231e+01
2570          	2.783230e+01
2571          	2.783224e+01
2572          	2.783260e+01
2573          	2.783277e+01
2574          	2.783300e+01
2575          	2.783304e+01
2576          	2.783336e+01
2577          	2.783350e+01
2578          	2.783370e+01
2579          	2.783376e+01
2580          	2.783483e+01
2581          	2.783484e+01
2582          	2.783511e+01
2583          	2.783543e+01
2584          	2.783552e+01
2585          	2.783583e+01
2586          	2.783638e+01
2587          	2.783685e+01
2588          	2.783697e+01
2589          	2.785860e+01
2590          	2.785499e+01
2591          	2.785083e+01
2592          	2.784676e+01
2593          	2.784184e+01
2594          	2.784186e+01
2595          	2.784257e+01
2596          	2.784309e+01
2597          	2.784245e+01
2598          	2.784333e+01
2599          	2.784398e+01
2600          	2.784406e+01
2601          	2.784341e+01
2602          	2.784350e+01
2603          	2.784375e+01
2604          	2.784388e+01
2605          	2.784370e+01
2606          	2.784429e+01
2607          	2.784507e+01
2608          	2.784557e+01
2609          	2.784561e+01
2610          	2.784802e+01
2611          	2.784830e+01
2612          	2.784840e+01
2613          	2.784817e+01
2614          	2.784797e+01
2615          	2.784853e+01
2616          	2.784902e+01
2617          	2.784911e+01
2618          	2.784913e+01
2619          	2.784964e+01
2620          	2.785002e+01
2621          	2.784997e+01
2622          	2.784990e+01
2623          	2.785162e+01
2624          	2.785163e+01
2625          	2.785138e+01
2626          	2.785129e+01
2627          	2.785111e+01
2628          	2.785139e+01
2629          	2.785145e+01
2630          	2.785152e+01
2631          	2.785138e+01
2632          	2.785151e+01
2633          	2.785138e+01
2634          	2.785129e+01
2635          	2.785105e+01
2636          	2.785190e+01
2637          	2.785150e+01
2638          	2.785131e+01
2639          	2.785113e+01
2640          	2.785066e+01
2641          	2.785046e+01
2642          	2.785048e+01
2643          	2.785038e+01
2644          	2.784990e+01
2645          	2.784955e+01
2646          	2.784941e+01
2647          	2.784919e+01
2648          	2.784865e+01
2649          	2.784890e+01
2650          	2.784860e+01
2651          	2.784839e+01
2652          	2.784800e+01
2653          	2.784721e+01
2654          	2.784710e+01
2655          	2.784711e+01
2656          	2.784681e+01
2657          	2.784603e+01
2658          	2.785443e+01
2659          	2.785266e+01
2660          	2.785055e+01
2661          	2.784826e+01
2662          	2.784604e+01
2663          	2.784578e+01
2664          	2.784567e+01
2665          	2.784523e+01
2666          	2.784457e+01
2667          	2.784468e+01
2668          	2.784455e+01
2669          	2.784395e+01
2670          	2.784326e+01
2671          	2.784312e+01
2672          	2.784294e+01
2673          	2.784247e+01
2674          	2.784208e+01
2675          	2.784416e+01
2676          	2.784384e+01
2677          	2.784328e+01
2678          	2.784288e+01
2679          	2.784240e+01
2680          	2.784250e+01
2681          	2.784243e+01
2682          	2.784240e+01
2683          	2.784219e+01
2684          	2.784231e+01
2685          	2.784222e+01
2686          	2.784218e+01
2687          	2.784203e+01
2688          	2.784377e+01
2689          	2.784339e+01
2690          	2.784323e+01
2691          	2.784311e+01
2692          	2.784275e+01
2693          	2.784280e+01
2694          	2.784311e+01
2695          	2.784334e+01
2696          	2.784320e+01
2697          	2.784324e+01
2698          	2.784350e+01
2699          	2.784367e+01
2700          	2.784354e+01
2701          	2.784462e+01
2702          	2.784468e+01
2703          	2.784481e+01
2704          	2.784481e+01
2705          	2.784443e+01
2706          	2.784480e+01
2707          	2.784528e+01
2708          	2.784548e+01
2709          	2.784520e+01
2710          	2.784551e+01
2711          	2.784592e+01
2712          	2.784606e+01
2713          	2.784577e+01
2714          	2.784682e+01
2715          	2.784706e+01
2716          	2.784723e+01
2717          	2.784712e+01
2718          	2.784706e+01
2719          	2.784756e+01
2720          	2.784799e+01
2721          	2.784800e+01
2722          	2.784797e+01
2723          	2.784839e+01
2724          	2.784872e+01
2725          	2.784867e+01
2726          	2.784863e+01
2727          	2.784967e+01
2728          	2.784987e+01
2729          	2.784987e+01
2730          	2.785002e+01
2731          	2.785009e+01
2732          	2.785053e+01
2733          	2.785074e+01
2734          	2.785099e+01
2735          	2.785106e+01
2736          	2.785675e+01
2737          	2.785581e+01
2738          	2.785494e+01
2739          	2.785415e+01
2740          	2.785311e+01
2741          	2.785312e+01
2742          	2.785351e+01
2743          	2.785383e+01
2744          	2.785371e+01
2745          	2.785389e+01
2746          	2.785422e+01
2747          	2.785441e+01
2748          	2.785423e+01
2749          	2.785421e+01
2750          	2.785447e+01
2751          	2.785471e+01
2752          	2.785466e+01
2753          	2.785571e+01
2754          	2.785587e+01
2755          	2.785613e+01
2756          	2.785620e+01
2757          	2.785585e+01
2758          	2.785622e+01
2759          	2.785669e+01
2760          	2.785687e+01
2761          	2.785655e+01
2762          	2.785682e+01
2763          	2.785719e+01
2764          	2.785728e+01
2765          	2.785695e+01
2766          	2.785791e+01
2767          	2.785811e+01
2768          	2.785823e+01
2769          	2.785803e+01
2770          	2.785789e+01
2771          	2.785831e+01
2772          	2.785863e+01
2773          	2.785852e+01
2774          	2.785836e+01
2775          	2.794407e+01
2776          	2.792802e+01
2777          	2.790923e+01
2778          	2.789227e+01
2779          	2.787823e+01
2780          	2.786281e+01
2781          	2.786448e+01
2782          	2.786764e+01
2783          	2.787002e+01
2784          	2.786851e+01
2785          	2.786890e+01
2786          	2.786796e+01
2787          	2.786589e+01
2788          	2.786282e+01
2789          	2.786070e+01
2790          	2.785947e+01
2791          	2.785888e+01
2792          	2.785849e+01
2793          	2.785874e+01
2794          	2.785937e+01
2795          	2.785985e+01
2796          	2.785977e+01
2797          	2.785969e+01
2798          	2.785969e+01
2799          	2.785952e+01
2800          	2.785895e+01
2801          	2.785861e+01
2802          	2.785856e+01
2803          	2.785848e+01
2804          	2.785811e+01
2805          	2.785891e+01
2806          	2.785874e+01
2807          	2.785864e+01
2808          	2.785834e+01
2809          	2.785765e+01
2810          	2.785771e+01
2811          	2.785787e+01
2812          	2.785775e+01
2813          	2.785713e+01
2814          	2.785711e+01
2815          	2.785720e+01
2816          	2.785702e+01
2817          	2.785641e+01
2818          	2.785701e+01
2819          	2.785696e+01
2820          	2.785684e+01
2821          	2.785642e+01
2822          	2.785607e+01
2823          	2.785628e+01
2824          	2.785640e+01
2825          	2.785612e+01
2826          	2.785580e+01
2827          	2.785982e+01
2828          	2.785910e+01
2829          	2.785807e+01
2830          	2.785723e+01
2831          	2.785635e+01
2832          	2.785639e+01
2833          	2.785632e+01
2834          	2.785633e+01
2835          	2.785612e+01
2836          	2.785630e+01
2837          	2.785622e+01
2838          	2.785616e+01
2839          	2.785593e+01
2840          	2.785600e+01
2841          	2.785592e+01
2842          	2.785595e+01
2843          	2.785588e+01
2844          	2.785680e+01
2845          	2.785668e+01
2846          	2.785679e+01
2847          	2.785691e+01
2848          	2.785677e+01
2849          	2.785687e+01
2850          	2.785721e+01
2851          	2.785746e+01
2852          	2.785735e+01
2853          	2.785739e+01
2854          	2.785767e+01
2855          	2.785790e+01
2856          	2.785782e+01
2857          	2.785851e+01
2858          	2.785869e+01
2859          	2.785898e+01
2860          	2.785909e+01
2861          	2.785882e+01
2862          	2.785922e+01
2863          	2.785973e+01
2864          	2.785995e+01
2865          	2.785968e+01
2866          	2.786526e+01
2867          	2.786464e+01
2868          	2.786378e+01
2869          	2.786266e+01
2870          	2.786162e+01
2871          	2.786191e+01
2872          	2.786226e+01
2873          	2.786223e+01
2874          	2.786206e+01
2875          	2.786253e+01
2876          	2.786281e+01
2877          	2.786261e+01
2878          	2.786236e+01
2879          	2.786260e+01
2880          	2.786278e+01
2881          	2.786261e+01
2882          	2.786248e+01
2883          	2.786371e+01
2884          	2.786376e+01
2885          	2.786359e+01
2886          	2.786354e+01
2887          	2.786340e+01
2888          	2.786363e+01
2889          	2.786364e+01
2890          	2.786367e+01
2891          	2.786351e+01
2892          	2.786362e+01
2893          	2.786350e+01
2894          	2.786344e+01
2895          	2.786324e+01
2896          	2.786401e+01
2897          	2.786371e+01
2898          	2.786362e+01
2899          	2.786355e+01
2900          	2.786321e+01
2901          	2.786311e+01
2902          	2.786324e+01
2903          	2.786326e+01
2904          	2.786288e+01
2905          	2.788946e+01
2906          	2.788431e+01
2907          	2.787844e+01
2908          	2.787271e+01
2909          	2.786585e+01
2910          	2.786518e+01
2911          	2.786533e+01
2912          	2.786532e+01
2913          	2.786387e+01
2914          	2.786433e+01
2915          	2.786442e+01
2916          	2.786383e+01
2917          	2.786241e+01
2918          	2.786178e+01
2919          	2.786134e+01
2920          	2.786081e+01
2921          	2.786002e+01
2922          	2.785999e+01
2923          	2.786018e+01
2924          	2.786015e+01
2925          	2.785966e+01
2926          	2.786258e+01
2927          	2.786212e+01
2928          	2.786147e+01
2929          	2.786052e+01
2930          	2.785962e+01
2931          	2.785963e+01
2932          	2.785967e+01
2933          	2.785934e+01
2934          	2.785894e+01
2935          	2.785910e+01
2936          	2.785915e+01
2937          	2.785879e+01
2938          	2.785842e+01
2939          	2.791843e+01
2940          	2.790708e+01
2941          	2.789377e+01
2942          	2.788154e+01
2943          	2.786938e+01
2944          	2.786750e+01
2945          	2.786708e+01
2946          	2.786709e+01
2947          	2.786316e+01
2948          	2.786480e+01
2949          	2.786528e+01
2950          	2.786479e+01
2951          	2.786314e+01
2952          	2.786212e+01
2953          	2.786101e+01
2954          	2.786027e+01
2955          	2.785978e+01
2956          	2.786003e+01
2957          	2.786037e+01
2958          	2.786087e+01
2959          	2.786121e+01
2960          	2.786183e+01
2961          	2.786214e+01
2962          	2.786240e+01
2963          	2.786245e+01
2964          	2.788274e+01
2965          	2.787902e+01
2966          	2.787498e+01
2967          	2.787120e+01
2968          	2.786672e+01
2969          	2.786640e+01
2970          	2.786686e+01
2971          	2.786733e+01
2972          	2.786684e+01
2973          	2.786740e+01
2974          	2.786783e+01
2975          	2.786783e+01
