# Region type : patch out
# Faces  :    298
# Area   :    1.250000e-07
# Time        	areaAverage(p)
0             	0.000000e+00
1             	7.909633e+04
2             	6.865173e+04
3             	3.740987e+04
4             	6.414010e+03
5             	-1.571761e+04
6             	-2.554813e+04
7             	-2.523582e+04
8             	-1.831513e+04
9             	-8.684308e+03
10            	8.263293e+01
11            	5.918030e+03
12            	8.241002e+03
13            	7.645758e+03
14            	5.285964e+03
15            	2.410330e+03
16            	-2.240750e+01
17            	-1.498042e+03
18            	-1.932572e+03
19            	-1.563725e+03
20            	-7.585926e+02
21            	1.121601e+02
22            	7.815715e+02
23            	1.122657e+03
24            	1.144984e+03
25            	9.436860e+02
26            	6.400250e+02
27            	3.491262e+02
28            	1.456248e+02
29            	5.248257e+01
30            	5.822713e+01
31            	1.272504e+02
32            	2.175071e+02
33            	2.949987e+02
34            	3.397461e+02
35            	3.475926e+02
36            	3.263410e+02
37            	2.892197e+02
38            	2.497467e+02
39            	2.177318e+02
40            	1.982645e+02
41            	1.912169e+02
42            	1.929728e+02
43            	1.990380e+02
44            	2.049882e+02
45            	2.079223e+02
46            	2.068704e+02
47            	2.022331e+02
48            	1.953112e+02
49            	1.876995e+02
50            	1.805901e+02
51            	1.750203e+02
52            	1.710090e+02
53            	1.683330e+02
54            	1.664617e+02
55            	1.648623e+02
56            	1.631171e+02
57            	1.610066e+02
58            	1.584998e+02
59            	1.557703e+02
60            	1.529771e+02
61            	1.502025e+02
62            	1.476808e+02
63            	1.453650e+02
64            	1.432740e+02
65            	1.413607e+02
66            	1.395643e+02
67            	1.378457e+02
68            	1.361243e+02
69            	1.343978e+02
70            	1.326701e+02
71            	1.309901e+02
72            	1.293670e+02
73            	1.277722e+02
74            	1.262346e+02
75            	1.247473e+02
76            	1.233283e+02
77            	1.219707e+02
78            	1.206410e+02
79            	1.193523e+02
80            	1.180894e+02
81            	1.168579e+02
82            	1.156607e+02
83            	1.144868e+02
84            	1.133366e+02
85            	1.122138e+02
86            	1.111052e+02
87            	1.100540e+02
88            	1.090281e+02
89            	1.080333e+02
90            	1.070540e+02
91            	1.060890e+02
92            	1.051589e+02
93            	1.042442e+02
94            	1.033285e+02
95            	1.024445e+02
96            	1.015730e+02
97            	1.007280e+02
98            	9.992155e+01
99            	9.911822e+01
100           	9.834568e+01
101           	9.757505e+01
102           	9.682641e+01
103           	9.607080e+01
104           	9.533308e+01
105           	9.462487e+01
106           	9.391423e+01
107           	9.321970e+01
108           	9.254452e+01
109           	9.189067e+01
110           	9.125706e+01
111           	9.064616e+01
112           	9.002854e+01
113           	8.940584e+01
114           	8.879057e+01
115           	8.818342e+01
116           	8.759670e+01
117           	8.702467e+01
118           	8.646257e+01
119           	8.591674e+01
120           	8.537756e+01
121           	8.485683e+01
122           	8.434027e+01
123           	8.382332e+01
124           	8.330833e+01
125           	8.279543e+01
126           	8.229483e+01
127           	8.181385e+01
128           	8.134030e+01
129           	8.087793e+01
130           	8.041885e+01
131           	7.996753e+01
132           	7.952167e+01
133           	7.908553e+01
134           	7.864455e+01
135           	7.820807e+01
136           	7.778093e+01
137           	7.736500e+01
138           	7.696060e+01
139           	7.656274e+01
140           	7.616360e+01
141           	7.577431e+01
142           	7.539105e+01
143           	7.501212e+01
144           	7.462734e+01
145           	7.424766e+01
146           	7.387518e+01
147           	7.352278e+01
148           	7.316744e+01
149           	7.281332e+01
150           	7.246716e+01
151           	7.212746e+01
152           	7.179839e+01
153           	7.146850e+01
154           	7.113233e+01
155           	7.079859e+01
156           	7.046945e+01
157           	7.015474e+01
158           	6.984641e+01
159           	6.953669e+01
160           	6.923270e+01
161           	6.893468e+01
162           	6.864573e+01
163           	6.835597e+01
164           	6.805774e+01
165           	6.776252e+01
166           	6.747219e+01
167           	6.719346e+01
168           	6.691980e+01
169           	6.664526e+01
170           	6.637750e+01
171           	6.611419e+01
172           	6.585718e+01
173           	6.560232e+01
174           	6.533819e+01
175           	6.507876e+01
176           	6.481768e+01
177           	6.456354e+01
178           	6.432392e+01
179           	6.408061e+01
180           	6.384539e+01
181           	6.361076e+01
182           	6.337810e+01
183           	6.315362e+01
184           	6.291795e+01
185           	6.268360e+01
186           	6.245337e+01
187           	6.222853e+01
188           	6.201547e+01
189           	6.179857e+01
190           	6.158478e+01
191           	6.137478e+01
192           	6.116777e+01
193           	6.096321e+01
194           	6.076012e+01
195           	6.055439e+01
196           	6.034346e+01
197           	6.014341e+01
198           	5.994107e+01
199           	5.974933e+01
200           	5.956068e+01
201           	5.937567e+01
202           	5.919102e+01
203           	5.900174e+01
204           	5.881245e+01
205           	5.862909e+01
206           	5.844767e+01
207           	5.826642e+01
208           	5.808567e+01
209           	5.791156e+01
210           	5.774205e+01
211           	5.757566e+01
212           	5.740753e+01
213           	5.724345e+01
214           	5.707436e+01
215           	5.690612e+01
216           	5.673656e+01
217           	5.657086e+01
218           	5.640891e+01
219           	5.625107e+01
220           	5.609914e+01
221           	5.594787e+01
222           	5.579933e+01
223           	5.564848e+01
224           	5.549624e+01
225           	5.534625e+01
226           	5.519510e+01
227           	5.504532e+01
228           	5.489626e+01
229           	5.475233e+01
230           	5.461513e+01
231           	5.448020e+01
232           	5.434312e+01
233           	5.420524e+01
234           	5.406871e+01
235           	5.393212e+01
236           	5.379570e+01
237           	5.365869e+01
238           	5.352361e+01
239           	5.339364e+01
240           	5.326706e+01
241           	5.314492e+01
242           	5.302173e+01
243           	5.289681e+01
244           	5.277212e+01
245           	5.264760e+01
246           	5.252449e+01
247           	5.240011e+01
248           	5.227690e+01
249           	5.215820e+01
250           	5.204254e+01
251           	5.193109e+01
252           	5.181820e+01
253           	5.170569e+01
254           	5.159318e+01
255           	5.147873e+01
256           	5.136526e+01
257           	5.125163e+01
258           	5.113990e+01
259           	5.103135e+01
260           	5.092386e+01
261           	5.082216e+01
262           	5.072034e+01
263           	5.061762e+01
264           	5.051375e+01
265           	5.040841e+01
266           	5.030366e+01
267           	5.020017e+01
268           	5.009706e+01
269           	4.999782e+01
270           	4.989980e+01
271           	4.980384e+01
272           	4.971080e+01
273           	4.961713e+01
274           	4.952335e+01
275           	4.942623e+01
276           	4.932706e+01
277           	4.923250e+01
278           	4.913810e+01
279           	4.904678e+01
280           	4.895470e+01
281           	4.886619e+01
282           	4.877924e+01
283           	4.869384e+01
284           	4.860776e+01
285           	4.851898e+01
286           	4.842863e+01
287           	4.833850e+01
288           	4.825077e+01
289           	4.816729e+01
290           	4.808381e+01
291           	4.800131e+01
292           	4.791989e+01
293           	4.784073e+01
294           	4.776255e+01
295           	4.768031e+01
296           	4.759544e+01
297           	4.751189e+01
298           	4.743131e+01
299           	4.735396e+01
300           	4.727550e+01
301           	4.719933e+01
302           	4.712473e+01
303           	4.705144e+01
304           	4.697776e+01
305           	4.690142e+01
306           	4.682409e+01
307           	4.674634e+01
308           	4.667086e+01
309           	4.659804e+01
310           	4.652478e+01
311           	4.645465e+01
312           	4.638475e+01
313           	4.631762e+01
314           	4.624942e+01
315           	4.617713e+01
316           	4.610450e+01
317           	4.603227e+01
318           	4.596203e+01
319           	4.589389e+01
320           	4.582555e+01
321           	4.576021e+01
322           	4.569589e+01
323           	4.563131e+01
324           	4.556650e+01
325           	4.550036e+01
326           	4.543410e+01
327           	4.536663e+01
328           	4.529856e+01
329           	4.523420e+01
330           	4.517180e+01
331           	4.511086e+01
332           	4.504955e+01
333           	4.498880e+01
334           	4.492841e+01
335           	4.486671e+01
336           	4.480391e+01
337           	4.474068e+01
338           	4.467824e+01
339           	4.461676e+01
340           	4.455616e+01
341           	4.449938e+01
342           	4.444304e+01
343           	4.438708e+01
344           	4.432862e+01
345           	4.427042e+01
346           	4.421237e+01
347           	4.415251e+01
348           	4.409309e+01
349           	4.403473e+01
350           	4.397894e+01
351           	4.392476e+01
352           	4.387135e+01
353           	4.381784e+01
354           	4.376434e+01
355           	4.370962e+01
356           	4.365299e+01
357           	4.359739e+01
358           	4.354244e+01
359           	4.348832e+01
360           	4.343399e+01
361           	4.338173e+01
362           	4.333174e+01
363           	4.328211e+01
364           	4.323192e+01
365           	4.318111e+01
366           	4.312914e+01
367           	4.307541e+01
368           	4.302311e+01
369           	4.297196e+01
370           	4.292103e+01
371           	4.287261e+01
372           	4.282427e+01
373           	4.277674e+01
374           	4.272990e+01
375           	4.268220e+01
376           	4.263233e+01
377           	4.258410e+01
378           	4.253489e+01
379           	4.248796e+01
380           	4.243889e+01
381           	4.239300e+01
382           	4.234779e+01
383           	4.230297e+01
384           	4.225927e+01
385           	4.221315e+01
386           	4.216774e+01
387           	4.212033e+01
388           	4.207223e+01
389           	4.202759e+01
390           	4.198236e+01
391           	4.193965e+01
392           	4.189575e+01
393           	4.185363e+01
394           	4.181302e+01
395           	4.176942e+01
396           	4.172510e+01
397           	4.168010e+01
398           	4.163558e+01
399           	4.159233e+01
400           	4.154813e+01
401           	4.150788e+01
402           	4.146690e+01
403           	4.142662e+01
404           	4.138657e+01
405           	4.134441e+01
406           	4.130327e+01
407           	4.126028e+01
408           	4.121592e+01
409           	4.117383e+01
410           	4.113166e+01
411           	4.109212e+01
412           	4.105284e+01
413           	4.101426e+01
414           	4.097551e+01
415           	4.093440e+01
416           	4.089263e+01
417           	4.085210e+01
418           	4.081139e+01
419           	4.076991e+01
420           	4.072807e+01
421           	4.068900e+01
422           	4.065266e+01
423           	4.061610e+01
424           	4.057676e+01
425           	4.053785e+01
426           	4.049877e+01
427           	4.045977e+01
428           	4.041949e+01
429           	4.037941e+01
430           	4.034155e+01
431           	4.030282e+01
432           	4.026598e+01
433           	4.023028e+01
434           	4.019419e+01
435           	4.015737e+01
436           	4.011860e+01
437           	4.008021e+01
438           	4.004202e+01
439           	4.000419e+01
440           	3.996673e+01
441           	3.993023e+01
442           	3.989544e+01
443           	3.986075e+01
444           	3.982587e+01
445           	3.979129e+01
446           	3.975523e+01
447           	3.971840e+01
448           	3.968044e+01
449           	3.964466e+01
450           	3.961010e+01
451           	3.957525e+01
452           	3.954103e+01
453           	3.950855e+01
454           	3.947714e+01
455           	3.944470e+01
456           	3.940948e+01
457           	3.937466e+01
458           	3.934035e+01
459           	3.930684e+01
460           	3.927316e+01
461           	3.924061e+01
462           	3.920961e+01
463           	3.917881e+01
464           	3.914798e+01
465           	3.911720e+01
466           	3.908531e+01
467           	3.905246e+01
468           	3.901836e+01
469           	3.898608e+01
470           	3.895399e+01
471           	3.892332e+01
472           	3.889262e+01
473           	3.886295e+01
474           	3.883424e+01
475           	3.880377e+01
476           	3.877148e+01
477           	3.874019e+01
478           	3.870903e+01
479           	3.867789e+01
480           	3.864562e+01
481           	3.861495e+01
482           	3.858645e+01
483           	3.855828e+01
484           	3.852834e+01
485           	3.849919e+01
486           	3.846944e+01
487           	3.843938e+01
488           	3.840798e+01
489           	3.837665e+01
490           	3.834659e+01
491           	3.831717e+01
492           	3.828778e+01
493           	3.826016e+01
494           	3.823269e+01
495           	3.820473e+01
496           	3.817544e+01
497           	3.814566e+01
498           	3.811617e+01
499           	3.808631e+01
500           	3.805658e+01
501           	3.802882e+01
502           	3.800188e+01
503           	3.797560e+01
504           	3.794837e+01
505           	3.792186e+01
506           	3.789507e+01
507           	3.786687e+01
508           	3.783779e+01
509           	3.780934e+01
510           	3.778214e+01
511           	3.775553e+01
512           	3.772857e+01
513           	3.770331e+01
514           	3.767820e+01
515           	3.765281e+01
516           	3.762579e+01
517           	3.759849e+01
518           	3.757146e+01
519           	3.754386e+01
520           	3.751642e+01
521           	3.749048e+01
522           	3.746524e+01
523           	3.744068e+01
524           	3.741512e+01
525           	3.739053e+01
526           	3.736543e+01
527           	3.733891e+01
528           	3.731153e+01
529           	3.728471e+01
530           	3.725921e+01
531           	3.723393e+01
532           	3.720836e+01
533           	3.718452e+01
534           	3.716090e+01
535           	3.713715e+01
536           	3.711155e+01
537           	3.708593e+01
538           	3.706052e+01
539           	3.703453e+01
540           	3.700861e+01
541           	3.698381e+01
542           	3.696004e+01
543           	3.693683e+01
544           	3.691272e+01
545           	3.688954e+01
546           	3.686561e+01
547           	3.684064e+01
548           	3.681467e+01
549           	3.678925e+01
550           	3.676497e+01
551           	3.674064e+01
552           	3.671631e+01
553           	3.669362e+01
554           	3.667123e+01
555           	3.664864e+01
556           	3.662426e+01
557           	3.660004e+01
558           	3.657597e+01
559           	3.655132e+01
560           	3.652648e+01
561           	3.650289e+01
562           	3.648036e+01
563           	3.645842e+01
564           	3.643561e+01
565           	3.641354e+01
566           	3.639129e+01
567           	3.636784e+01
568           	3.634340e+01
569           	3.631943e+01
570           	3.629630e+01
571           	3.627357e+01
572           	3.625066e+01
573           	3.622931e+01
574           	3.620828e+01
575           	3.618690e+01
576           	3.616446e+01
577           	3.614207e+01
578           	3.611960e+01
579           	3.609647e+01
580           	3.607298e+01
581           	3.605107e+01
582           	3.603016e+01
583           	3.600969e+01
584           	3.598849e+01
585           	3.596799e+01
586           	3.594733e+01
587           	3.592579e+01
588           	3.590318e+01
589           	3.588103e+01
590           	3.585977e+01
591           	3.583860e+01
592           	3.581742e+01
593           	3.579786e+01
594           	3.577854e+01
595           	3.575907e+01
596           	3.573818e+01
597           	3.571737e+01
598           	3.569682e+01
599           	3.567547e+01
600           	3.565362e+01
601           	3.563323e+01
602           	3.561376e+01
603           	3.559476e+01
604           	3.557481e+01
605           	3.555550e+01
606           	3.553642e+01
607           	3.551652e+01
608           	3.549520e+01
609           	3.547421e+01
610           	3.545361e+01
611           	3.543374e+01
612           	3.541377e+01
613           	3.539503e+01
614           	3.537661e+01
615           	3.535766e+01
616           	3.533790e+01
617           	3.531848e+01
618           	3.529880e+01
619           	3.527836e+01
620           	3.525722e+01
621           	3.523775e+01
622           	3.521942e+01
623           	3.520124e+01
624           	3.518224e+01
625           	3.516401e+01
626           	3.514583e+01
627           	3.512711e+01
628           	3.510734e+01
629           	3.508790e+01
630           	3.506906e+01
631           	3.505051e+01
632           	3.503157e+01
633           	3.501446e+01
634           	3.499773e+01
635           	3.498080e+01
636           	3.496292e+01
637           	3.494515e+01
638           	3.492764e+01
639           	3.490941e+01
640           	3.489069e+01
641           	3.487339e+01
642           	3.485693e+01
643           	3.484095e+01
644           	3.482422e+01
645           	3.480845e+01
646           	3.479288e+01
647           	3.477647e+01
648           	3.475894e+01
649           	3.474175e+01
650           	3.472520e+01
651           	3.470897e+01
652           	3.469253e+01
653           	3.467746e+01
654           	3.466281e+01
655           	3.464803e+01
656           	3.463235e+01
657           	3.461704e+01
658           	3.460160e+01
659           	3.458540e+01
660           	3.456865e+01
661           	3.455327e+01
662           	3.453877e+01
663           	3.452442e+01
664           	3.450933e+01
665           	3.449523e+01
666           	3.448130e+01
667           	3.446655e+01
668           	3.445039e+01
669           	3.443463e+01
670           	3.441943e+01
671           	3.440439e+01
672           	3.438898e+01
673           	3.437478e+01
674           	3.436091e+01
675           	3.434706e+01
676           	3.433223e+01
677           	3.431768e+01
678           	3.430295e+01
679           	3.428731e+01
680           	3.427118e+01
681           	3.425631e+01
682           	3.424222e+01
683           	3.422832e+01
684           	3.421352e+01
685           	3.419989e+01
686           	3.418652e+01
687           	3.417240e+01
688           	3.415703e+01
689           	3.414190e+01
690           	3.412734e+01
691           	3.411296e+01
692           	3.409824e+01
693           	3.408488e+01
694           	3.407191e+01
695           	3.405887e+01
696           	3.404503e+01
697           	3.403154e+01
698           	3.401804e+01
699           	3.400371e+01
700           	3.398862e+01
701           	3.397506e+01
702           	3.396226e+01
703           	3.394971e+01
704           	3.393636e+01
705           	3.392398e+01
706           	3.391211e+01
707           	3.389950e+01
708           	3.388570e+01
709           	3.387211e+01
710           	3.385896e+01
711           	3.384612e+01
712           	3.383284e+01
713           	3.382090e+01
714           	3.380928e+01
715           	3.379755e+01
716           	3.378513e+01
717           	3.377305e+01
718           	3.376097e+01
719           	3.374795e+01
720           	3.373433e+01
721           	3.372186e+01
722           	3.371005e+01
723           	3.369852e+01
724           	3.368611e+01
725           	3.367475e+01
726           	3.366386e+01
727           	3.365218e+01
728           	3.363937e+01
729           	3.362667e+01
730           	3.361438e+01
731           	3.360232e+01
732           	3.358969e+01
733           	3.357839e+01
734           	3.356735e+01
735           	3.355624e+01
736           	3.354451e+01
737           	3.353308e+01
738           	3.352169e+01
739           	3.350943e+01
740           	3.349624e+01
741           	3.348437e+01
742           	3.347300e+01
743           	3.346197e+01
744           	3.345012e+01
745           	3.343918e+01
746           	3.342879e+01
747           	3.341756e+01
748           	3.340533e+01
749           	3.339332e+01
750           	3.338157e+01
751           	3.337004e+01
752           	3.335803e+01
753           	3.334717e+01
754           	3.333667e+01
755           	3.332602e+01
756           	3.331481e+01
757           	3.330407e+01
758           	3.329330e+01
759           	3.328161e+01
760           	3.326903e+01
761           	3.325782e+01
762           	3.324725e+01
763           	3.323681e+01
764           	3.322547e+01
765           	3.321510e+01
766           	3.320539e+01
767           	3.319487e+01
768           	3.318345e+01
769           	3.317217e+01
770           	3.316113e+01
771           	3.315031e+01
772           	3.313877e+01
773           	3.312869e+01
774           	3.311885e+01
775           	3.310894e+01
776           	3.309832e+01
777           	3.308809e+01
778           	3.307813e+01
779           	3.306717e+01
780           	3.305536e+01
781           	3.304468e+01
782           	3.303452e+01
783           	3.302475e+01
784           	3.301401e+01
785           	3.300430e+01
786           	3.299505e+01
787           	3.298512e+01
788           	3.297427e+01
789           	3.296357e+01
790           	3.295317e+01
791           	3.294275e+01
792           	3.293170e+01
793           	3.292202e+01
794           	3.291264e+01
795           	3.290319e+01
796           	3.289300e+01
797           	3.288334e+01
798           	3.287387e+01
799           	3.286348e+01
800           	3.285222e+01
801           	3.284197e+01
802           	3.283238e+01
803           	3.282292e+01
804           	3.281263e+01
805           	3.280340e+01
806           	3.279456e+01
807           	3.278528e+01
808           	3.277495e+01
809           	3.276483e+01
810           	3.275502e+01
811           	3.274508e+01
812           	3.273465e+01
813           	3.272550e+01
814           	3.271669e+01
815           	3.270785e+01
816           	3.269824e+01
817           	3.268932e+01
818           	3.268057e+01
819           	3.267093e+01
820           	3.266044e+01
821           	3.265090e+01
822           	3.264204e+01
823           	3.263337e+01
824           	3.262388e+01
825           	3.261547e+01
826           	3.260749e+01
827           	3.259910e+01
828           	3.258974e+01
829           	3.258062e+01
830           	3.257182e+01
831           	3.256287e+01
832           	3.255344e+01
833           	3.254535e+01
834           	3.253750e+01
835           	3.252965e+01
836           	3.252108e+01
837           	3.251325e+01
838           	3.250569e+01
839           	3.249725e+01
840           	3.248794e+01
841           	3.247958e+01
842           	3.247185e+01
843           	3.246434e+01
844           	3.245595e+01
845           	3.244872e+01
846           	3.244192e+01
847           	3.243471e+01
848           	3.242660e+01
849           	3.241868e+01
850           	3.241105e+01
851           	3.240331e+01
852           	3.239497e+01
853           	3.238790e+01
854           	3.238113e+01
855           	3.237434e+01
856           	3.236688e+01
857           	3.236009e+01
858           	3.235353e+01
859           	3.234610e+01
860           	3.233776e+01
861           	3.233037e+01
862           	3.232351e+01
863           	3.231678e+01
864           	3.230919e+01
865           	3.230264e+01
866           	3.229657e+01
867           	3.229006e+01
868           	3.228260e+01
869           	3.227536e+01
870           	3.226836e+01
871           	3.226122e+01
872           	3.225334e+01
873           	3.224664e+01
874           	3.224036e+01
875           	3.223389e+01
876           	3.222674e+01
877           	3.222027e+01
878           	3.221401e+01
879           	3.220701e+01
880           	3.219891e+01
881           	3.219171e+01
882           	3.218500e+01
883           	3.217835e+01
884           	3.217096e+01
885           	3.216444e+01
886           	3.215840e+01
887           	3.215192e+01
888           	3.214451e+01
889           	3.213745e+01
890           	3.213045e+01
891           	3.212322e+01
892           	3.211528e+01
893           	3.210850e+01
894           	3.210212e+01
895           	3.209552e+01
896           	3.208824e+01
897           	3.208164e+01
898           	3.207525e+01
899           	3.206811e+01
900           	3.205989e+01
901           	3.205255e+01
902           	3.204567e+01
903           	3.203882e+01
904           	3.203123e+01
905           	3.202452e+01
906           	3.201830e+01
907           	3.201168e+01
908           	3.200424e+01
909           	3.199703e+01
910           	3.198990e+01
911           	3.198257e+01
912           	3.197455e+01
913           	3.196777e+01
914           	3.196124e+01
915           	3.195458e+01
916           	3.194727e+01
917           	3.194071e+01
918           	3.193446e+01
919           	3.192739e+01
920           	3.191928e+01
921           	3.191207e+01
922           	3.190533e+01
923           	3.189862e+01
924           	3.189109e+01
925           	3.188456e+01
926           	3.187856e+01
927           	3.187221e+01
928           	3.186504e+01
929           	3.185809e+01
930           	3.185128e+01
931           	3.184425e+01
932           	3.183655e+01
933           	3.183005e+01
934           	3.182378e+01
935           	3.181743e+01
936           	3.181046e+01
937           	3.180427e+01
938           	3.179839e+01
939           	3.179169e+01
940           	3.178406e+01
941           	3.177729e+01
942           	3.177095e+01
943           	3.176457e+01
944           	3.175743e+01
945           	3.175132e+01
946           	3.174572e+01
947           	3.173975e+01
948           	3.173300e+01
949           	3.172642e+01
950           	3.172012e+01
951           	3.171355e+01
952           	3.170625e+01
953           	3.170015e+01
954           	3.169422e+01
955           	3.168830e+01
956           	3.168172e+01
957           	3.167595e+01
958           	3.167049e+01
959           	3.166419e+01
960           	3.165702e+01
961           	3.165067e+01
962           	3.164474e+01
963           	3.163874e+01
964           	3.163196e+01
965           	3.162623e+01
966           	3.162099e+01
967           	3.161541e+01
968           	3.160904e+01
969           	3.160283e+01
970           	3.159692e+01
971           	3.159072e+01
972           	3.158378e+01
973           	3.157799e+01
974           	3.157231e+01
975           	3.156666e+01
976           	3.156033e+01
977           	3.155482e+01
978           	3.154962e+01
979           	3.154354e+01
980           	3.153660e+01
981           	3.153045e+01
982           	3.152473e+01
983           	3.151885e+01
984           	3.151219e+01
985           	3.150655e+01
986           	3.150140e+01
987           	3.149596e+01
988           	3.148972e+01
989           	3.148361e+01
990           	3.147783e+01
991           	3.147173e+01
992           	3.146492e+01
993           	3.145924e+01
994           	3.145362e+01
995           	3.144804e+01
996           	3.144181e+01
997           	3.143644e+01
998           	3.143144e+01
999           	3.142550e+01
1000          	3.141873e+01
1001          	3.141276e+01
1002          	3.140723e+01
1003          	3.140170e+01
1004          	3.139514e+01
1005          	3.138962e+01
1006          	3.138461e+01
1007          	3.137940e+01
1008          	3.137357e+01
1009          	3.136777e+01
1010          	3.136223e+01
1011          	3.135638e+01
1012          	3.134987e+01
1013          	3.134464e+01
1014          	3.133935e+01
1015          	3.133397e+01
1016          	3.132794e+01
1017          	3.132288e+01
1018          	3.131837e+01
1019          	3.131293e+01
1020          	3.130639e+01
1021          	3.130063e+01
1022          	3.129540e+01
1023          	3.129032e+01
1024          	3.128405e+01
1025          	3.127880e+01
1026          	3.127414e+01
1027          	3.126922e+01
1028          	3.126368e+01
1029          	3.125826e+01
1030          	3.125304e+01
1031          	3.124760e+01
1032          	3.124136e+01
1033          	3.123635e+01
1034          	3.123144e+01
1035          	3.122627e+01
1036          	3.122046e+01
1037          	3.121561e+01
1038          	3.121133e+01
1039          	3.120623e+01
1040          	3.120003e+01
1041          	3.119461e+01
1042          	3.118967e+01
1043          	3.118484e+01
1044          	3.117899e+01
1045          	3.117397e+01
1046          	3.116948e+01
1047          	3.116485e+01
1048          	3.115959e+01
1049          	3.115467e+01
1050          	3.114982e+01
1051          	3.114477e+01
1052          	3.113898e+01
1053          	3.113428e+01
1054          	3.112966e+01
1055          	3.112489e+01
1056          	3.111959e+01
1057          	3.111513e+01
1058          	3.111119e+01
1059          	3.110643e+01
1060          	3.110086e+01
1061          	3.109593e+01
1062          	3.109150e+01
1063          	3.108692e+01
1064          	3.108134e+01
1065          	3.107689e+01
1066          	3.107286e+01
1067          	3.106863e+01
1068          	3.106371e+01
1069          	3.105926e+01
1070          	3.105500e+01
1071          	3.105048e+01
1072          	3.104515e+01
1073          	3.104078e+01
1074          	3.103667e+01
1075          	3.103242e+01
1076          	3.102763e+01
1077          	3.102378e+01
1078          	3.102028e+01
1079          	3.101602e+01
1080          	3.101079e+01
1081          	3.100647e+01
1082          	3.100270e+01
1083          	3.099878e+01
1084          	3.099384e+01
1085          	3.098982e+01
1086          	3.098643e+01
1087          	3.098276e+01
1088          	3.097843e+01
1089          	3.097462e+01
1090          	3.097095e+01
1091          	3.096704e+01
1092          	3.096234e+01
1093          	3.095861e+01
1094          	3.095502e+01
1095          	3.095144e+01
1096          	3.094728e+01
1097          	3.094397e+01
1098          	3.094105e+01
1099          	3.093749e+01
1100          	3.093298e+01
1101          	3.092932e+01
1102          	3.092602e+01
1103          	3.092262e+01
1104          	3.091821e+01
1105          	3.091491e+01
1106          	3.091216e+01
1107          	3.090916e+01
1108          	3.090544e+01
1109          	3.090206e+01
1110          	3.089904e+01
1111          	3.089573e+01
1112          	3.089161e+01
1113          	3.088847e+01
1114          	3.088544e+01
1115          	3.088240e+01
1116          	3.087877e+01
1117          	3.087602e+01
1118          	3.087368e+01
1119          	3.087059e+01
1120          	3.086672e+01
1121          	3.086366e+01
1122          	3.086091e+01
1123          	3.085803e+01
1124          	3.085411e+01
1125          	3.085124e+01
1126          	3.084891e+01
1127          	3.084635e+01
1128          	3.084308e+01
1129          	3.084023e+01
1130          	3.083766e+01
1131          	3.083476e+01
1132          	3.083103e+01
1133          	3.082830e+01
1134          	3.082568e+01
1135          	3.082299e+01
1136          	3.081969e+01
1137          	3.081727e+01
1138          	3.081530e+01
1139          	3.081258e+01
1140          	3.080905e+01
1141          	3.080631e+01
1142          	3.080388e+01
1143          	3.080130e+01
1144          	3.079765e+01
1145          	3.079504e+01
1146          	3.079296e+01
1147          	3.079065e+01
1148          	3.078762e+01
1149          	3.078496e+01
1150          	3.078262e+01
1151          	3.077997e+01
1152          	3.077649e+01
1153          	3.077397e+01
1154          	3.077148e+01
1155          	3.076893e+01
1156          	3.076580e+01
1157          	3.076353e+01
1158          	3.076170e+01
1159          	3.075912e+01
1160          	3.075574e+01
1161          	3.075314e+01
1162          	3.075083e+01
1163          	3.074837e+01
1164          	3.074487e+01
1165          	3.074236e+01
1166          	3.074034e+01
1167          	3.073809e+01
1168          	3.073515e+01
1169          	3.073261e+01
1170          	3.073033e+01
1171          	3.072777e+01
1172          	3.072441e+01
1173          	3.072201e+01
1174          	3.071966e+01
1175          	3.071724e+01
1176          	3.071420e+01
1177          	3.071203e+01
1178          	3.071028e+01
1179          	3.070783e+01
1180          	3.070459e+01
1181          	3.070216e+01
1182          	3.070003e+01
1183          	3.069775e+01
1184          	3.069439e+01
1185          	3.069202e+01
1186          	3.069015e+01
1187          	3.068805e+01
1188          	3.068529e+01
1189          	3.068288e+01
1190          	3.068079e+01
1191          	3.067837e+01
1192          	3.067511e+01
1193          	3.067278e+01
1194          	3.067055e+01
1195          	3.066816e+01
1196          	3.066505e+01
1197          	3.066290e+01
1198          	3.066112e+01
1199          	3.065871e+01
1200          	3.065548e+01
1201          	3.065301e+01
1202          	3.065082e+01
1203          	3.064844e+01
1204          	3.064495e+01
1205          	3.064244e+01
1206          	3.064043e+01
1207          	3.063821e+01
1208          	3.063530e+01
1209          	3.063277e+01
1210          	3.063055e+01
1211          	3.062802e+01
1212          	3.062463e+01
1213          	3.062216e+01
1214          	3.061972e+01
1215          	3.061715e+01
1216          	3.061393e+01
1217          	3.061160e+01
1218          	3.060971e+01
1219          	3.060708e+01
1220          	3.060367e+01
1221          	3.060105e+01
1222          	3.059872e+01
1223          	3.059618e+01
1224          	3.059253e+01
1225          	3.058989e+01
1226          	3.058773e+01
1227          	3.058524e+01
1228          	3.058206e+01
1229          	3.057937e+01
1230          	3.057696e+01
1231          	3.057428e+01
1232          	3.057067e+01
1233          	3.056798e+01
1234          	3.056539e+01
1235          	3.056262e+01
1236          	3.055919e+01
1237          	3.055662e+01
1238          	3.055452e+01
1239          	3.055176e+01
1240          	3.054817e+01
1241          	3.054535e+01
1242          	3.054272e+01
1243          	3.053991e+01
1244          	3.053605e+01
1245          	3.053310e+01
1246          	3.053068e+01
1247          	3.052798e+01
1248          	3.052460e+01
1249          	3.052170e+01
1250          	3.051905e+01
1251          	3.051612e+01
1252          	3.051229e+01
1253          	3.050934e+01
1254          	3.050644e+01
1255          	3.050336e+01
1256          	3.049969e+01
1257          	3.049682e+01
1258          	3.049440e+01
1259          	3.049127e+01
1260          	3.048734e+01
1261          	3.048422e+01
1262          	3.048135e+01
1263          	3.047826e+01
1264          	3.047399e+01
1265          	3.047068e+01
1266          	3.046789e+01
1267          	3.046488e+01
1268          	3.046119e+01
1269          	3.045787e+01
1270          	3.045492e+01
1271          	3.045164e+01
1272          	3.044751e+01
1273          	3.044418e+01
1274          	3.044090e+01
1275          	3.043747e+01
1276          	3.043333e+01
1277          	3.043020e+01
1278          	3.042755e+01
1279          	3.042423e+01
1280          	3.042010e+01
1281          	3.041678e+01
1282          	3.041376e+01
1283          	3.041057e+01
1284          	3.040627e+01
1285          	3.040293e+01
1286          	3.040011e+01
1287          	3.039711e+01
1288          	3.039347e+01
1289          	3.039029e+01
1290          	3.038747e+01
1291          	3.038437e+01
1292          	3.038045e+01
1293          	3.037746e+01
1294          	3.037451e+01
1295          	3.037140e+01
1296          	3.036766e+01
1297          	3.036483e+01
1298          	3.036250e+01
1299          	3.035952e+01
1300          	3.035576e+01
1301          	3.035282e+01
1302          	3.035022e+01
1303          	3.034744e+01
1304          	3.034358e+01
1305          	3.034067e+01
1306          	3.033827e+01
1307          	3.033568e+01
1308          	3.033235e+01
1309          	3.032951e+01
1310          	3.032711e+01
1311          	3.032441e+01
1312          	3.032092e+01
1313          	3.031836e+01
1314          	3.031582e+01
1315          	3.031310e+01
1316          	3.030975e+01
1317          	3.030728e+01
1318          	3.030533e+01
1319          	3.030273e+01
1320          	3.029938e+01
1321          	3.029686e+01
1322          	3.029466e+01
1323          	3.029231e+01
1324          	3.028884e+01
1325          	3.028631e+01
1326          	3.028428e+01
1327          	3.028205e+01
1328          	3.027920e+01
1329          	3.027679e+01
1330          	3.027473e+01
1331          	3.027239e+01
1332          	3.026926e+01
1333          	3.026703e+01
1334          	3.026472e+01
1335          	3.026222e+01
1336          	3.025907e+01
1337          	3.025680e+01
1338          	3.025509e+01
1339          	3.025267e+01
1340          	3.024943e+01
1341          	3.024695e+01
1342          	3.024472e+01
1343          	3.024230e+01
1344          	3.023876e+01
1345          	3.023619e+01
1346          	3.023400e+01
1347          	3.023164e+01
1348          	3.022850e+01
1349          	3.022597e+01
1350          	3.022376e+01
1351          	3.022121e+01
1352          	3.021779e+01
1353          	3.021522e+01
1354          	3.021268e+01
1355          	3.020993e+01
1356          	3.020643e+01
1357          	3.020392e+01
1358          	3.020193e+01
1359          	3.019937e+01
1360          	3.019604e+01
1361          	3.019349e+01
1362          	3.019119e+01
1363          	3.018867e+01
1364          	3.018500e+01
1365          	3.018225e+01
1366          	3.017995e+01
1367          	3.017744e+01
1368          	3.017430e+01
1369          	3.017167e+01
1370          	3.016946e+01
1371          	3.016699e+01
1372          	3.016366e+01
1373          	3.016125e+01
1374          	3.015885e+01
1375          	3.015632e+01
1376          	3.015312e+01
1377          	3.015083e+01
1378          	3.014905e+01
1379          	3.014670e+01
1380          	3.014358e+01
1381          	3.014128e+01
1382          	3.013926e+01
1383          	3.013702e+01
1384          	3.013367e+01
1385          	3.013128e+01
1386          	3.012938e+01
1387          	3.012725e+01
1388          	3.012441e+01
1389          	3.012211e+01
1390          	3.012023e+01
1391          	3.011809e+01
1392          	3.011503e+01
1393          	3.011285e+01
1394          	3.011077e+01
1395          	3.010853e+01
1396          	3.010553e+01
1397          	3.010341e+01
1398          	3.010175e+01
1399          	3.009957e+01
1400          	3.009660e+01
1401          	3.009446e+01
1402          	3.009264e+01
1403          	3.009054e+01
1404          	3.008732e+01
1405          	3.008502e+01
1406          	3.008321e+01
1407          	3.008113e+01
1408          	3.007827e+01
1409          	3.007596e+01
1410          	3.007410e+01
1411          	3.007195e+01
1412          	3.006886e+01
1413          	3.006660e+01
1414          	3.006445e+01
1415          	3.006212e+01
1416          	3.005901e+01
1417          	3.005676e+01
1418          	3.005496e+01
1419          	3.005263e+01
1420          	3.004947e+01
1421          	3.004717e+01
1422          	3.004518e+01
1423          	3.004289e+01
1424          	3.003947e+01
1425          	3.003699e+01
1426          	3.003500e+01
1427          	3.003277e+01
1428          	3.002971e+01
1429          	3.002722e+01
1430          	3.002516e+01
1431          	3.002287e+01
1432          	3.001966e+01
1433          	3.001731e+01
1434          	3.001507e+01
1435          	3.001264e+01
1436          	3.000944e+01
1437          	3.000711e+01
1438          	3.000522e+01
1439          	3.000278e+01
1440          	2.999953e+01
1441          	2.999711e+01
1442          	2.999501e+01
1443          	2.999262e+01
1444          	2.998909e+01
1445          	2.998646e+01
1446          	2.998431e+01
1447          	2.998171e+01
1448          	2.997860e+01
1449          	2.997603e+01
1450          	2.997387e+01
1451          	2.997122e+01
1452          	2.996788e+01
1453          	2.996533e+01
1454          	2.996285e+01
1455          	2.996015e+01
1456          	2.995670e+01
1457          	2.995409e+01
1458          	2.995191e+01
1459          	2.994916e+01
1460          	2.994562e+01
1461          	2.994294e+01
1462          	2.994059e+01
1463          	2.993798e+01
1464          	2.993422e+01
1465          	2.993139e+01
1466          	2.992903e+01
1467          	2.992642e+01
1468          	2.992301e+01
1469          	2.992018e+01
1470          	2.991778e+01
1471          	2.991511e+01
1472          	2.991147e+01
1473          	2.990876e+01
1474          	2.990609e+01
1475          	2.990326e+01
1476          	2.989987e+01
1477          	2.989726e+01
1478          	2.989507e+01
1479          	2.989206e+01
1480          	2.988833e+01
1481          	2.988548e+01
1482          	2.988300e+01
1483          	2.988037e+01
1484          	2.987661e+01
1485          	2.987372e+01
1486          	2.987125e+01
1487          	2.986854e+01
1488          	2.986519e+01
1489          	2.986232e+01
1490          	2.985982e+01
1491          	2.985713e+01
1492          	2.985352e+01
1493          	2.985085e+01
1494          	2.984816e+01
1495          	2.984528e+01
1496          	2.984172e+01
1497          	2.983905e+01
1498          	2.983692e+01
1499          	2.983414e+01
1500          	2.983065e+01
1501          	2.982798e+01
1502          	2.982561e+01
1503          	2.982311e+01
1504          	2.981946e+01
1505          	2.981671e+01
1506          	2.981438e+01
1507          	2.981182e+01
1508          	2.980873e+01
1509          	2.980611e+01
1510          	2.980391e+01
1511          	2.980161e+01
1512          	2.979824e+01
1513          	2.979584e+01
1514          	2.979346e+01
1515          	2.979112e+01
1516          	2.978783e+01
1517          	2.978547e+01
1518          	2.978371e+01
1519          	2.978136e+01
1520          	2.977837e+01
1521          	2.977624e+01
1522          	2.977461e+01
1523          	2.977257e+01
1524          	2.976940e+01
1525          	2.976719e+01
1526          	2.976546e+01
1527          	2.976373e+01
1528          	2.976120e+01
1529          	2.975919e+01
1530          	2.975767e+01
1531          	2.975593e+01
1532          	2.975345e+01
1533          	2.975196e+01
1534          	2.975045e+01
1535          	2.974903e+01
1536          	2.974651e+01
1537          	2.974489e+01
1538          	2.974385e+01
1539          	2.974227e+01
1540          	2.974003e+01
1541          	2.973870e+01
1542          	2.973773e+01
1543          	2.973659e+01
1544          	2.973437e+01
1545          	2.973296e+01
1546          	2.973189e+01
1547          	2.973065e+01
1548          	2.972875e+01
1549          	2.972733e+01
1550          	2.972634e+01
1551          	2.972505e+01
1552          	2.972282e+01
1553          	2.972141e+01
1554          	2.971999e+01
1555          	2.971829e+01
1556          	2.971589e+01
1557          	2.971429e+01
1558          	2.971317e+01
1559          	2.971133e+01
1560          	2.970858e+01
1561          	2.970679e+01
1562          	2.970521e+01
1563          	2.970340e+01
1564          	2.970022e+01
1565          	2.969789e+01
1566          	2.969604e+01
1567          	2.969396e+01
1568          	2.969086e+01
1569          	2.968824e+01
1570          	2.968612e+01
1571          	2.968352e+01
1572          	2.968028e+01
1573          	2.967789e+01
1574          	2.967533e+01
1575          	2.967245e+01
1576          	2.966885e+01
1577          	2.966604e+01
1578          	2.966378e+01
1579          	2.966085e+01
1580          	2.965726e+01
1581          	2.965446e+01
1582          	2.965193e+01
1583          	2.964928e+01
1584          	2.964550e+01
1585          	2.964253e+01
1586          	2.963993e+01
1587          	2.963706e+01
1588          	2.963358e+01
1589          	2.963064e+01
1590          	2.962817e+01
1591          	2.962551e+01
1592          	2.962197e+01
1593          	2.961936e+01
1594          	2.961657e+01
1595          	2.961371e+01
1596          	2.961016e+01
1597          	2.960747e+01
1598          	2.960531e+01
1599          	2.960249e+01
1600          	2.959897e+01
1601          	2.959627e+01
1602          	2.959388e+01
1603          	2.959132e+01
1604          	2.958760e+01
1605          	2.958475e+01
1606          	2.958231e+01
1607          	2.957961e+01
1608          	2.957629e+01
1609          	2.957345e+01
1610          	2.957101e+01
1611          	2.956831e+01
1612          	2.956479e+01
1613          	2.956221e+01
1614          	2.955957e+01
1615          	2.955673e+01
1616          	2.955314e+01
1617          	2.955040e+01
1618          	2.954813e+01
1619          	2.954527e+01
1620          	2.954164e+01
1621          	2.953886e+01
1622          	2.953641e+01
1623          	2.953373e+01
1624          	2.952991e+01
1625          	2.952701e+01
1626          	2.952447e+01
1627          	2.952163e+01
1628          	2.951817e+01
1629          	2.951523e+01
1630          	2.951269e+01
1631          	2.950984e+01
1632          	2.950626e+01
1633          	2.950360e+01
1634          	2.950087e+01
1635          	2.949786e+01
1636          	2.949412e+01
1637          	2.949119e+01
1638          	2.948879e+01
1639          	2.948576e+01
1640          	2.948206e+01
1641          	2.947918e+01
1642          	2.947658e+01
1643          	2.947376e+01
1644          	2.946979e+01
1645          	2.946673e+01
1646          	2.946414e+01
1647          	2.946118e+01
1648          	2.945759e+01
1649          	2.945446e+01
1650          	2.945176e+01
1651          	2.944882e+01
1652          	2.944504e+01
1653          	2.944221e+01
1654          	2.943935e+01
1655          	2.943626e+01
1656          	2.943244e+01
1657          	2.942939e+01
1658          	2.942687e+01
1659          	2.942407e+01
1660          	2.942012e+01
1661          	2.941698e+01
1662          	2.941440e+01
1663          	2.941132e+01
1664          	2.940743e+01
1665          	2.940417e+01
1666          	2.940160e+01
1667          	2.939867e+01
1668          	2.939482e+01
1669          	2.939156e+01
1670          	2.938873e+01
1671          	2.938599e+01
1672          	2.938211e+01
1673          	2.937916e+01
1674          	2.937644e+01
1675          	2.937355e+01
1676          	2.936952e+01
1677          	2.936633e+01
1678          	2.936374e+01
1679          	2.936075e+01
1680          	2.935690e+01
1681          	2.935406e+01
1682          	2.935150e+01
1683          	2.934854e+01
1684          	2.934453e+01
1685          	2.934160e+01
1686          	2.933904e+01
1687          	2.933611e+01
1688          	2.933242e+01
1689          	2.932928e+01
1690          	2.932679e+01
1691          	2.932403e+01
1692          	2.932028e+01
1693          	2.931752e+01
1694          	2.931478e+01
1695          	2.931200e+01
1696          	2.930827e+01
1697          	2.930555e+01
1698          	2.930313e+01
1699          	2.930007e+01
1700          	2.929635e+01
1701          	2.929359e+01
1702          	2.929145e+01
1703          	2.928878e+01
1704          	2.928492e+01
1705          	2.928195e+01
1706          	2.927939e+01
1707          	2.927666e+01
1708          	2.927316e+01
1709          	2.927021e+01
1710          	2.926770e+01
1711          	2.926501e+01
1712          	2.926141e+01
1713          	2.925877e+01
1714          	2.925604e+01
1715          	2.925309e+01
1716          	2.924945e+01
1717          	2.924659e+01
1718          	2.924421e+01
1719          	2.924118e+01
1720          	2.923750e+01
1721          	2.923464e+01
1722          	2.923203e+01
1723          	2.922929e+01
1724          	2.922551e+01
1725          	2.922244e+01
1726          	2.921973e+01
1727          	2.921683e+01
1728          	2.921325e+01
1729          	2.921013e+01
1730          	2.920738e+01
1731          	2.920447e+01
1732          	2.920074e+01
1733          	2.919795e+01
1734          	2.919507e+01
1735          	2.919195e+01
1736          	2.918817e+01
1737          	2.918518e+01
1738          	2.918266e+01
1739          	2.917953e+01
1740          	2.917572e+01
1741          	2.917274e+01
1742          	2.917004e+01
1743          	2.916721e+01
1744          	2.916339e+01
1745          	2.916029e+01
1746          	2.915753e+01
1747          	2.915455e+01
1748          	2.915103e+01
1749          	2.914799e+01
1750          	2.914523e+01
1751          	2.914224e+01
1752          	2.913852e+01
1753          	2.913586e+01
1754          	2.913306e+01
1755          	2.913005e+01
1756          	2.912631e+01
1757          	2.912341e+01
1758          	2.912099e+01
1759          	2.911796e+01
1760          	2.911421e+01
1761          	2.911133e+01
1762          	2.910879e+01
1763          	2.910607e+01
1764          	2.910221e+01
1765          	2.909921e+01
1766          	2.909661e+01
1767          	2.909374e+01
1768          	2.909024e+01
1769          	2.908722e+01
1770          	2.908463e+01
1771          	2.908182e+01
1772          	2.907821e+01
1773          	2.907553e+01
1774          	2.907285e+01
1775          	2.906993e+01
1776          	2.906627e+01
1777          	2.906344e+01
1778          	2.906110e+01
1779          	2.905815e+01
1780          	2.905448e+01
1781          	2.905169e+01
1782          	2.904925e+01
1783          	2.904661e+01
1784          	2.904283e+01
1785          	2.903990e+01
1786          	2.903731e+01
1787          	2.903447e+01
1788          	2.903101e+01
1789          	2.902808e+01
1790          	2.902554e+01
1791          	2.902277e+01
1792          	2.901917e+01
1793          	2.901648e+01
1794          	2.901374e+01
1795          	2.901075e+01
1796          	2.900698e+01
1797          	2.900401e+01
1798          	2.900151e+01
1799          	2.899837e+01
1800          	2.899449e+01
1801          	2.899144e+01
1802          	2.898873e+01
1803          	2.898580e+01
1804          	2.898168e+01
1805          	2.897840e+01
1806          	2.897551e+01
1807          	2.897230e+01
1808          	2.896842e+01
1809          	2.896500e+01
1810          	2.896200e+01
1811          	2.895875e+01
1812          	2.895469e+01
1813          	2.895152e+01
1814          	2.894834e+01
1815          	2.894494e+01
1816          	2.894078e+01
1817          	2.893744e+01
1818          	2.893458e+01
1819          	2.893107e+01
1820          	2.892687e+01
1821          	2.892352e+01
1822          	2.892053e+01
1823          	2.891739e+01
1824          	2.891311e+01
1825          	2.890973e+01
1826          	2.890677e+01
1827          	2.890354e+01
1828          	2.889969e+01
1829          	2.889634e+01
1830          	2.889345e+01
1831          	2.889034e+01
1832          	2.888647e+01
1833          	2.888355e+01
1834          	2.888063e+01
1835          	2.887750e+01
1836          	2.887365e+01
1837          	2.887063e+01
1838          	2.886812e+01
1839          	2.886499e+01
1840          	2.886116e+01
1841          	2.885822e+01
1842          	2.885562e+01
1843          	2.885286e+01
1844          	2.884896e+01
1845          	2.884591e+01
1846          	2.884327e+01
1847          	2.884034e+01
1848          	2.883676e+01
1849          	2.883366e+01
1850          	2.883097e+01
1851          	2.882805e+01
1852          	2.882434e+01
1853          	2.882155e+01
1854          	2.881873e+01
1855          	2.881567e+01
1856          	2.881186e+01
1857          	2.880885e+01
1858          	2.880631e+01
1859          	2.880314e+01
1860          	2.879924e+01
1861          	2.879620e+01
1862          	2.879350e+01
1863          	2.879063e+01
1864          	2.878660e+01
1865          	2.878342e+01
1866          	2.878063e+01
1867          	2.877755e+01
1868          	2.877383e+01
1869          	2.877057e+01
1870          	2.876773e+01
1871          	2.876467e+01
1872          	2.876082e+01
1873          	2.875792e+01
1874          	2.875500e+01
1875          	2.875185e+01
1876          	2.874797e+01
1877          	2.874493e+01
1878          	2.874238e+01
1879          	2.873922e+01
1880          	2.873536e+01
1881          	2.873239e+01
1882          	2.872977e+01
1883          	2.872701e+01
1884          	2.872311e+01
1885          	2.872009e+01
1886          	2.871747e+01
1887          	2.871459e+01
1888          	2.871107e+01
1889          	2.870804e+01
1890          	2.870544e+01
1891          	2.870262e+01
1892          	2.869902e+01
1893          	2.869636e+01
1894          	2.869369e+01
1895          	2.869079e+01
1896          	2.868715e+01
1897          	2.868434e+01
1898          	2.868201e+01
1899          	2.867911e+01
1900          	2.867543e+01
1901          	2.867263e+01
1902          	2.867020e+01
1903          	2.866761e+01
1904          	2.866389e+01
1905          	2.866105e+01
1906          	2.865863e+01
1907          	2.865594e+01
1908          	2.865258e+01
1909          	2.864973e+01
1910          	2.864733e+01
1911          	2.864472e+01
1912          	2.864135e+01
1913          	2.863892e+01
1914          	2.863656e+01
1915          	2.863398e+01
1916          	2.863070e+01
1917          	2.862829e+01
1918          	2.862637e+01
1919          	2.862387e+01
1920          	2.862071e+01
1921          	2.861847e+01
1922          	2.861662e+01
1923          	2.861463e+01
1924          	2.861157e+01
1925          	2.860941e+01
1926          	2.860769e+01
1927          	2.860572e+01
1928          	2.860312e+01
1929          	2.860105e+01
1930          	2.859944e+01
1931          	2.859765e+01
1932          	2.859510e+01
1933          	2.859349e+01
1934          	2.859194e+01
1935          	2.859019e+01
1936          	2.858771e+01
1937          	2.858609e+01
1938          	2.858495e+01
1939          	2.858325e+01
1940          	2.858084e+01
1941          	2.857934e+01
1942          	2.857823e+01
1943          	2.857696e+01
1944          	2.857454e+01
1945          	2.857302e+01
1946          	2.857196e+01
1947          	2.857063e+01
1948          	2.856862e+01
1949          	2.856712e+01
1950          	2.856603e+01
1951          	2.856473e+01
1952          	2.856264e+01
1953          	2.856148e+01
1954          	2.856033e+01
1955          	2.855893e+01
1956          	2.855679e+01
1957          	2.855546e+01
1958          	2.855458e+01
1959          	2.855308e+01
1960          	2.855085e+01
1961          	2.854947e+01
1962          	2.854842e+01
1963          	2.854717e+01
1964          	2.854477e+01
1965          	2.854321e+01
1966          	2.854201e+01
1967          	2.854049e+01
1968          	2.853830e+01
1969          	2.853658e+01
1970          	2.853523e+01
1971          	2.853364e+01
1972          	2.853126e+01
1973          	2.852977e+01
1974          	2.852825e+01
1975          	2.852651e+01
1976          	2.852398e+01
1977          	2.852223e+01
1978          	2.852093e+01
1979          	2.851904e+01
1980          	2.851638e+01
1981          	2.851460e+01
1982          	2.851322e+01
1983          	2.851162e+01
1984          	2.850889e+01
1985          	2.850704e+01
1986          	2.850562e+01
1987          	2.850392e+01
1988          	2.850151e+01
1989          	2.849972e+01
1990          	2.849834e+01
1991          	2.849673e+01
1992          	2.849441e+01
1993          	2.849310e+01
1994          	2.849186e+01
1995          	2.849046e+01
1996          	2.848839e+01
1997          	2.848722e+01
1998          	2.848660e+01
1999          	2.848544e+01
2000          	2.848366e+01
2001          	2.848285e+01
2002          	2.848248e+01
2003          	2.848204e+01
2004          	2.848057e+01
2005          	2.848006e+01
2006          	2.848005e+01
2007          	2.847986e+01
2008          	2.847905e+01
2009          	2.847886e+01
2010          	2.847918e+01
2011          	2.847938e+01
2012          	2.847887e+01
2013          	2.847939e+01
2014          	2.847999e+01
2015          	2.848043e+01
2016          	2.848021e+01
2017          	2.848088e+01
2018          	2.848208e+01
2019          	2.848276e+01
2020          	2.848275e+01
2021          	2.848370e+01
2022          	2.848510e+01
2023          	2.848636e+01
2024          	2.848655e+01
2025          	2.848761e+01
2026          	2.848914e+01
2027          	2.849044e+01
2028          	2.849109e+01
2029          	2.849231e+01
2030          	2.849399e+01
2031          	2.849549e+01
2032          	2.849623e+01
2033          	2.849791e+01
2034          	2.849968e+01
2035          	2.850124e+01
2036          	2.850204e+01
2037          	2.850378e+01
