# Region type : patch ent
# Faces  :    96
# Area   :    1.250000e-07
# Time        	areaAverage(p)
0             	0.000000e+00
1             	2.433210e+04
2             	2.120872e+04
3             	1.246686e+04
4             	3.076469e+03
5             	-3.913585e+03
6             	-7.388914e+03
7             	-7.668399e+03
8             	-5.812880e+03
9             	-2.957919e+03
10            	-2.164867e+02
11            	1.709966e+03
12            	2.568257e+03
13            	2.485375e+03
14            	1.796570e+03
15            	8.911051e+02
16            	8.747268e+01
17            	-4.266893e+02
18            	-6.083775e+02
19            	-5.157706e+02
20            	-2.639166e+02
21            	2.547454e+01
22            	2.593240e+02
23            	3.895086e+02
24            	4.125044e+02
25            	3.556042e+02
26            	2.590965e+02
27            	1.613932e+02
28            	8.893604e+01
29            	5.286566e+01
30            	5.012489e+01
31            	7.008111e+01
32            	9.925006e+01
33            	1.258745e+02
34            	1.426293e+02
35            	1.473791e+02
36            	1.420387e+02
37            	1.305963e+02
38            	1.174842e+02
39            	1.062465e+02
40            	9.879012e+01
41            	9.542295e+01
42            	9.519481e+01
43            	9.664392e+01
44            	9.835119e+01
45            	9.931362e+01
46            	9.906825e+01
47            	9.762458e+01
48            	9.532758e+01
49            	9.264997e+01
50            	9.007567e+01
51            	8.792062e+01
52            	8.625556e+01
53            	8.502728e+01
54            	8.412806e+01
55            	8.336406e+01
56            	8.259027e+01
57            	8.171538e+01
58            	8.073073e+01
59            	7.967114e+01
60            	7.857944e+01
61            	7.750341e+01
62            	7.648529e+01
63            	7.554565e+01
64            	7.468039e+01
65            	7.388187e+01
66            	7.312967e+01
67            	7.240402e+01
68            	7.169208e+01
69            	7.098759e+01
70            	7.029120e+01
71            	6.960632e+01
72            	6.893835e+01
73            	6.829287e+01
74            	6.767216e+01
75            	6.707488e+01
76            	6.649967e+01
77            	6.594465e+01
78            	6.540844e+01
79            	6.488862e+01
80            	6.438201e+01
81            	6.388817e+01
82            	6.340728e+01
83            	6.294013e+01
84            	6.248655e+01
85            	6.204465e+01
86            	6.161438e+01
87            	6.119577e+01
88            	6.078923e+01
89            	6.039435e+01
90            	6.000901e+01
91            	5.963322e+01
92            	5.926677e+01
93            	5.890979e+01
94            	5.856234e+01
95            	5.822313e+01
96            	5.789238e+01
97            	5.757008e+01
98            	5.725712e+01
99            	5.695261e+01
100           	5.665459e+01
101           	5.636299e+01
102           	5.607797e+01
103           	5.580048e+01
104           	5.553000e+01
105           	5.526508e+01
106           	5.500553e+01
107           	5.475171e+01
108           	5.450445e+01
109           	5.426328e+01
110           	5.402649e+01
111           	5.379421e+01
112           	5.356672e+01
113           	5.334486e+01
114           	5.312836e+01
115           	5.291552e+01
116           	5.270662e+01
117           	5.250180e+01
118           	5.230204e+01
119           	5.210707e+01
120           	5.191657e+01
121           	5.172858e+01
122           	5.154374e+01
123           	5.136303e+01
124           	5.118686e+01
125           	5.101272e+01
126           	5.084122e+01
127           	5.067298e+01
128           	5.051022e+01
129           	5.035270e+01
130           	5.019771e+01
131           	5.004439e+01
132           	4.989207e+01
133           	4.974496e+01
134           	4.959764e+01
135           	4.945495e+01
136           	4.931206e+01
137           	4.917357e+01
138           	4.903668e+01
139           	4.890347e+01
140           	4.877260e+01
141           	4.864417e+01
142           	4.851834e+01
143           	4.839501e+01
144           	4.827497e+01
145           	4.815645e+01
146           	4.803944e+01
147           	4.792421e+01
148           	4.781225e+01
149           	4.770221e+01
150           	4.759320e+01
151           	4.748559e+01
152           	4.737993e+01
153           	4.727790e+01
154           	4.717821e+01
155           	4.707919e+01
156           	4.698115e+01
157           	4.688578e+01
158           	4.679249e+01
159           	4.670250e+01
160           	4.661365e+01
161           	4.652489e+01
162           	4.643842e+01
163           	4.635419e+01
164           	4.627253e+01
165           	4.619157e+01
166           	4.611080e+01
167           	4.603180e+01
168           	4.595518e+01
169           	4.588120e+01
170           	4.580814e+01
171           	4.573574e+01
172           	4.566408e+01
173           	4.559406e+01
174           	4.552582e+01
175           	4.545779e+01
176           	4.539034e+01
177           	4.532389e+01
178           	4.525941e+01
179           	4.519694e+01
180           	4.513481e+01
181           	4.507334e+01
182           	4.501292e+01
183           	4.495438e+01
184           	4.489782e+01
185           	4.484150e+01
186           	4.478562e+01
187           	4.473044e+01
188           	4.467754e+01
189           	4.462619e+01
190           	4.457520e+01
191           	4.452479e+01
192           	4.447524e+01
193           	4.442728e+01
194           	4.438097e+01
195           	4.433474e+01
196           	4.428901e+01
197           	4.424434e+01
198           	4.420160e+01
199           	4.416054e+01
200           	4.411945e+01
201           	4.407854e+01
202           	4.403822e+01
203           	4.399942e+01
204           	4.396213e+01
205           	4.392478e+01
206           	4.388768e+01
207           	4.385123e+01
208           	4.381647e+01
209           	4.378303e+01
210           	4.374941e+01
211           	4.371662e+01
212           	4.368383e+01
213           	4.365233e+01
214           	4.362173e+01
215           	4.359082e+01
216           	4.355988e+01
217           	4.352930e+01
218           	4.350022e+01
219           	4.347281e+01
220           	4.344550e+01
221           	4.341822e+01
222           	4.339164e+01
223           	4.336660e+01
224           	4.334262e+01
225           	4.331807e+01
226           	4.329334e+01
227           	4.326888e+01
228           	4.324580e+01
229           	4.322389e+01
230           	4.320164e+01
231           	4.317946e+01
232           	4.315753e+01
233           	4.313685e+01
234           	4.311719e+01
235           	4.309703e+01
236           	4.307669e+01
237           	4.305659e+01
238           	4.303776e+01
239           	4.301998e+01
240           	4.300169e+01
241           	4.298319e+01
242           	4.296488e+01
243           	4.294777e+01
244           	4.293162e+01
245           	4.291489e+01
246           	4.289788e+01
247           	4.288105e+01
248           	4.286539e+01
249           	4.285072e+01
250           	4.283549e+01
251           	4.282001e+01
252           	4.280467e+01
253           	4.279048e+01
254           	4.277724e+01
255           	4.276339e+01
256           	4.274922e+01
257           	4.273513e+01
258           	4.272205e+01
259           	4.270980e+01
260           	4.269681e+01
261           	4.268343e+01
262           	4.267003e+01
263           	4.265768e+01
264           	4.264614e+01
265           	4.263379e+01
266           	4.262098e+01
267           	4.260807e+01
268           	4.259605e+01
269           	4.258469e+01
270           	4.257212e+01
271           	4.255936e+01
272           	4.254653e+01
273           	4.253456e+01
274           	4.252322e+01
275           	4.251102e+01
276           	4.249825e+01
277           	4.248528e+01
278           	4.247308e+01
279           	4.246159e+01
280           	4.244911e+01
281           	4.243600e+01
282           	4.242275e+01
283           	4.241037e+01
284           	4.239908e+01
285           	4.238677e+01
286           	4.237378e+01
287           	4.236065e+01
288           	4.234803e+01
289           	4.233597e+01
290           	4.232352e+01
291           	4.231067e+01
292           	4.229777e+01
293           	4.228574e+01
294           	4.227434e+01
295           	4.226196e+01
296           	4.224890e+01
297           	4.223557e+01
298           	4.222301e+01
299           	4.221108e+01
300           	4.219824e+01
301           	4.218484e+01
302           	4.217125e+01
303           	4.215851e+01
304           	4.214635e+01
305           	4.213327e+01
306           	4.211963e+01
307           	4.210564e+01
308           	4.209240e+01
309           	4.207974e+01
310           	4.206610e+01
311           	4.205181e+01
312           	4.203729e+01
313           	4.202352e+01
314           	4.201033e+01
315           	4.199617e+01
316           	4.198135e+01
317           	4.196627e+01
318           	4.195196e+01
319           	4.193823e+01
320           	4.192355e+01
321           	4.190824e+01
322           	4.189273e+01
323           	4.187804e+01
324           	4.186399e+01
325           	4.184905e+01
326           	4.183357e+01
327           	4.181793e+01
328           	4.180312e+01
329           	4.178896e+01
330           	4.177388e+01
331           	4.175821e+01
332           	4.174235e+01
333           	4.172733e+01
334           	4.171292e+01
335           	4.169760e+01
336           	4.168164e+01
337           	4.166548e+01
338           	4.165015e+01
339           	4.163544e+01
340           	4.161980e+01
341           	4.160355e+01
342           	4.158713e+01
343           	4.157155e+01
344           	4.155662e+01
345           	4.154073e+01
346           	4.152437e+01
347           	4.150785e+01
348           	4.149219e+01
349           	4.147717e+01
350           	4.146128e+01
351           	4.144484e+01
352           	4.142826e+01
353           	4.141257e+01
354           	4.139758e+01
355           	4.138175e+01
356           	4.136539e+01
357           	4.134893e+01
358           	4.133339e+01
359           	4.131858e+01
360           	4.130297e+01
361           	4.128686e+01
362           	4.127068e+01
363           	4.125547e+01
364           	4.124104e+01
365           	4.122584e+01
366           	4.121019e+01
367           	4.119451e+01
368           	4.117985e+01
369           	4.116600e+01
370           	4.115143e+01
371           	4.113647e+01
372           	4.112152e+01
373           	4.110761e+01
374           	4.109457e+01
375           	4.108088e+01
376           	4.106684e+01
377           	4.105287e+01
378           	4.104001e+01
379           	4.102805e+01
380           	4.101546e+01
381           	4.100254e+01
382           	4.098972e+01
383           	4.097824e+01
384           	4.096729e+01
385           	4.095572e+01
386           	4.094405e+01
387           	4.093247e+01
388           	4.092194e+01
389           	4.091227e+01
390           	4.090197e+01
391           	4.089128e+01
392           	4.088064e+01
393           	4.087111e+01
394           	4.086249e+01
395           	4.085324e+01
396           	4.084368e+01
397           	4.083420e+01
398           	4.082578e+01
399           	4.081815e+01
400           	4.080995e+01
401           	4.080143e+01
402           	4.079298e+01
403           	4.078560e+01
404           	4.077917e+01
405           	4.077205e+01
406           	4.076464e+01
407           	4.075719e+01
408           	4.075070e+01
409           	4.074499e+01
410           	4.073851e+01
411           	4.073159e+01
412           	4.072464e+01
413           	4.071868e+01
414           	4.071351e+01
415           	4.070754e+01
416           	4.070107e+01
417           	4.069448e+01
418           	4.068877e+01
419           	4.068373e+01
420           	4.067778e+01
421           	4.067123e+01
422           	4.066449e+01
423           	4.065857e+01
424           	4.065327e+01
425           	4.064701e+01
426           	4.064011e+01
427           	4.063296e+01
428           	4.062657e+01
429           	4.062075e+01
430           	4.061392e+01
431           	4.060639e+01
432           	4.059856e+01
433           	4.059147e+01
434           	4.058489e+01
435           	4.057728e+01
436           	4.056893e+01
437           	4.056026e+01
438           	4.055229e+01
439           	4.054479e+01
440           	4.053623e+01
441           	4.052689e+01
442           	4.051720e+01
443           	4.050813e+01
444           	4.049947e+01
445           	4.048976e+01
446           	4.047929e+01
447           	4.046846e+01
448           	4.045826e+01
449           	4.044848e+01
450           	4.043759e+01
451           	4.042591e+01
452           	4.041379e+01
453           	4.040231e+01
454           	4.039127e+01
455           	4.037915e+01
456           	4.036626e+01
457           	4.035300e+01
458           	4.034041e+01
459           	4.032835e+01
460           	4.031525e+01
461           	4.030143e+01
462           	4.028727e+01
463           	4.027402e+01
464           	4.026121e+01
465           	4.024733e+01
466           	4.023271e+01
467           	4.021783e+01
468           	4.020378e+01
469           	4.019036e+01
470           	4.017606e+01
471           	4.016120e+01
472           	4.014620e+01
473           	4.013210e+01
474           	4.011875e+01
475           	4.010453e+01
476           	4.008979e+01
477           	4.007506e+01
478           	4.006125e+01
479           	4.004817e+01
480           	4.003430e+01
481           	4.001996e+01
482           	4.000539e+01
483           	3.999191e+01
484           	3.997939e+01
485           	3.996625e+01
486           	3.995276e+01
487           	3.993929e+01
488           	3.992683e+01
489           	3.991490e+01
490           	3.990220e+01
491           	3.988932e+01
492           	3.987660e+01
493           	3.986497e+01
494           	3.985426e+01
495           	3.984286e+01
496           	3.983103e+01
497           	3.981920e+01
498           	3.980835e+01
499           	3.979837e+01
500           	3.978769e+01
501           	3.977662e+01
502           	3.976560e+01
503           	3.975590e+01
504           	3.974669e+01
505           	3.973708e+01
506           	3.972701e+01
507           	3.971692e+01
508           	3.970786e+01
509           	3.969920e+01
510           	3.969022e+01
511           	3.968109e+01
512           	3.967256e+01
513           	3.966487e+01
514           	3.965766e+01
515           	3.964969e+01
516           	3.964129e+01
517           	3.963292e+01
518           	3.962560e+01
519           	3.961914e+01
520           	3.961199e+01
521           	3.960442e+01
522           	3.959685e+01
523           	3.959027e+01
524           	3.958449e+01
525           	3.957784e+01
526           	3.957079e+01
527           	3.956373e+01
528           	3.955767e+01
529           	3.955238e+01
530           	3.954632e+01
531           	3.953975e+01
532           	3.953310e+01
533           	3.952738e+01
534           	3.952240e+01
535           	3.951662e+01
536           	3.951035e+01
537           	3.950405e+01
538           	3.949868e+01
539           	3.949402e+01
540           	3.948853e+01
541           	3.948252e+01
542           	3.947641e+01
543           	3.947123e+01
544           	3.946686e+01
545           	3.946162e+01
546           	3.945581e+01
547           	3.944986e+01
548           	3.944462e+01
549           	3.944023e+01
550           	3.943496e+01
551           	3.942944e+01
552           	3.942377e+01
553           	3.941894e+01
554           	3.941459e+01
555           	3.940960e+01
556           	3.940405e+01
557           	3.939834e+01
558           	3.939350e+01
559           	3.938937e+01
560           	3.938437e+01
561           	3.937885e+01
562           	3.937322e+01
563           	3.936850e+01
564           	3.936445e+01
565           	3.935959e+01
566           	3.935422e+01
567           	3.934870e+01
568           	3.934419e+01
569           	3.934034e+01
570           	3.933560e+01
571           	3.933018e+01
572           	3.932461e+01
573           	3.931994e+01
574           	3.931597e+01
575           	3.931115e+01
576           	3.930578e+01
577           	3.930028e+01
578           	3.929565e+01
579           	3.929167e+01
580           	3.928680e+01
581           	3.928131e+01
582           	3.927572e+01
583           	3.927096e+01
584           	3.926683e+01
585           	3.926180e+01
586           	3.925617e+01
587           	3.925037e+01
588           	3.924540e+01
589           	3.924107e+01
590           	3.923585e+01
591           	3.922998e+01
592           	3.922400e+01
593           	3.921881e+01
594           	3.921432e+01
595           	3.920891e+01
596           	3.920287e+01
597           	3.919663e+01
598           	3.919120e+01
599           	3.918639e+01
600           	3.918069e+01
601           	3.917437e+01
602           	3.916785e+01
603           	3.916216e+01
604           	3.915710e+01
605           	3.915113e+01
606           	3.914456e+01
607           	3.913781e+01
608           	3.913190e+01
609           	3.912663e+01
610           	3.912046e+01
611           	3.911369e+01
612           	3.910675e+01
613           	3.910068e+01
614           	3.909526e+01
615           	3.908893e+01
616           	3.908202e+01
617           	3.907494e+01
618           	3.906876e+01
619           	3.906325e+01
620           	3.905690e+01
621           	3.904993e+01
622           	3.904281e+01
623           	3.903659e+01
624           	3.903106e+01
625           	3.902468e+01
626           	3.901771e+01
627           	3.901065e+01
628           	3.900451e+01
629           	3.899909e+01
630           	3.899283e+01
631           	3.898601e+01
632           	3.897910e+01
633           	3.897313e+01
634           	3.896786e+01
635           	3.896178e+01
636           	3.895516e+01
637           	3.894824e+01
638           	3.894234e+01
639           	3.893725e+01
640           	3.893154e+01
641           	3.892512e+01
642           	3.891872e+01
643           	3.891320e+01
644           	3.890833e+01
645           	3.890258e+01
646           	3.889629e+01
647           	3.888990e+01
648           	3.888442e+01
649           	3.887964e+01
650           	3.887409e+01
651           	3.886806e+01
652           	3.886193e+01
653           	3.885675e+01
654           	3.885224e+01
655           	3.884683e+01
656           	3.884084e+01
657           	3.883470e+01
658           	3.882942e+01
659           	3.882485e+01
660           	3.881943e+01
661           	3.881354e+01
662           	3.880751e+01
663           	3.880234e+01
664           	3.879784e+01
665           	3.879246e+01
666           	3.878650e+01
667           	3.878038e+01
668           	3.877505e+01
669           	3.877052e+01
670           	3.876511e+01
671           	3.875912e+01
672           	3.875296e+01
673           	3.874767e+01
674           	3.874305e+01
675           	3.873755e+01
676           	3.873149e+01
677           	3.872527e+01
678           	3.871994e+01
679           	3.871530e+01
680           	3.870980e+01
681           	3.870374e+01
682           	3.869754e+01
683           	3.869222e+01
684           	3.868759e+01
685           	3.868210e+01
686           	3.867607e+01
687           	3.866991e+01
688           	3.866466e+01
689           	3.866011e+01
690           	3.865472e+01
691           	3.864880e+01
692           	3.864278e+01
693           	3.863768e+01
694           	3.863330e+01
695           	3.862809e+01
696           	3.862237e+01
697           	3.861656e+01
698           	3.861168e+01
699           	3.860754e+01
700           	3.860259e+01
701           	3.859714e+01
702           	3.859162e+01
703           	3.858706e+01
704           	3.858325e+01
705           	3.857865e+01
706           	3.857357e+01
707           	3.856843e+01
708           	3.856427e+01
709           	3.856087e+01
710           	3.855653e+01
711           	3.855181e+01
712           	3.854725e+01
713           	3.854367e+01
714           	3.854081e+01
715           	3.853713e+01
716           	3.853295e+01
717           	3.852869e+01
718           	3.852542e+01
719           	3.852293e+01
720           	3.851970e+01
721           	3.851603e+01
722           	3.851233e+01
723           	3.850963e+01
724           	3.850769e+01
725           	3.850497e+01
726           	3.850177e+01
727           	3.849851e+01
728           	3.849625e+01
729           	3.849471e+01
730           	3.849241e+01
731           	3.848966e+01
732           	3.848686e+01
733           	3.848504e+01
734           	3.848401e+01
735           	3.848215e+01
736           	3.847978e+01
737           	3.847733e+01
738           	3.847575e+01
739           	3.847499e+01
740           	3.847345e+01
741           	3.847144e+01
742           	3.846932e+01
743           	3.846819e+01
744           	3.846784e+01
745           	3.846667e+01
746           	3.846499e+01
747           	3.846320e+01
748           	3.846232e+01
749           	3.846217e+01
750           	3.846121e+01
751           	3.845974e+01
752           	3.845820e+01
753           	3.845759e+01
754           	3.845773e+01
755           	3.845706e+01
756           	3.845587e+01
757           	3.845459e+01
758           	3.845424e+01
759           	3.845461e+01
760           	3.845417e+01
761           	3.845321e+01
762           	3.845217e+01
763           	3.845205e+01
764           	3.845268e+01
765           	3.845248e+01
766           	3.845178e+01
767           	3.845098e+01
768           	3.845112e+01
769           	3.845199e+01
770           	3.845206e+01
771           	3.845161e+01
772           	3.845106e+01
773           	3.845144e+01
774           	3.845256e+01
775           	3.845287e+01
776           	3.845269e+01
777           	3.845250e+01
778           	3.845322e+01
779           	3.845462e+01
780           	3.845519e+01
781           	3.845524e+01
782           	3.845521e+01
783           	3.845614e+01
784           	3.845774e+01
785           	3.845867e+01
786           	3.845911e+01
787           	3.845947e+01
788           	3.846076e+01
789           	3.846278e+01
790           	3.846398e+01
791           	3.846468e+01
792           	3.846531e+01
793           	3.846688e+01
794           	3.846921e+01
795           	3.847078e+01
796           	3.847184e+01
797           	3.847282e+01
798           	3.847474e+01
799           	3.847741e+01
800           	3.847931e+01
801           	3.848074e+01
802           	3.848211e+01
803           	3.848445e+01
804           	3.848753e+01
805           	3.848979e+01
806           	3.849155e+01
807           	3.849323e+01
808           	3.849587e+01
809           	3.849926e+01
810           	3.850188e+01
811           	3.850400e+01
812           	3.850605e+01
813           	3.850906e+01
814           	3.851281e+01
815           	3.851576e+01
816           	3.851819e+01
817           	3.852053e+01
818           	3.852379e+01
819           	3.852779e+01
820           	3.853089e+01
821           	3.853352e+01
822           	3.853608e+01
823           	3.853959e+01
824           	3.854385e+01
825           	3.854727e+01
826           	3.855017e+01
827           	3.855293e+01
828           	3.855657e+01
829           	3.856091e+01
830           	3.856439e+01
831           	3.856728e+01
832           	3.857006e+01
833           	3.857374e+01
834           	3.857814e+01
835           	3.858167e+01
836           	3.858465e+01
837           	3.858748e+01
838           	3.859113e+01
839           	3.859545e+01
840           	3.859888e+01
841           	3.860172e+01
842           	3.860439e+01
843           	3.860789e+01
844           	3.861205e+01
845           	3.861530e+01
846           	3.861796e+01
847           	3.862044e+01
848           	3.862371e+01
849           	3.862763e+01
850           	3.863062e+01
851           	3.863300e+01
852           	3.863517e+01
853           	3.863813e+01
854           	3.864172e+01
855           	3.864438e+01
856           	3.864641e+01
857           	3.864823e+01
858           	3.865082e+01
859           	3.865403e+01
860           	3.865631e+01
861           	3.865795e+01
862           	3.865936e+01
863           	3.866156e+01
864           	3.866440e+01
865           	3.866629e+01
866           	3.866753e+01
867           	3.866855e+01
868           	3.867033e+01
869           	3.867273e+01
870           	3.867419e+01
871           	3.867502e+01
872           	3.867563e+01
873           	3.867706e+01
874           	3.867910e+01
875           	3.868018e+01
876           	3.868063e+01
877           	3.868085e+01
878           	3.868184e+01
879           	3.868344e+01
880           	3.868411e+01
881           	3.868415e+01
882           	3.868399e+01
883           	3.868465e+01
884           	3.868592e+01
885           	3.868626e+01
886           	3.868596e+01
887           	3.868545e+01
888           	3.868575e+01
889           	3.868665e+01
890           	3.868662e+01
891           	3.868596e+01
892           	3.868508e+01
893           	3.868502e+01
894           	3.868557e+01
895           	3.868519e+01
896           	3.868419e+01
897           	3.868297e+01
898           	3.868256e+01
899           	3.868276e+01
900           	3.868203e+01
901           	3.868067e+01
902           	3.867909e+01
903           	3.867831e+01
904           	3.867815e+01
905           	3.867705e+01
906           	3.867533e+01
907           	3.867339e+01
908           	3.867226e+01
909           	3.867173e+01
910           	3.867027e+01
911           	3.866817e+01
912           	3.866585e+01
913           	3.866433e+01
914           	3.866342e+01
915           	3.866156e+01
916           	3.865906e+01
917           	3.865637e+01
918           	3.865444e+01
919           	3.865314e+01
920           	3.865087e+01
921           	3.864797e+01
922           	3.864483e+01
923           	3.864246e+01
924           	3.864071e+01
925           	3.863801e+01
926           	3.863467e+01
927           	3.863109e+01
928           	3.862830e+01
929           	3.862610e+01
930           	3.862295e+01
931           	3.861916e+01
932           	3.861513e+01
933           	3.861187e+01
934           	3.860921e+01
935           	3.860559e+01
936           	3.860132e+01
937           	3.859681e+01
938           	3.859307e+01
939           	3.858994e+01
940           	3.858583e+01
941           	3.858107e+01
942           	3.857607e+01
943           	3.857185e+01
944           	3.856823e+01
945           	3.856364e+01
946           	3.855841e+01
947           	3.855291e+01
948           	3.854819e+01
949           	3.854407e+01
950           	3.853900e+01
951           	3.853329e+01
952           	3.852736e+01
953           	3.852219e+01
954           	3.851762e+01
955           	3.851208e+01
956           	3.850593e+01
957           	3.849954e+01
958           	3.849392e+01
959           	3.848891e+01
960           	3.848295e+01
961           	3.847638e+01
962           	3.846958e+01
963           	3.846357e+01
964           	3.845820e+01
965           	3.845190e+01
966           	3.844496e+01
967           	3.843780e+01
968           	3.843144e+01
969           	3.842573e+01
970           	3.841910e+01
971           	3.841184e+01
972           	3.840439e+01
973           	3.839775e+01
974           	3.839177e+01
975           	3.838488e+01
976           	3.837739e+01
977           	3.836971e+01
978           	3.836286e+01
979           	3.835667e+01
980           	3.834958e+01
981           	3.834190e+01
982           	3.833404e+01
983           	3.832703e+01
984           	3.832069e+01
985           	3.831346e+01
986           	3.830567e+01
987           	3.829773e+01
988           	3.829062e+01
989           	3.828417e+01
990           	3.827686e+01
991           	3.826900e+01
992           	3.826109e+01
993           	3.825393e+01
994           	3.824747e+01
995           	3.824016e+01
996           	3.823231e+01
997           	3.822434e+01
998           	3.821726e+01
999           	3.821103e+01
1000          	3.820388e+01
1001          	3.819611e+01
1002          	3.818797e+01
1003          	3.818102e+01
1004          	3.817454e+01
1005          	3.816733e+01
1006          	3.815968e+01
1007          	3.815198e+01
1008          	3.814524e+01
1009          	3.813919e+01
1010          	3.813230e+01
1011          	3.812486e+01
1012          	3.811732e+01
1013          	3.811062e+01
1014          	3.810470e+01
1015          	3.809789e+01
1016          	3.809069e+01
1017          	3.808338e+01
1018          	3.807688e+01
1019          	3.807123e+01
1020          	3.806476e+01
1021          	3.805779e+01
1022          	3.805073e+01
1023          	3.804448e+01
1024          	3.803907e+01
1025          	3.803286e+01
1026          	3.802615e+01
1027          	3.801932e+01
1028          	3.801348e+01
1029          	3.800831e+01
1030          	3.800233e+01
1031          	3.799585e+01
1032          	3.798930e+01
1033          	3.798384e+01
1034          	3.797902e+01
1035          	3.797337e+01
1036          	3.796700e+01
1037          	3.796096e+01
1038          	3.795595e+01
1039          	3.795149e+01
1040          	3.794616e+01
1041          	3.794006e+01
1042          	3.793428e+01
1043          	3.792955e+01
1044          	3.792540e+01
1045          	3.792054e+01
1046          	3.791511e+01
1047          	3.790957e+01
1048          	3.790490e+01
1049          	3.790101e+01
1050          	3.789631e+01
1051          	3.789119e+01
1052          	3.788606e+01
1053          	3.788185e+01
1054          	3.787840e+01
1055          	3.787416e+01
1056          	3.786948e+01
1057          	3.786476e+01
1058          	3.786102e+01
1059          	3.785795e+01
1060          	3.785407e+01
1061          	3.784973e+01
1062          	3.784536e+01
1063          	3.784194e+01
1064          	3.783924e+01
1065          	3.783579e+01
1066          	3.783190e+01
1067          	3.782797e+01
1068          	3.782507e+01
1069          	3.782285e+01
1070          	3.781983e+01
1071          	3.781634e+01
1072          	3.781290e+01
1073          	3.781036e+01
1074          	3.780853e+01
1075          	3.780594e+01
1076          	3.780295e+01
1077          	3.779992e+01
1078          	3.779789e+01
1079          	3.779657e+01
1080          	3.779443e+01
1081          	3.779183e+01
1082          	3.778922e+01
1083          	3.778773e+01
1084          	3.778695e+01
1085          	3.778536e+01
1086          	3.778326e+01
1087          	3.778107e+01
1088          	3.777973e+01
1089          	3.777933e+01
1090          	3.777813e+01
1091          	3.777650e+01
1092          	3.777485e+01
1093          	3.777418e+01
1094          	3.777429e+01
1095          	3.777360e+01
1096          	3.777241e+01
1097          	3.777113e+01
1098          	3.777081e+01
1099          	3.777124e+01
1100          	3.777090e+01
1101          	3.777008e+01
1102          	3.776918e+01
1103          	3.776925e+01
1104          	3.777006e+01
1105          	3.777008e+01
1106          	3.776960e+01
1107          	3.776905e+01
1108          	3.776942e+01
1109          	3.777054e+01
1110          	3.777085e+01
1111          	3.777066e+01
1112          	3.777037e+01
1113          	3.777102e+01
1114          	3.777239e+01
1115          	3.777296e+01
1116          	3.777301e+01
1117          	3.777303e+01
1118          	3.777396e+01
1119          	3.777554e+01
1120          	3.777626e+01
1121          	3.777642e+01
1122          	3.777644e+01
1123          	3.777741e+01
1124          	3.777904e+01
1125          	3.777983e+01
1126          	3.778005e+01
1127          	3.778017e+01
1128          	3.778125e+01
1129          	3.778298e+01
1130          	3.778383e+01
1131          	3.778411e+01
1132          	3.778422e+01
1133          	3.778525e+01
1134          	3.778689e+01
1135          	3.778763e+01
1136          	3.778778e+01
1137          	3.778777e+01
1138          	3.778862e+01
1139          	3.779015e+01
1140          	3.779078e+01
1141          	3.779081e+01
1142          	3.779067e+01
1143          	3.779135e+01
1144          	3.779267e+01
1145          	3.779310e+01
1146          	3.779293e+01
1147          	3.779257e+01
1148          	3.779300e+01
1149          	3.779409e+01
1150          	3.779429e+01
1151          	3.779386e+01
1152          	3.779321e+01
1153          	3.779339e+01
1154          	3.779417e+01
1155          	3.779401e+01
1156          	3.779324e+01
1157          	3.779228e+01
1158          	3.779211e+01
1159          	3.779255e+01
1160          	3.779206e+01
1161          	3.779095e+01
1162          	3.778967e+01
1163          	3.778918e+01
1164          	3.778933e+01
1165          	3.778855e+01
1166          	3.778711e+01
1167          	3.778545e+01
1168          	3.778461e+01
1169          	3.778433e+01
1170          	3.778310e+01
1171          	3.778124e+01
1172          	3.777919e+01
1173          	3.777799e+01
1174          	3.777738e+01
1175          	3.777580e+01
1176          	3.777359e+01
1177          	3.777117e+01
1178          	3.776958e+01
1179          	3.776858e+01
1180          	3.776668e+01
1181          	3.776414e+01
1182          	3.776139e+01
1183          	3.775937e+01
1184          	3.775802e+01
1185          	3.775575e+01
1186          	3.775284e+01
1187          	3.774973e+01
1188          	3.774737e+01
1189          	3.774569e+01
1190          	3.774308e+01
1191          	3.773985e+01
1192          	3.773641e+01
1193          	3.773374e+01
1194          	3.773171e+01
1195          	3.772876e+01
1196          	3.772518e+01
1197          	3.772140e+01
1198          	3.771852e+01
1199          	3.771619e+01
1200          	3.771296e+01
1201          	3.770925e+01
1202          	3.770526e+01
1203          	3.770201e+01
1204          	3.769948e+01
1205          	3.769601e+01
1206          	3.769186e+01
1207          	3.768755e+01
1208          	3.768410e+01
1209          	3.768120e+01
1210          	3.767743e+01
1211          	3.767306e+01
1212          	3.766853e+01
1213          	3.766493e+01
1214          	3.766183e+01
1215          	3.765786e+01
1216          	3.765332e+01
1217          	3.764865e+01
1218          	3.764487e+01
1219          	3.764154e+01
1220          	3.763734e+01
1221          	3.763258e+01
1222          	3.762771e+01
1223          	3.762372e+01
1224          	3.762030e+01
1225          	3.761599e+01
1226          	3.761115e+01
1227          	3.760616e+01
1228          	3.760184e+01
1229          	3.759825e+01
1230          	3.759381e+01
1231          	3.758882e+01
1232          	3.758371e+01
1233          	3.757936e+01
1234          	3.757571e+01
1235          	3.757119e+01
1236          	3.756610e+01
1237          	3.756085e+01
1238          	3.755646e+01
1239          	3.755273e+01
1240          	3.754812e+01
1241          	3.754294e+01
1242          	3.753760e+01
1243          	3.753315e+01
1244          	3.752940e+01
1245          	3.752477e+01
1246          	3.751951e+01
1247          	3.751412e+01
1248          	3.750961e+01
1249          	3.750580e+01
1250          	3.750116e+01
1251          	3.749594e+01
1252          	3.749057e+01
1253          	3.748606e+01
1254          	3.748224e+01
1255          	3.747756e+01
1256          	3.747233e+01
1257          	3.746698e+01
1258          	3.746253e+01
1259          	3.745879e+01
1260          	3.745416e+01
1261          	3.744899e+01
1262          	3.744371e+01
1263          	3.743932e+01
1264          	3.743564e+01
1265          	3.743117e+01
1266          	3.742612e+01
1267          	3.742086e+01
1268          	3.741649e+01
1269          	3.741286e+01
1270          	3.740848e+01
1271          	3.740364e+01
1272          	3.739879e+01
1273          	3.739467e+01
1274          	3.739103e+01
1275          	3.738651e+01
1276          	3.738153e+01
1277          	3.737657e+01
1278          	3.737268e+01
1279          	3.736931e+01
1280          	3.736511e+01
1281          	3.736040e+01
1282          	3.735558e+01
1283          	3.735183e+01
1284          	3.734858e+01
1285          	3.734451e+01
1286          	3.733994e+01
1287          	3.733527e+01
1288          	3.733164e+01
1289          	3.732855e+01
1290          	3.732465e+01
1291          	3.732024e+01
1292          	3.731572e+01
1293          	3.731193e+01
1294          	3.730913e+01
1295          	3.730532e+01
1296          	3.730106e+01
1297          	3.729675e+01
1298          	3.729359e+01
1299          	3.729079e+01
1300          	3.728716e+01
1301          	3.728303e+01
1302          	3.727880e+01
1303          	3.727569e+01
1304          	3.727323e+01
1305          	3.726979e+01
1306          	3.726575e+01
1307          	3.726157e+01
1308          	3.725832e+01
1309          	3.725578e+01
1310          	3.725243e+01
1311          	3.724859e+01
1312          	3.724467e+01
1313          	3.724167e+01
1314          	3.723935e+01
1315          	3.723617e+01
1316          	3.723258e+01
1317          	3.722876e+01
1318          	3.722586e+01
1319          	3.722360e+01
1320          	3.722043e+01
1321          	3.721670e+01
1322          	3.721287e+01
1323          	3.720967e+01
1324          	3.720762e+01
1325          	3.720478e+01
1326          	3.720105e+01
1327          	3.719744e+01
1328          	3.719465e+01
1329          	3.719245e+01
1330          	3.718950e+01
1331          	3.718607e+01
1332          	3.718244e+01
1333          	3.717972e+01
1334          	3.717769e+01
1335          	3.717490e+01
1336          	3.717149e+01
1337          	3.716788e+01
1338          	3.716511e+01
1339          	3.716303e+01
1340          	3.716009e+01
1341          	3.715662e+01
1342          	3.715305e+01
1343          	3.715039e+01
1344          	3.714839e+01
1345          	3.714552e+01
1346          	3.714207e+01
1347          	3.713842e+01
1348          	3.713569e+01
1349          	3.713367e+01
1350          	3.713080e+01
1351          	3.712739e+01
1352          	3.712384e+01
1353          	3.712116e+01
1354          	3.711918e+01
1355          	3.711632e+01
1356          	3.711291e+01
1357          	3.710937e+01
1358          	3.710670e+01
1359          	3.710473e+01
1360          	3.710190e+01
1361          	3.709852e+01
1362          	3.709502e+01
1363          	3.709237e+01
1364          	3.709038e+01
1365          	3.708755e+01
1366          	3.708419e+01
1367          	3.708072e+01
1368          	3.707810e+01
1369          	3.707621e+01
1370          	3.707344e+01
1371          	3.707010e+01
1372          	3.706661e+01
1373          	3.706401e+01
1374          	3.706210e+01
1375          	3.705935e+01
1376          	3.705607e+01
1377          	3.705263e+01
1378          	3.705011e+01
1379          	3.704822e+01
1380          	3.704548e+01
1381          	3.704218e+01
1382          	3.703885e+01
1383          	3.703633e+01
1384          	3.703453e+01
1385          	3.703188e+01
1386          	3.702869e+01
1387          	3.702537e+01
1388          	3.702289e+01
1389          	3.702114e+01
1390          	3.701853e+01
1391          	3.701538e+01
1392          	3.701210e+01
1393          	3.700962e+01
1394          	3.700789e+01
1395          	3.700531e+01
1396          	3.700219e+01
1397          	3.699892e+01
1398          	3.699648e+01
1399          	3.699480e+01
1400          	3.699227e+01
1401          	3.698917e+01
1402          	3.698594e+01
1403          	3.698355e+01
1404          	3.698188e+01
1405          	3.697937e+01
1406          	3.697633e+01
1407          	3.697317e+01
1408          	3.697090e+01
1409          	3.696928e+01
1410          	3.696678e+01
1411          	3.696371e+01
1412          	3.696051e+01
1413          	3.695817e+01
1414          	3.695652e+01
1415          	3.695402e+01
1416          	3.695096e+01
1417          	3.694776e+01
1418          	3.694542e+01
1419          	3.694379e+01
1420          	3.694129e+01
1421          	3.693823e+01
1422          	3.693502e+01
1423          	3.693266e+01
1424          	3.693099e+01
1425          	3.692845e+01
1426          	3.692534e+01
1427          	3.692208e+01
1428          	3.691965e+01
1429          	3.691794e+01
1430          	3.691535e+01
1431          	3.691219e+01
1432          	3.690888e+01
1433          	3.690640e+01
1434          	3.690461e+01
1435          	3.690194e+01
1436          	3.689870e+01
1437          	3.689531e+01
1438          	3.689279e+01
1439          	3.689091e+01
1440          	3.688814e+01
1441          	3.688479e+01
1442          	3.688128e+01
1443          	3.687864e+01
1444          	3.687668e+01
1445          	3.687383e+01
1446          	3.687040e+01
1447          	3.686680e+01
1448          	3.686406e+01
1449          	3.686199e+01
1450          	3.685903e+01
1451          	3.685547e+01
1452          	3.685175e+01
1453          	3.684887e+01
1454          	3.684667e+01
1455          	3.684361e+01
1456          	3.683996e+01
1457          	3.683615e+01
1458          	3.683320e+01
1459          	3.683091e+01
1460          	3.682772e+01
1461          	3.682395e+01
1462          	3.682001e+01
1463          	3.681693e+01
1464          	3.681450e+01
1465          	3.681120e+01
1466          	3.680733e+01
1467          	3.680331e+01
1468          	3.680016e+01
1469          	3.679766e+01
1470          	3.679427e+01
1471          	3.679029e+01
1472          	3.678616e+01
1473          	3.678290e+01
1474          	3.678031e+01
1475          	3.677686e+01
1476          	3.677284e+01
1477          	3.676867e+01
1478          	3.676541e+01
1479          	3.676279e+01
1480          	3.675931e+01
1481          	3.675519e+01
1482          	3.675105e+01
1483          	3.674774e+01
1484          	3.674528e+01
1485          	3.674172e+01
1486          	3.673774e+01
1487          	3.673357e+01
1488          	3.673029e+01
1489          	3.672767e+01
1490          	3.672415e+01
1491          	3.671989e+01
1492          	3.671562e+01
1493          	3.671252e+01
1494          	3.670992e+01
1495          	3.670651e+01
1496          	3.670257e+01
1497          	3.669851e+01
1498          	3.669532e+01
1499          	3.669285e+01
1500          	3.668949e+01
1501          	3.668557e+01
1502          	3.668153e+01
1503          	3.667836e+01
1504          	3.667592e+01
1505          	3.667262e+01
1506          	3.666878e+01
1507          	3.666484e+01
1508          	3.666177e+01
1509          	3.665943e+01
1510          	3.665624e+01
1511          	3.665250e+01
1512          	3.664863e+01
1513          	3.664569e+01
1514          	3.664345e+01
1515          	3.664034e+01
1516          	3.663674e+01
1517          	3.663301e+01
1518          	3.663015e+01
1519          	3.662794e+01
1520          	3.662498e+01
1521          	3.662148e+01
1522          	3.661792e+01
1523          	3.661513e+01
1524          	3.661309e+01
1525          	3.661020e+01
1526          	3.660677e+01
1527          	3.660323e+01
1528          	3.660057e+01
1529          	3.659866e+01
1530          	3.659591e+01
1531          	3.659262e+01
1532          	3.658922e+01
1533          	3.658671e+01
1534          	3.658492e+01
1535          	3.658227e+01
1536          	3.657908e+01
1537          	3.657578e+01
1538          	3.657338e+01
1539          	3.657165e+01
1540          	3.656911e+01
1541          	3.656604e+01
1542          	3.656287e+01
1543          	3.656068e+01
1544          	3.655919e+01
1545          	3.655677e+01
1546          	3.655377e+01
1547          	3.655064e+01
1548          	3.654830e+01
1549          	3.654687e+01
1550          	3.654460e+01
1551          	3.654181e+01
1552          	3.653892e+01
1553          	3.653697e+01
1554          	3.653569e+01
1555          	3.653350e+01
1556          	3.653076e+01
1557          	3.652794e+01
1558          	3.652600e+01
1559          	3.652481e+01
1560          	3.652277e+01
1561          	3.652023e+01
1562          	3.651758e+01
1563          	3.651582e+01
1564          	3.651476e+01
1565          	3.651286e+01
1566          	3.651043e+01
1567          	3.650790e+01
1568          	3.650629e+01
1569          	3.650538e+01
1570          	3.650364e+01
1571          	3.650137e+01
1572          	3.649899e+01
1573          	3.649753e+01
1574          	3.649678e+01
1575          	3.649519e+01
1576          	3.649307e+01
1577          	3.649085e+01
1578          	3.648956e+01
1579          	3.648897e+01
1580          	3.648755e+01
1581          	3.648563e+01
1582          	3.648361e+01
1583          	3.648246e+01
1584          	3.648204e+01
1585          	3.648079e+01
1586          	3.647902e+01
1587          	3.647714e+01
1588          	3.647617e+01
1589          	3.647592e+01
1590          	3.647484e+01
1591          	3.647325e+01
1592          	3.647154e+01
1593          	3.647075e+01
1594          	3.647069e+01
1595          	3.646978e+01
1596          	3.646833e+01
1597          	3.646679e+01
1598          	3.646621e+01
1599          	3.646637e+01
1600          	3.646562e+01
1601          	3.646434e+01
1602          	3.646297e+01
1603          	3.646258e+01
1604          	3.646289e+01
1605          	3.646235e+01
1606          	3.646128e+01
1607          	3.646011e+01
1608          	3.645989e+01
1609          	3.646033e+01
1610          	3.645996e+01
1611          	3.645908e+01
1612          	3.645811e+01
1613          	3.645801e+01
1614          	3.645864e+01
1615          	3.645846e+01
1616          	3.645777e+01
1617          	3.645697e+01
1618          	3.645700e+01
1619          	3.645781e+01
1620          	3.645780e+01
1621          	3.645727e+01
1622          	3.645664e+01
1623          	3.645680e+01
1624          	3.645778e+01
1625          	3.645794e+01
1626          	3.645757e+01
1627          	3.645709e+01
1628          	3.645742e+01
1629          	3.645854e+01
1630          	3.645884e+01
1631          	3.645861e+01
1632          	3.645827e+01
1633          	3.645874e+01
1634          	3.645999e+01
1635          	3.646042e+01
1636          	3.646031e+01
1637          	3.646010e+01
1638          	3.646083e+01
1639          	3.646219e+01
1640          	3.646273e+01
1641          	3.646274e+01
1642          	3.646261e+01
1643          	3.646334e+01
1644          	3.646477e+01
1645          	3.646546e+01
1646          	3.646557e+01
1647          	3.646554e+01
1648          	3.646639e+01
1649          	3.646793e+01
1650          	3.646863e+01
1651          	3.646881e+01
1652          	3.646888e+01
1653          	3.646982e+01
1654          	3.647145e+01
1655          	3.647222e+01
1656          	3.647245e+01
1657          	3.647254e+01
1658          	3.647349e+01
1659          	3.647516e+01
1660          	3.647597e+01
1661          	3.647622e+01
1662          	3.647634e+01
1663          	3.647733e+01
1664          	3.647899e+01
1665          	3.647980e+01
1666          	3.648004e+01
1667          	3.648013e+01
1668          	3.648108e+01
1669          	3.648275e+01
1670          	3.648354e+01
1671          	3.648376e+01
1672          	3.648381e+01
1673          	3.648469e+01
1674          	3.648630e+01
1675          	3.648701e+01
1676          	3.648713e+01
1677          	3.648709e+01
1678          	3.648787e+01
1679          	3.648936e+01
1680          	3.648997e+01
1681          	3.648998e+01
1682          	3.648982e+01
1683          	3.649049e+01
1684          	3.649184e+01
1685          	3.649229e+01
1686          	3.649214e+01
1687          	3.649180e+01
1688          	3.649232e+01
1689          	3.649347e+01
1690          	3.649370e+01
1691          	3.649333e+01
1692          	3.649277e+01
1693          	3.649309e+01
1694          	3.649402e+01
1695          	3.649403e+01
1696          	3.649344e+01
1697          	3.649266e+01
1698          	3.649271e+01
1699          	3.649337e+01
1700          	3.649311e+01
1701          	3.649225e+01
1702          	3.649117e+01
1703          	3.649092e+01
1704          	3.649129e+01
1705          	3.649072e+01
1706          	3.648950e+01
1707          	3.648811e+01
1708          	3.648758e+01
1709          	3.648766e+01
1710          	3.648677e+01
1711          	3.648521e+01
1712          	3.648348e+01
1713          	3.648260e+01
1714          	3.648228e+01
1715          	3.648102e+01
1716          	3.647914e+01
1717          	3.647706e+01
1718          	3.647583e+01
1719          	3.647514e+01
1720          	3.647351e+01
1721          	3.647126e+01
1722          	3.646879e+01
1723          	3.646712e+01
1724          	3.646607e+01
1725          	3.646408e+01
1726          	3.646149e+01
1727          	3.645867e+01
1728          	3.645668e+01
1729          	3.645521e+01
1730          	3.645281e+01
1731          	3.644979e+01
1732          	3.644658e+01
1733          	3.644415e+01
1734          	3.644234e+01
1735          	3.643961e+01
1736          	3.643625e+01
1737          	3.643269e+01
1738          	3.642988e+01
1739          	3.642772e+01
1740          	3.642461e+01
1741          	3.642087e+01
1742          	3.641690e+01
1743          	3.641375e+01
1744          	3.641124e+01
1745          	3.640781e+01
1746          	3.640374e+01
1747          	3.639946e+01
1748          	3.639599e+01
1749          	3.639315e+01
1750          	3.638938e+01
1751          	3.638499e+01
1752          	3.638040e+01
1753          	3.637664e+01
1754          	3.637352e+01
1755          	3.636946e+01
1756          	3.636480e+01
1757          	3.635994e+01
1758          	3.635593e+01
1759          	3.635254e+01
1760          	3.634823e+01
1761          	3.634332e+01
1762          	3.633822e+01
1763          	3.633398e+01
1764          	3.633036e+01
1765          	3.632586e+01
1766          	3.632075e+01
1767          	3.631547e+01
1768          	3.631105e+01
1769          	3.630727e+01
1770          	3.630260e+01
1771          	3.629733e+01
1772          	3.629190e+01
1773          	3.628733e+01
1774          	3.628341e+01
1775          	3.627862e+01
1776          	3.627326e+01
1777          	3.626774e+01
1778          	3.626310e+01
1779          	3.625912e+01
1780          	3.625426e+01
1781          	3.624884e+01
1782          	3.624327e+01
1783          	3.623854e+01
1784          	3.623454e+01
1785          	3.622967e+01
1786          	3.622424e+01
1787          	3.621864e+01
1788          	3.621399e+01
1789          	3.621000e+01
1790          	3.620516e+01
1791          	3.619977e+01
1792          	3.619425e+01
1793          	3.618963e+01
1794          	3.618570e+01
1795          	3.618091e+01
1796          	3.617559e+01
1797          	3.617016e+01
1798          	3.616565e+01
1799          	3.616184e+01
1800          	3.615718e+01
1801          	3.615199e+01
1802          	3.614670e+01
1803          	3.614233e+01
1804          	3.613866e+01
1805          	3.613415e+01
1806          	3.612912e+01
1807          	3.612400e+01
1808          	3.611982e+01
1809          	3.611635e+01
1810          	3.611206e+01
1811          	3.610725e+01
1812          	3.610227e+01
1813          	3.609835e+01
1814          	3.609505e+01
1815          	3.609098e+01
1816          	3.608642e+01
1817          	3.608179e+01
1818          	3.607808e+01
1819          	3.607511e+01
1820          	3.607131e+01
1821          	3.606699e+01
1822          	3.606258e+01
1823          	3.605908e+01
1824          	3.605633e+01
1825          	3.605279e+01
1826          	3.604876e+01
1827          	3.604465e+01
1828          	3.604139e+01
1829          	3.603893e+01
1830          	3.603562e+01
1831          	3.603189e+01
1832          	3.602808e+01
1833          	3.602521e+01
1834          	3.602308e+01
1835          	3.602008e+01
1836          	3.601665e+01
1837          	3.601310e+01
1838          	3.601031e+01
1839          	3.600834e+01
1840          	3.600569e+01
1841          	3.600271e+01
1842          	3.599954e+01
1843          	3.599725e+01
1844          	3.599561e+01
1845          	3.599312e+01
1846          	3.599009e+01
1847          	3.598686e+01
1848          	3.598457e+01
1849          	3.598323e+01
1850          	3.598119e+01
1851          	3.597868e+01
1852          	3.597589e+01
1853          	3.597428e+01
1854          	3.597302e+01
1855          	3.597084e+01
1856          	3.596829e+01
1857          	3.596605e+01
1858          	3.596473e+01
1859          	3.596361e+01
1860          	3.596174e+01
1861          	3.595947e+01
1862          	3.595744e+01
1863          	3.595629e+01
1864          	3.595539e+01
1865          	3.595373e+01
1866          	3.595166e+01
1867          	3.594983e+01
1868          	3.594889e+01
1869          	3.594821e+01
1870          	3.594676e+01
1871          	3.594488e+01
1872          	3.594324e+01
1873          	3.594253e+01
1874          	3.594200e+01
1875          	3.594093e+01
1876          	3.593908e+01
1877          	3.593759e+01
1878          	3.593678e+01
1879          	3.593683e+01
1880          	3.593595e+01
1881          	3.593444e+01
1882          	3.593279e+01
1883          	3.593183e+01
1884          	3.593166e+01
1885          	3.593092e+01
1886          	3.592973e+01
1887          	3.592847e+01
1888          	3.592809e+01
1889          	3.592840e+01
1890          	3.592783e+01
1891          	3.592668e+01
1892          	3.592540e+01
1893          	3.592501e+01
1894          	3.592533e+01
1895          	3.592482e+01
1896          	3.592379e+01
1897          	3.592265e+01
1898          	3.592241e+01
1899          	3.592289e+01
1900          	3.592253e+01
1901          	3.592164e+01
1902          	3.592062e+01
1903          	3.592051e+01
1904          	3.592112e+01
1905          	3.592089e+01
1906          	3.592012e+01
1907          	3.591923e+01
1908          	3.591924e+01
1909          	3.591994e+01
1910          	3.591981e+01
1911          	3.591914e+01
1912          	3.591839e+01
1913          	3.591850e+01
1914          	3.591933e+01
1915          	3.591929e+01
1916          	3.591870e+01
1917          	3.591799e+01
1918          	3.591816e+01
1919          	3.591905e+01
1920          	3.591911e+01
1921          	3.591863e+01
1922          	3.591803e+01
1923          	3.591831e+01
1924          	3.591928e+01
1925          	3.591937e+01
1926          	3.591893e+01
1927          	3.591839e+01
1928          	3.591871e+01
1929          	3.591974e+01
1930          	3.591992e+01
1931          	3.591955e+01
1932          	3.591905e+01
1933          	3.591940e+01
1934          	3.592046e+01
1935          	3.592066e+01
1936          	3.592030e+01
1937          	3.591980e+01
1938          	3.592015e+01
1939          	3.592121e+01
1940          	3.592140e+01
1941          	3.592104e+01
1942          	3.592054e+01
1943          	3.592086e+01
1944          	3.592193e+01
1945          	3.592209e+01
1946          	3.592171e+01
1947          	3.592118e+01
1948          	3.592160e+01
1949          	3.592267e+01
1950          	3.592276e+01
1951          	3.592228e+01
1952          	3.592166e+01
1953          	3.592193e+01
1954          	3.592287e+01
1955          	3.592295e+01
1956          	3.592247e+01
1957          	3.592184e+01
1958          	3.592210e+01
1959          	3.592298e+01
1960          	3.592297e+01
1961          	3.592239e+01
1962          	3.592164e+01
1963          	3.592182e+01
1964          	3.592268e+01
1965          	3.592246e+01
1966          	3.592169e+01
1967          	3.592081e+01
1968          	3.592091e+01
1969          	3.592155e+01
1970          	3.592131e+01
1971          	3.592051e+01
1972          	3.591957e+01
1973          	3.591953e+01
1974          	3.592001e+01
1975          	3.591962e+01
1976          	3.591869e+01
1977          	3.591762e+01
1978          	3.591737e+01
1979          	3.591783e+01
1980          	3.591746e+01
1981          	3.591639e+01
1982          	3.591512e+01
1983          	3.591472e+01
1984          	3.591492e+01
1985          	3.591425e+01
1986          	3.591301e+01
1987          	3.591162e+01
1988          	3.591112e+01
1989          	3.591125e+01
1990          	3.591049e+01
1991          	3.590913e+01
1992          	3.590760e+01
1993          	3.590686e+01
1994          	3.590686e+01
1995          	3.590596e+01
1996          	3.590445e+01
1997          	3.590275e+01
1998          	3.590181e+01
1999          	3.590157e+01
2000          	3.590046e+01
2001          	3.589879e+01
2002          	3.589697e+01
2003          	3.589599e+01
2004          	3.589566e+01
2005          	3.589442e+01
2006          	3.589257e+01
2007          	3.589056e+01
2008          	3.588937e+01
2009          	3.588884e+01
2010          	3.588742e+01
2011          	3.588540e+01
2012          	3.588321e+01
2013          	3.588186e+01
2014          	3.588116e+01
2015          	3.587958e+01
2016          	3.587740e+01
2017          	3.587504e+01
2018          	3.587354e+01
2019          	3.587268e+01
2020          	3.587093e+01
2021          	3.586857e+01
2022          	3.586604e+01
2023          	3.586434e+01
2024          	3.586331e+01
2025          	3.586138e+01
2026          	3.585887e+01
2027          	3.585619e+01
2028          	3.585437e+01
2029          	3.585321e+01
2030          	3.585114e+01
2031          	3.584847e+01
2032          	3.584560e+01
2033          	3.584356e+01
2034          	3.584218e+01
2035          	3.583996e+01
2036          	3.583719e+01
2037          	3.583421e+01
2038          	3.583201e+01
2039          	3.583040e+01
2040          	3.582788e+01
2041          	3.582476e+01
2042          	3.582151e+01
2043          	3.581915e+01
2044          	3.581746e+01
2045          	3.581478e+01
2046          	3.581157e+01
2047          	3.580823e+01
2048          	3.580571e+01
2049          	3.580386e+01
2050          	3.580109e+01
2051          	3.579773e+01
2052          	3.579416e+01
2053          	3.579141e+01
2054          	3.578930e+01
2055          	3.578629e+01
2056          	3.578270e+01
2057          	3.577894e+01
2058          	3.577607e+01
2059          	3.577383e+01
2060          	3.577071e+01
2061          	3.576700e+01
2062          	3.576312e+01
2063          	3.576012e+01
2064          	3.575776e+01
2065          	3.575451e+01
2066          	3.575068e+01
2067          	3.574668e+01
2068          	3.574357e+01
2069          	3.574110e+01
2070          	3.573775e+01
2071          	3.573383e+01
2072          	3.572975e+01
2073          	3.572655e+01
2074          	3.572401e+01
2075          	3.572060e+01
2076          	3.571662e+01
2077          	3.571249e+01
2078          	3.570926e+01
2079          	3.570669e+01
2080          	3.570325e+01
2081          	3.569924e+01
2082          	3.569510e+01
2083          	3.569188e+01
2084          	3.568931e+01
2085          	3.568589e+01
2086          	3.568193e+01
2087          	3.567784e+01
2088          	3.567467e+01
2089          	3.567218e+01
2090          	3.566884e+01
2091          	3.566496e+01
2092          	3.566097e+01
2093          	3.565794e+01
2094          	3.565556e+01
2095          	3.565234e+01
2096          	3.564860e+01
2097          	3.564477e+01
2098          	3.564187e+01
2099          	3.563972e+01
2100          	3.563671e+01
2101          	3.563320e+01
2102          	3.562959e+01
2103          	3.562688e+01
2104          	3.562497e+01
2105          	3.562222e+01
2106          	3.561905e+01
2107          	3.561580e+01
2108          	3.561349e+01
2109          	3.561187e+01
2110          	3.560947e+01
2111          	3.560657e+01
2112          	3.560362e+01
2113          	3.560174e+01
2114          	3.560044e+01
2115          	3.559846e+01
2116          	3.559598e+01
2117          	3.559341e+01
2118          	3.559174e+01
2119          	3.559089e+01
2120          	3.558931e+01
2121          	3.558731e+01
2122          	3.558529e+01
2123          	3.558414e+01
2124          	3.558382e+01
2125          	3.558275e+01
2126          	3.558122e+01
2127          	3.557968e+01
2128          	3.557913e+01
2129          	3.557933e+01
2130          	3.557877e+01
2131          	3.557774e+01
2132          	3.557672e+01
2133          	3.557666e+01
2134          	3.557738e+01
2135          	3.557732e+01
2136          	3.557683e+01
2137          	3.557630e+01
2138          	3.557676e+01
2139          	3.557804e+01
2140          	3.557858e+01
2141          	3.557870e+01
2142          	3.557880e+01
2143          	3.557999e+01
2144          	3.558181e+01
2145          	3.558296e+01
2146          	3.558361e+01
2147          	3.558421e+01
2148          	3.558574e+01
2149          	3.558798e+01
2150          	3.558952e+01
2151          	3.559068e+01
2152          	3.559181e+01
2153          	3.559391e+01
2154          	3.559678e+01
2155          	3.559887e+01
2156          	3.560049e+01
2157          	3.560206e+01
2158          	3.560458e+01
2159          	3.560785e+01
2160          	3.561033e+01
2161          	3.561233e+01
2162          	3.561422e+01
2163          	3.561719e+01
2164          	3.562078e+01
2165          	3.562349e+01
2166          	3.562581e+01
2167          	3.562833e+01
2168          	3.563147e+01
2169          	3.563565e+01
2170          	3.563888e+01
2171          	3.564151e+01
2172          	3.564397e+01
2173          	3.564724e+01
2174          	3.565132e+01
2175          	3.565459e+01
2176          	3.565730e+01
2177          	3.565999e+01
2178          	3.566370e+01
2179          	3.566801e+01
2180          	3.567146e+01
2181          	3.567436e+01
2182          	3.567712e+01
2183          	3.568071e+01
2184          	3.568505e+01
2185          	3.568852e+01
2186          	3.569143e+01
2187          	3.569423e+01
2188          	3.569779e+01
2189          	3.570216e+01
2190          	3.570554e+01
2191          	3.570836e+01
2192          	3.571107e+01
2193          	3.571449e+01
2194          	3.571869e+01
2195          	3.572193e+01
2196          	3.572464e+01
2197          	3.572727e+01
2198          	3.573072e+01
2199          	3.573471e+01
2200          	3.573781e+01
2201          	3.574031e+01
2202          	3.574265e+01
2203          	3.574591e+01
2204          	3.574967e+01
2205          	3.575263e+01
2206          	3.575498e+01
2207          	3.575708e+01
2208          	3.575986e+01
2209          	3.576345e+01
2210          	3.576608e+01
2211          	3.576820e+01
2212          	3.577010e+01
2213          	3.577268e+01
2214          	3.577588e+01
2215          	3.577814e+01
2216          	3.577984e+01
2217          	3.578145e+01
2218          	3.578401e+01
2219          	3.578703e+01
2220          	3.578908e+01
2221          	3.579035e+01
2222          	3.579142e+01
2223          	3.579337e+01
2224          	3.579593e+01
2225          	3.579755e+01
2226          	3.579856e+01
2227          	3.579937e+01
2228          	3.580113e+01
2229          	3.580342e+01
2230          	3.580470e+01
2231          	3.580526e+01
2232          	3.580555e+01
2233          	3.580654e+01
2234          	3.580822e+01
2235          	3.580900e+01
2236          	3.580899e+01
2237          	3.580901e+01
2238          	3.580974e+01
2239          	3.581099e+01
2240          	3.581128e+01
2241          	3.581089e+01
2242          	3.581023e+01
2243          	3.581034e+01
2244          	3.581102e+01
2245          	3.581072e+01
2246          	3.580977e+01
2247          	3.580855e+01
2248          	3.580804e+01
2249          	3.580809e+01
2250          	3.580718e+01
2251          	3.580563e+01
2252          	3.580394e+01
2253          	3.580296e+01
2254          	3.580247e+01
2255          	3.580091e+01
2256          	3.579863e+01
2257          	3.579610e+01
2258          	3.579428e+01
2259          	3.579318e+01
2260          	3.579111e+01
2261          	3.578835e+01
2262          	3.578531e+01
2263          	3.578300e+01
2264          	3.578126e+01
2265          	3.577851e+01
2266          	3.577504e+01
2267          	3.577132e+01
2268          	3.576839e+01
2269          	3.576602e+01
2270          	3.576267e+01
2271          	3.575864e+01
2272          	3.575434e+01
2273          	3.575077e+01
2274          	3.574776e+01
2275          	3.574382e+01
2276          	3.573919e+01
2277          	3.573429e+01
2278          	3.573013e+01
2279          	3.572656e+01
2280          	3.572188e+01
2281          	3.571659e+01
2282          	3.571116e+01
2283          	3.570665e+01
2284          	3.570256e+01
2285          	3.569751e+01
2286          	3.569183e+01
2287          	3.568599e+01
2288          	3.568067e+01
2289          	3.567619e+01
2290          	3.567066e+01
2291          	3.566426e+01
2292          	3.565776e+01
2293          	3.565228e+01
2294          	3.564730e+01
2295          	3.564145e+01
2296          	3.563498e+01
2297          	3.562834e+01
2298          	3.562269e+01
2299          	3.561734e+01
2300          	3.561106e+01
2301          	3.560416e+01
2302          	3.559710e+01
2303          	3.559088e+01
2304          	3.558541e+01
2305          	3.557908e+01
2306          	3.557218e+01
2307          	3.556508e+01
2308          	3.555875e+01
2309          	3.555317e+01
2310          	3.554674e+01
2311          	3.553964e+01
2312          	3.553254e+01
2313          	3.552643e+01
2314          	3.552074e+01
2315          	3.551421e+01
2316          	3.550718e+01
2317          	3.550006e+01
2318          	3.549387e+01
2319          	3.548835e+01
2320          	3.548213e+01
2321          	3.547540e+01
2322          	3.546858e+01
2323          	3.546257e+01
2324          	3.545738e+01
2325          	3.545141e+01
2326          	3.544489e+01
2327          	3.543832e+01
2328          	3.543292e+01
2329          	3.542805e+01
2330          	3.542234e+01
2331          	3.541620e+01
2332          	3.541003e+01
2333          	3.540509e+01
2334          	3.540054e+01
2335          	3.539556e+01
2336          	3.538976e+01
2337          	3.538398e+01
2338          	3.537929e+01
2339          	3.537549e+01
2340          	3.537095e+01
2341          	3.536611e+01
2342          	3.536122e+01
2343          	3.535714e+01
2344          	3.535385e+01
2345          	3.534980e+01
2346          	3.534533e+01
2347          	3.534089e+01
2348          	3.533749e+01
2349          	3.533493e+01
2350          	3.533167e+01
2351          	3.532807e+01
2352          	3.532442e+01
2353          	3.532171e+01
2354          	3.531978e+01
2355          	3.531725e+01
2356          	3.531428e+01
2357          	3.531119e+01
2358          	3.530904e+01
2359          	3.530793e+01
2360          	3.530605e+01
2361          	3.530376e+01
2362          	3.530152e+01
2363          	3.530037e+01
2364          	3.530013e+01
2365          	3.529906e+01
2366          	3.529719e+01
2367          	3.529538e+01
2368          	3.529474e+01
2369          	3.529513e+01
2370          	3.529472e+01
2371          	3.529383e+01
2372          	3.529290e+01
2373          	3.529290e+01
2374          	3.529376e+01
2375          	3.529385e+01
2376          	3.529352e+01
2377          	3.529318e+01
2378          	3.529389e+01
2379          	3.529536e+01
2380          	3.529608e+01
2381          	3.529633e+01
2382          	3.529656e+01
2383          	3.529781e+01
2384          	3.529985e+01
2385          	3.530112e+01
2386          	3.530192e+01
2387          	3.530267e+01
2388          	3.530452e+01
2389          	3.530707e+01
2390          	3.530876e+01
2391          	3.530993e+01
2392          	3.531102e+01
2393          	3.531307e+01
2394          	3.531593e+01
2395          	3.531806e+01
2396          	3.531977e+01
2397          	3.532142e+01
2398          	3.532401e+01
2399          	3.532734e+01
2400          	3.532984e+01
2401          	3.533183e+01
2402          	3.533370e+01
2403          	3.533651e+01
2404          	3.534004e+01
2405          	3.534274e+01
2406          	3.534487e+01
2407          	3.534702e+01
2408          	3.535011e+01
2409          	3.535398e+01
2410          	3.535701e+01
2411          	3.535949e+01
2412          	3.536183e+01
2413          	3.536506e+01
2414          	3.536902e+01
2415          	3.537216e+01
2416          	3.537479e+01
2417          	3.537733e+01
2418          	3.538074e+01
2419          	3.538490e+01
2420          	3.538822e+01
2421          	3.539100e+01
2422          	3.539366e+01
2423          	3.539718e+01
2424          	3.540143e+01
2425          	3.540481e+01
2426          	3.540771e+01
2427          	3.541046e+01
2428          	3.541402e+01
2429          	3.541827e+01
2430          	3.542163e+01
2431          	3.542443e+01
2432          	3.542714e+01
2433          	3.543069e+01
2434          	3.543499e+01
2435          	3.543840e+01
2436          	3.544122e+01
2437          	3.544389e+01
2438          	3.544722e+01
2439          	3.545135e+01
2440          	3.545470e+01
2441          	3.545755e+01
2442          	3.546027e+01
2443          	3.546380e+01
2444          	3.546798e+01
2445          	3.547126e+01
2446          	3.547392e+01
2447          	3.547640e+01
2448          	3.547970e+01
2449          	3.548367e+01
2450          	3.548679e+01
2451          	3.548933e+01
2452          	3.549170e+01
2453          	3.549488e+01
2454          	3.549875e+01
2455          	3.550173e+01
2456          	3.550420e+01
2457          	3.550646e+01
2458          	3.550947e+01
2459          	3.551317e+01
2460          	3.551597e+01
2461          	3.551821e+01
2462          	3.552027e+01
2463          	3.552309e+01
2464          	3.552663e+01
2465          	3.552926e+01
2466          	3.553132e+01
2467          	3.553317e+01
2468          	3.553578e+01
2469          	3.553915e+01
2470          	3.554153e+01
2471          	3.554328e+01
2472          	3.554485e+01
2473          	3.554720e+01
2474          	3.555028e+01
2475          	3.555243e+01
2476          	3.555398e+01
2477          	3.555528e+01
2478          	3.555730e+01
2479          	3.556003e+01
2480          	3.556184e+01
2481          	3.556302e+01
2482          	3.556399e+01
2483          	3.556566e+01
2484          	3.556804e+01
2485          	3.556948e+01
2486          	3.557029e+01
2487          	3.557088e+01
2488          	3.557217e+01
2489          	3.557412e+01
2490          	3.557512e+01
2491          	3.557550e+01
2492          	3.557566e+01
2493          	3.557648e+01
2494          	3.557819e+01
2495          	3.557881e+01
2496          	3.557859e+01
2497          	3.557819e+01
2498          	3.557880e+01
2499          	3.557983e+01
2500          	3.558001e+01
2501          	3.557950e+01
2502          	3.557868e+01
2503          	3.557853e+01
2504          	3.557902e+01
2505          	3.557857e+01
2506          	3.557755e+01
2507          	3.557629e+01
2508          	3.557582e+01
2509          	3.557604e+01
2510          	3.557520e+01
2511          	3.557373e+01
2512          	3.557199e+01
2513          	3.557101e+01
2514          	3.557057e+01
2515          	3.556916e+01
2516          	3.556716e+01
2517          	3.556493e+01
2518          	3.556351e+01
2519          	3.556270e+01
2520          	3.556095e+01
2521          	3.555852e+01
2522          	3.555588e+01
2523          	3.555406e+01
2524          	3.555287e+01
2525          	3.555074e+01
2526          	3.554795e+01
2527          	3.554492e+01
2528          	3.554270e+01
2529          	3.554105e+01
2530          	3.553847e+01
2531          	3.553523e+01
2532          	3.553181e+01
2533          	3.552924e+01
2534          	3.552736e+01
2535          	3.552463e+01
2536          	3.552128e+01
2537          	3.551767e+01
2538          	3.551496e+01
2539          	3.551279e+01
2540          	3.550970e+01
2541          	3.550602e+01
2542          	3.550227e+01
2543          	3.549923e+01
2544          	3.549697e+01
2545          	3.549378e+01
2546          	3.548999e+01
2547          	3.548601e+01
2548          	3.548276e+01
2549          	3.548038e+01
2550          	3.547700e+01
2551          	3.547311e+01
2552          	3.546912e+01
2553          	3.546599e+01
2554          	3.546357e+01
2555          	3.546027e+01
2556          	3.545640e+01
2557          	3.545237e+01
2558          	3.544935e+01
2559          	3.544691e+01
2560          	3.544353e+01
2561          	3.543957e+01
2562          	3.543550e+01
2563          	3.543241e+01
2564          	3.543001e+01
2565          	3.542677e+01
2566          	3.542301e+01
2567          	3.541915e+01
2568          	3.541626e+01
2569          	3.541401e+01
2570          	3.541089e+01
2571          	3.540724e+01
2572          	3.540350e+01
2573          	3.540073e+01
2574          	3.539865e+01
2575          	3.539574e+01
2576          	3.539229e+01
2577          	3.538875e+01
2578          	3.538617e+01
2579          	3.538430e+01
2580          	3.538160e+01
2581          	3.537836e+01
2582          	3.537502e+01
2583          	3.537259e+01
2584          	3.537095e+01
2585          	3.536845e+01
2586          	3.536544e+01
2587          	3.536240e+01
2588          	3.536025e+01
2589          	3.535885e+01
2590          	3.535660e+01
2591          	3.535400e+01
2592          	3.535125e+01
2593          	3.534930e+01
2594          	3.534815e+01
2595          	3.534617e+01
2596          	3.534368e+01
2597          	3.534107e+01
2598          	3.533943e+01
2599          	3.533846e+01
2600          	3.533672e+01
2601          	3.533443e+01
2602          	3.533217e+01
2603          	3.533100e+01
2604          	3.533031e+01
2605          	3.532888e+01
2606          	3.532689e+01
2607          	3.532480e+01
2608          	3.532368e+01
2609          	3.532323e+01
2610          	3.532195e+01
2611          	3.532016e+01
2612          	3.531833e+01
2613          	3.531745e+01
2614          	3.531728e+01
2615          	3.531632e+01
2616          	3.531484e+01
2617          	3.531325e+01
2618          	3.531253e+01
2619          	3.531255e+01
2620          	3.531175e+01
2621          	3.531048e+01
2622          	3.530907e+01
2623          	3.530859e+01
2624          	3.530879e+01
2625          	3.530821e+01
2626          	3.530708e+01
2627          	3.530601e+01
2628          	3.530576e+01
2629          	3.530617e+01
2630          	3.530578e+01
2631          	3.530481e+01
2632          	3.530369e+01
2633          	3.530353e+01
2634          	3.530412e+01
2635          	3.530390e+01
2636          	3.530317e+01
2637          	3.530236e+01
2638          	3.530239e+01
2639          	3.530318e+01
2640          	3.530310e+01
2641          	3.530247e+01
2642          	3.530172e+01
2643          	3.530187e+01
2644          	3.530276e+01
2645          	3.530284e+01
2646          	3.530242e+01
2647          	3.530189e+01
2648          	3.530225e+01
2649          	3.530333e+01
2650          	3.530356e+01
2651          	3.530323e+01
2652          	3.530277e+01
2653          	3.530320e+01
2654          	3.530435e+01
2655          	3.530475e+01
2656          	3.530458e+01
2657          	3.530423e+01
2658          	3.530474e+01
2659          	3.530592e+01
2660          	3.530626e+01
2661          	3.530606e+01
2662          	3.530578e+01
2663          	3.530639e+01
2664          	3.530775e+01
2665          	3.530827e+01
2666          	3.530824e+01
2667          	3.530807e+01
2668          	3.530871e+01
2669          	3.531009e+01
2670          	3.531061e+01
2671          	3.531058e+01
2672          	3.531044e+01
2673          	3.531108e+01
2674          	3.531252e+01
2675          	3.531309e+01
2676          	3.531313e+01
2677          	3.531299e+01
2678          	3.531363e+01
2679          	3.531508e+01
2680          	3.531562e+01
2681          	3.531569e+01
2682          	3.531553e+01
2683          	3.531643e+01
2684          	3.531786e+01
2685          	3.531842e+01
2686          	3.531839e+01
2687          	3.531814e+01
2688          	3.531882e+01
2689          	3.532042e+01
2690          	3.532103e+01
2691          	3.532109e+01
2692          	3.532088e+01
2693          	3.532156e+01
2694          	3.532300e+01
2695          	3.532357e+01
2696          	3.532352e+01
2697          	3.532338e+01
2698          	3.532405e+01
2699          	3.532547e+01
2700          	3.532605e+01
2701          	3.532605e+01
2702          	3.532584e+01
2703          	3.532637e+01
2704          	3.532760e+01
2705          	3.532800e+01
2706          	3.532790e+01
2707          	3.532761e+01
2708          	3.532820e+01
2709          	3.532947e+01
2710          	3.532983e+01
2711          	3.532961e+01
2712          	3.532921e+01
2713          	3.532965e+01
2714          	3.533077e+01
2715          	3.533100e+01
2716          	3.533065e+01
2717          	3.533012e+01
2718          	3.533041e+01
2719          	3.533141e+01
2720          	3.533152e+01
2721          	3.533104e+01
2722          	3.533038e+01
2723          	3.533052e+01
2724          	3.533137e+01
2725          	3.533132e+01
2726          	3.533070e+01
2727          	3.532981e+01
2728          	3.532986e+01
2729          	3.533054e+01
2730          	3.533024e+01
2731          	3.532938e+01
2732          	3.532836e+01
2733          	3.532830e+01
2734          	3.532880e+01
2735          	3.532836e+01
2736          	3.532735e+01
2737          	3.532621e+01
2738          	3.532598e+01
2739          	3.532625e+01
2740          	3.532564e+01
2741          	3.532446e+01
2742          	3.532312e+01
2743          	3.532262e+01
2744          	3.532282e+01
2745          	3.532212e+01
2746          	3.532083e+01
2747          	3.531935e+01
2748          	3.531871e+01
2749          	3.531871e+01
2750          	3.531780e+01
2751          	3.531629e+01
2752          	3.531451e+01
2753          	3.531373e+01
2754          	3.531355e+01
2755          	3.531253e+01
2756          	3.531096e+01
2757          	3.530933e+01
2758          	3.530846e+01
2759          	3.530833e+01
2760          	3.530728e+01
2761          	3.530553e+01
2762          	3.530369e+01
2763          	3.530261e+01
2764          	3.530229e+01
2765          	3.530116e+01
2766          	3.529948e+01
2767          	3.529766e+01
2768          	3.529669e+01
2769          	3.529641e+01
2770          	3.529525e+01
2771          	3.529349e+01
2772          	3.529155e+01
2773          	3.529059e+01
2774          	3.529026e+01
2775          	3.528911e+01
2776          	3.528739e+01
2777          	3.528552e+01
2778          	3.528467e+01
2779          	3.528438e+01
2780          	3.528330e+01
2781          	3.528165e+01
2782          	3.527983e+01
2783          	3.527906e+01
2784          	3.527882e+01
2785          	3.527782e+01
2786          	3.527625e+01
2787          	3.527454e+01
2788          	3.527389e+01
2789          	3.527378e+01
2790          	3.527291e+01
2791          	3.527147e+01
2792          	3.526988e+01
2793          	3.526935e+01
2794          	3.526939e+01
2795          	3.526866e+01
2796          	3.526732e+01
2797          	3.526591e+01
2798          	3.526555e+01
2799          	3.526578e+01
2800          	3.526523e+01
2801          	3.526407e+01
2802          	3.526283e+01
2803          	3.526263e+01
2804          	3.526302e+01
2805          	3.526264e+01
2806          	3.526167e+01
2807          	3.526063e+01
2808          	3.526060e+01
2809          	3.526120e+01
2810          	3.526104e+01
2811          	3.526026e+01
2812          	3.525941e+01
2813          	3.525959e+01
2814          	3.526037e+01
2815          	3.526038e+01
2816          	3.525981e+01
2817          	3.525922e+01
2818          	3.525960e+01
2819          	3.526059e+01
2820          	3.526069e+01
2821          	3.526036e+01
2822          	3.525987e+01
2823          	3.526037e+01
2824          	3.526165e+01
2825          	3.526204e+01
2826          	3.526191e+01
2827          	3.526169e+01
2828          	3.526241e+01
2829          	3.526383e+01
2830          	3.526431e+01
2831          	3.526428e+01
2832          	3.526420e+01
2833          	3.526510e+01
2834          	3.526671e+01
2835          	3.526747e+01
2836          	3.526768e+01
2837          	3.526775e+01
2838          	3.526873e+01
2839          	3.527040e+01
2840          	3.527124e+01
2841          	3.527156e+01
2842          	3.527180e+01
2843          	3.527298e+01
2844          	3.527487e+01
2845          	3.527596e+01
2846          	3.527650e+01
2847          	3.527689e+01
2848          	3.527810e+01
2849          	3.528008e+01
2850          	3.528118e+01
2851          	3.528170e+01
2852          	3.528209e+01
2853          	3.528353e+01
2854          	3.528556e+01
2855          	3.528680e+01
2856          	3.528763e+01
2857          	3.528826e+01
2858          	3.528955e+01
2859          	3.529161e+01
2860          	3.529285e+01
2861          	3.529359e+01
2862          	3.529422e+01
2863          	3.529570e+01
2864          	3.529792e+01
2865          	3.529930e+01
2866          	3.530010e+01
2867          	3.530074e+01
2868          	3.530220e+01
2869          	3.530438e+01
2870          	3.530572e+01
2871          	3.530650e+01
2872          	3.530712e+01
2873          	3.530862e+01
2874          	3.531081e+01
2875          	3.531216e+01
2876          	3.531293e+01
2877          	3.531354e+01
2878          	3.531504e+01
2879          	3.531722e+01
2880          	3.531858e+01
2881          	3.531925e+01
2882          	3.531993e+01
2883          	3.532137e+01
2884          	3.532342e+01
2885          	3.532477e+01
2886          	3.532548e+01
2887          	3.532599e+01
2888          	3.532731e+01
2889          	3.532940e+01
2890          	3.533061e+01
2891          	3.533120e+01
2892          	3.533165e+01
2893          	3.533287e+01
2894          	3.533487e+01
2895          	3.533599e+01
2896          	3.533653e+01
2897          	3.533689e+01
2898          	3.533806e+01
2899          	3.533999e+01
2900          	3.534102e+01
2901          	3.534143e+01
2902          	3.534166e+01
2903          	3.534267e+01
2904          	3.534441e+01
2905          	3.534533e+01
2906          	3.534560e+01
2907          	3.534576e+01
2908          	3.534663e+01
2909          	3.534829e+01
2910          	3.534901e+01
2911          	3.534916e+01
2912          	3.534909e+01
2913          	3.534982e+01
2914          	3.535126e+01
2915          	3.535185e+01
2916          	3.535186e+01
2917          	3.535169e+01
2918          	3.535226e+01
2919          	3.535361e+01
2920          	3.535403e+01
2921          	3.535377e+01
2922          	3.535335e+01
2923          	3.535369e+01
2924          	3.535479e+01
2925          	3.535500e+01
2926          	3.535462e+01
2927          	3.535407e+01
2928          	3.535436e+01
2929          	3.535525e+01
2930          	3.535523e+01
2931          	3.535460e+01
2932          	3.535379e+01
2933          	3.535382e+01
2934          	3.535452e+01
2935          	3.535435e+01
2936          	3.535353e+01
2937          	3.535257e+01
2938          	3.535238e+01
2939          	3.535283e+01
2940          	3.535233e+01
2941          	3.535126e+01
2942          	3.535007e+01
2943          	3.534973e+01
2944          	3.535001e+01
2945          	3.534934e+01
2946          	3.534808e+01
2947          	3.534665e+01
2948          	3.534611e+01
2949          	3.534617e+01
2950          	3.534535e+01
2951          	3.534392e+01
2952          	3.534230e+01
2953          	3.534149e+01
2954          	3.534136e+01
2955          	3.534033e+01
2956          	3.533868e+01
2957          	3.533684e+01
2958          	3.533580e+01
2959          	3.533540e+01
2960          	3.533419e+01
2961          	3.533226e+01
2962          	3.533020e+01
2963          	3.532907e+01
2964          	3.532859e+01
2965          	3.532721e+01
2966          	3.532521e+01
2967          	3.532305e+01
2968          	3.532176e+01
2969          	3.532111e+01
2970          	3.531956e+01
2971          	3.531741e+01
2972          	3.531510e+01
2973          	3.531364e+01
2974          	3.531297e+01
2975          	3.531132e+01
2976          	3.530899e+01
2977          	3.530644e+01
2978          	3.530491e+01
2979          	3.530395e+01
2980          	3.530213e+01
2981          	3.529975e+01
2982          	3.529722e+01
2983          	3.529573e+01
2984          	3.529475e+01
2985          	3.529287e+01
2986          	3.529042e+01
2987          	3.528782e+01
2988          	3.528614e+01
2989          	3.528507e+01
2990          	3.528321e+01
2991          	3.528077e+01
2992          	3.527820e+01
2993          	3.527646e+01
2994          	3.527547e+01
2995          	3.527353e+01
2996          	3.527117e+01
2997          	3.526848e+01
2998          	3.526682e+01
2999          	3.526576e+01
3000          	3.526385e+01
3001          	3.526139e+01
3002          	3.525881e+01
3003          	3.525713e+01
3004          	3.525621e+01
3005          	3.525441e+01
3006          	3.525203e+01
3007          	3.524953e+01
3008          	3.524795e+01
3009          	3.524704e+01
3010          	3.524526e+01
3011          	3.524292e+01
3012          	3.524048e+01
3013          	3.523901e+01
3014          	3.523823e+01
3015          	3.523657e+01
3016          	3.523436e+01
3017          	3.523202e+01
3018          	3.523069e+01
3019          	3.523004e+01
3020          	3.522851e+01
3021          	3.522642e+01
3022          	3.522422e+01
3023          	3.522300e+01
3024          	3.522249e+01
3025          	3.522110e+01
3026          	3.521914e+01
3027          	3.521710e+01
3028          	3.521602e+01
3029          	3.521570e+01
3030          	3.521449e+01
3031          	3.521273e+01
3032          	3.521087e+01
3033          	3.520998e+01
3034          	3.520979e+01
3035          	3.520871e+01
3036          	3.520710e+01
3037          	3.520540e+01
3038          	3.520473e+01
3039          	3.520473e+01
3040          	3.520387e+01
3041          	3.520244e+01
3042          	3.520093e+01
3043          	3.520042e+01
3044          	3.520062e+01
3045          	3.519997e+01
3046          	3.519875e+01
3047          	3.519743e+01
3048          	3.519713e+01
3049          	3.519747e+01
3050          	3.519698e+01
3051          	3.519596e+01
3052          	3.519481e+01
3053          	3.519467e+01
3054          	3.519520e+01
3055          	3.519498e+01
3056          	3.519420e+01
3057          	3.519334e+01
3058          	3.519338e+01
3059          	3.519405e+01
3060          	3.519396e+01
3061          	3.519333e+01
3062          	3.519258e+01
3063          	3.519282e+01
3064          	3.519371e+01
3065          	3.519382e+01
3066          	3.519339e+01
3067          	3.519290e+01
3068          	3.519336e+01
3069          	3.519448e+01
3070          	3.519474e+01
3071          	3.519446e+01
3072          	3.519405e+01
3073          	3.519456e+01
3074          	3.519578e+01
3075          	3.519619e+01
3076          	3.519612e+01
3077          	3.519596e+01
3078          	3.519675e+01
3079          	3.519827e+01
3080          	3.519892e+01
3081          	3.519892e+01
3082          	3.519882e+01
3083          	3.519974e+01
3084          	3.520123e+01
3085          	3.520195e+01
3086          	3.520220e+01
3087          	3.520235e+01
3088          	3.520330e+01
3089          	3.520499e+01
3090          	3.520587e+01
3091          	3.520623e+01
3092          	3.520647e+01
3093          	3.520764e+01
3094          	3.520942e+01
3095          	3.521039e+01
3096          	3.521082e+01
3097          	3.521109e+01
3098          	3.521230e+01
3099          	3.521418e+01
3100          	3.521524e+01
3101          	3.521583e+01
3102          	3.521627e+01
3103          	3.521756e+01
3104          	3.521956e+01
3105          	3.522073e+01
3106          	3.522127e+01
3107          	3.522176e+01
3108          	3.522306e+01
3109          	3.522504e+01
3110          	3.522623e+01
3111          	3.522694e+01
3112          	3.522750e+01
3113          	3.522898e+01
3114          	3.523105e+01
3115          	3.523226e+01
3116          	3.523291e+01
3117          	3.523345e+01
3118          	3.523489e+01
3119          	3.523699e+01
3120          	3.523824e+01
3121          	3.523897e+01
3122          	3.523956e+01
3123          	3.524090e+01
3124          	3.524304e+01
3125          	3.524434e+01
3126          	3.524508e+01
3127          	3.524567e+01
3128          	3.524703e+01
3129          	3.524911e+01
3130          	3.525034e+01
3131          	3.525103e+01
3132          	3.525159e+01
3133          	3.525296e+01
3134          	3.525500e+01
3135          	3.525620e+01
3136          	3.525687e+01
3137          	3.525736e+01
3138          	3.525868e+01
3139          	3.526067e+01
3140          	3.526182e+01
3141          	3.526245e+01
3142          	3.526285e+01
3143          	3.526407e+01
3144          	3.526602e+01
3145          	3.526712e+01
3146          	3.526768e+01
3147          	3.526802e+01
3148          	3.526921e+01
3149          	3.527104e+01
3150          	3.527202e+01
3151          	3.527245e+01
3152          	3.527270e+01
3153          	3.527379e+01
3154          	3.527553e+01
3155          	3.527643e+01
3156          	3.527676e+01
3157          	3.527691e+01
3158          	3.527791e+01
3159          	3.527954e+01
3160          	3.528030e+01
3161          	3.528050e+01
3162          	3.528057e+01
3163          	3.528141e+01
3164          	3.528292e+01
3165          	3.528357e+01
3166          	3.528364e+01
3167          	3.528357e+01
3168          	3.528430e+01
3169          	3.528568e+01
3170          	3.528621e+01
3171          	3.528617e+01
3172          	3.528594e+01
3173          	3.528644e+01
3174          	3.528773e+01
3175          	3.528816e+01
3176          	3.528797e+01
3177          	3.528763e+01
3178          	3.528808e+01
3179          	3.528920e+01
3180          	3.528943e+01
3181          	3.528908e+01
3182          	3.528856e+01
3183          	3.528884e+01
3184          	3.528978e+01
3185          	3.528992e+01
3186          	3.528947e+01
3187          	3.528887e+01
3188          	3.528906e+01
3189          	3.528994e+01
3190          	3.528990e+01
3191          	3.528926e+01
3192          	3.528845e+01
3193          	3.528851e+01
3194          	3.528922e+01
3195          	3.528903e+01
3196          	3.528827e+01
3197          	3.528738e+01
3198          	3.528733e+01
3199          	3.528796e+01
3200          	3.528770e+01
3201          	3.528684e+01
3202          	3.528580e+01
3203          	3.528558e+01
3204          	3.528603e+01
3205          	3.528563e+01
3206          	3.528463e+01
3207          	3.528347e+01
3208          	3.528315e+01
3209          	3.528356e+01
3210          	3.528303e+01
3211          	3.528196e+01
3212          	3.528076e+01
3213          	3.528041e+01
3214          	3.528072e+01
3215          	3.528013e+01
3216          	3.527889e+01
3217          	3.527750e+01
3218          	3.527705e+01
3219          	3.527726e+01
3220          	3.527659e+01
3221          	3.527537e+01
3222          	3.527398e+01
3223          	3.527345e+01
3224          	3.527365e+01
3225          	3.527292e+01
3226          	3.527157e+01
3227          	3.527011e+01
3228          	3.526951e+01
3229          	3.526961e+01
3230          	3.526887e+01
3231          	3.526753e+01
3232          	3.526604e+01
3233          	3.526542e+01
3234          	3.526548e+01
3235          	3.526467e+01
3236          	3.526330e+01
3237          	3.526175e+01
3238          	3.526111e+01
3239          	3.526117e+01
3240          	3.526035e+01
3241          	3.525896e+01
3242          	3.525740e+01
3243          	3.525677e+01
3244          	3.525682e+01
3245          	3.525598e+01
3246          	3.525458e+01
3247          	3.525304e+01
3248          	3.525240e+01
3249          	3.525245e+01
3250          	3.525162e+01
3251          	3.525022e+01
3252          	3.524869e+01
3253          	3.524809e+01
3254          	3.524816e+01
3255          	3.524735e+01
3256          	3.524596e+01
3257          	3.524446e+01
3258          	3.524389e+01
3259          	3.524399e+01
3260          	3.524320e+01
3261          	3.524184e+01
3262          	3.524038e+01
3263          	3.523984e+01
3264          	3.523998e+01
3265          	3.523923e+01
3266          	3.523791e+01
3267          	3.523649e+01
3268          	3.523599e+01
3269          	3.523618e+01
3270          	3.523548e+01
3271          	3.523422e+01
3272          	3.523285e+01
3273          	3.523239e+01
3274          	3.523264e+01
3275          	3.523200e+01
3276          	3.523079e+01
3277          	3.522949e+01
3278          	3.522905e+01
3279          	3.522937e+01
3280          	3.522881e+01
