# Region type : patch out
# Faces  :    40
# Area   :    1.250000e-07
# Time        	areaAverage(p)
0             	0.000000e+00
1             	0.000000e+00
2             	0.000000e+00
3             	0.000000e+00
4             	0.000000e+00
5             	0.000000e+00
6             	-2.945699e-02
7             	-2.424641e-02
8             	-2.003414e-02
9             	-1.712136e-02
10            	-1.289465e-02
11            	-9.026253e-03
12            	-6.318377e-03
13            	-4.422864e-03
14            	-3.096005e-03
15            	-2.167203e-03
16            	-1.517042e-03
17            	-1.061930e-03
18            	-7.433508e-04
19            	-5.203455e-04
20            	-3.642419e-04
21            	-2.549693e-04
22            	-1.784785e-04
23            	-1.249350e-04
24            	-8.745448e-05
25            	-6.121813e-05
26            	-4.285269e-05
27            	-2.999688e-05
28            	-2.099782e-05
29            	-1.469847e-05
30            	-1.028893e-05
31            	-7.202252e-06
32            	-5.041576e-06
33            	-3.529104e-06
34            	-2.470372e-06
35            	-1.729261e-06
36            	-1.210483e-06
37            	-8.473378e-07
38            	-5.931364e-07
39            	-4.151955e-07
40            	-2.906369e-07
41            	-2.034458e-07
42            	-1.424121e-07
43            	-9.968844e-08
44            	-6.978191e-08
45            	-4.884734e-08
46            	-3.419313e-08
47            	-2.393519e-08
48            	-1.675464e-08
49            	-1.172825e-08
50            	-8.209772e-09
51            	-5.746840e-09
52            	-4.022788e-09
53            	-2.815952e-09
54            	-1.971166e-09
55            	-1.379816e-09
56            	-9.658714e-10
57            	-6.761100e-10
58            	-4.732770e-10
59            	-3.312939e-10
60            	-2.319057e-10
61            	-1.623340e-10
62            	-1.136338e-10
63            	-7.954367e-11
64            	-5.568057e-11
65            	-3.897640e-11
66            	-2.728348e-11
67            	-1.909843e-11
68            	-1.336890e-11
69            	-9.358233e-12
70            	-6.550763e-12
71            	-4.585534e-12
72            	-3.209874e-12
73            	-2.246912e-12
74            	-1.572838e-12
75            	-1.100987e-12
76            	-7.706907e-13
77            	-5.394835e-13
78            	-3.776384e-13
79            	-2.643469e-13
80            	-1.850428e-13
81            	-1.295300e-13
82            	-9.067099e-14
83            	-6.346969e-14
84            	-4.442879e-14
85            	-3.110015e-14
86            	-2.177010e-14
87            	-1.523907e-14
88            	-1.066735e-14
89            	-7.467146e-15
90            	-5.227002e-15
91            	-3.658902e-15
92            	-2.561231e-15
93            	-1.792862e-15
94            	-1.255003e-15
95            	-8.785023e-16
96            	-6.149516e-16
97            	-4.304661e-16
98            	-3.013263e-16
99            	-2.109284e-16
100           	-1.476499e-16
101           	-1.033549e-16
102           	-7.234844e-17
103           	-5.064391e-17
104           	-3.545073e-17
105           	-2.481551e-17
106           	-1.737086e-17
107           	-1.215960e-17
108           	-8.511721e-18
109           	-5.958205e-18
110           	-4.170743e-18
111           	-2.919520e-18
112           	-2.043664e-18
113           	-1.430565e-18
114           	-1.001396e-18
115           	-7.009769e-19
116           	-4.906838e-19
117           	-3.434787e-19
118           	-2.404351e-19
119           	-1.683045e-19
120           	-1.178132e-19
121           	-8.246923e-20
122           	-5.772846e-20
123           	-4.040992e-20
124           	-2.828694e-20
125           	-1.980086e-20
126           	-1.386060e-20
127           	-9.702422e-21
128           	-6.791695e-21
129           	-4.754187e-21
130           	-3.327931e-21
131           	-2.329552e-21
132           	-1.630686e-21
133           	-1.141480e-21
134           	-7.990362e-22
135           	-5.593253e-22
136           	-3.915277e-22
137           	-2.740694e-22
138           	-1.918486e-22
139           	-1.342940e-22
140           	-9.400581e-23
141           	-6.580406e-23
142           	-4.606285e-23
143           	-3.224399e-23
144           	-2.257079e-23
145           	-1.579956e-23
146           	-1.105969e-23
147           	-7.741782e-24
148           	-5.419248e-24
149           	-3.793473e-24
150           	-2.655431e-24
151           	-1.858802e-24
152           	-1.301161e-24
153           	-9.108130e-25
154           	-6.375691e-25
155           	-4.462983e-25
156           	-3.124088e-25
157           	-2.186862e-25
158           	-1.530803e-25
159           	-1.071562e-25
160           	-7.500936e-26
161           	-5.250655e-26
162           	-3.675459e-26
163           	-2.572821e-26
164           	-1.800975e-26
165           	-1.260682e-26
166           	-8.824777e-27
167           	-6.177344e-27
168           	-4.324141e-27
169           	-3.026898e-27
170           	-2.118829e-27
171           	-1.483180e-27
172           	-1.038226e-27
173           	-7.267583e-28
174           	-5.087308e-28
175           	-3.561116e-28
176           	-2.492781e-28
177           	-1.744947e-28
178           	-1.221463e-28
179           	-8.550239e-29
180           	-5.985167e-29
181           	-4.189617e-29
182           	-2.932732e-29
183           	-2.052912e-29
184           	-1.437039e-29
185           	-1.005927e-29
186           	-7.041489e-30
187           	-4.929042e-30
188           	-3.450330e-30
189           	-2.415231e-30
190           	-1.690662e-30
191           	-1.183463e-30
192           	-8.284242e-31
193           	-5.798969e-31
194           	-4.059278e-31
195           	-2.841495e-31
196           	-1.989046e-31
197           	-1.392332e-31
198           	-9.746327e-32
199           	-6.822429e-32
200           	-4.775700e-32
201           	-3.342990e-32
202           	-2.340093e-32
203           	-1.638065e-32
204           	-1.146646e-32
205           	-8.026520e-33
206           	-5.618564e-33
207           	-3.932995e-33
208           	-2.753096e-33
209           	-1.927167e-33
210           	-1.349017e-33
211           	-9.443120e-34
212           	-6.610184e-34
213           	-4.627129e-34
214           	-3.238990e-34
215           	-2.267293e-34
216           	-1.587105e-34
217           	-1.110974e-34
218           	-7.776816e-35
219           	-5.443771e-35
220           	-3.810640e-35
221           	-2.667448e-35
222           	-1.867213e-35
223           	-1.307049e-35
224           	-9.149346e-36
225           	-6.404542e-36
226           	-4.483179e-36
227           	-3.138226e-36
228           	-2.196758e-36
229           	-1.537731e-36
230           	-1.076411e-36
231           	-7.534880e-37
232           	-5.274416e-37
233           	-3.692091e-37
234           	-2.584464e-37
235           	-1.809125e-37
236           	-1.266387e-37
237           	-8.864711e-38
238           	-6.205297e-38
239           	-4.343708e-38
240           	-3.040596e-38
241           	-2.128417e-38
242           	-1.489892e-38
243           	-1.042924e-38
244           	-7.300470e-39
245           	-5.110329e-39
246           	-3.577230e-39
247           	-2.504061e-39
248           	-1.752843e-39
249           	-1.226990e-39
250           	-8.588930e-40
251           	-6.012251e-40
252           	-4.208576e-40
253           	-2.946003e-40
254           	-2.062202e-40
255           	-1.443542e-40
256           	-1.010479e-40
257           	-7.073353e-41
258           	-4.951347e-41
259           	-3.465943e-41
260           	-2.426160e-41
261           	-1.698312e-41
262           	-1.188819e-41
263           	-8.321730e-42
264           	-5.825211e-42
265           	-4.077648e-42
266           	-2.854353e-42
267           	-1.998047e-42
268           	-1.398633e-42
269           	-9.790432e-43
270           	-6.853302e-43
271           	-4.797312e-43
272           	-3.358118e-43
273           	-2.350683e-43
274           	-1.645478e-43
275           	-1.151834e-43
276           	-8.062841e-44
277           	-5.643989e-44
278           	-3.950792e-44
279           	-2.765555e-44
280           	-1.935888e-44
281           	-1.355122e-44
282           	-9.485852e-45
283           	-6.640097e-45
284           	-4.648068e-45
285           	-3.253647e-45
286           	-2.277553e-45
287           	-1.594287e-45
288           	-1.116001e-45
289           	-7.812007e-46
290           	-5.468405e-46
291           	-3.827884e-46
292           	-2.679519e-46
293           	-1.875663e-46
294           	-1.312964e-46
295           	-9.190748e-47
296           	-6.433524e-47
297           	-4.503467e-47
298           	-3.152427e-47
299           	-2.206699e-47
300           	-1.544689e-47
301           	-1.081282e-47
302           	-7.568977e-48
303           	-5.298284e-48
304           	-3.708799e-48
305           	-2.596159e-48
306           	-1.817311e-48
307           	-1.272118e-48
308           	-8.904825e-49
309           	-6.233378e-49
310           	-4.363364e-49
311           	-3.054355e-49
312           	-2.138049e-49
313           	-1.496634e-49
314           	-1.047644e-49
315           	-7.333507e-50
316           	-5.133455e-50
317           	-3.593418e-50
318           	-2.515393e-50
319           	-1.760775e-50
320           	-1.232542e-50
321           	-8.627797e-51
322           	-6.039458e-51
323           	-4.227621e-51
324           	-2.959334e-51
325           	-2.071534e-51
326           	-1.450074e-51
327           	-1.015052e-51
328           	-7.105362e-52
329           	-4.973753e-52
330           	-3.481627e-52
331           	-2.437139e-52
332           	-1.705997e-52
333           	-1.194198e-52
334           	-8.359387e-53
335           	-5.851571e-53
336           	-4.096100e-53
337           	-2.867270e-53
338           	-2.007089e-53
339           	-1.404962e-53
340           	-9.834735e-54
341           	-6.884315e-54
342           	-4.819020e-54
343           	-3.373314e-54
344           	-2.361320e-54
345           	-1.652924e-54
346           	-1.157047e-54
347           	-8.099328e-55
348           	-5.669529e-55
349           	-3.968670e-55
350           	-2.778069e-55
351           	-1.944649e-55
352           	-1.361254e-55
353           	-9.528778e-56
354           	-6.670145e-56
355           	-4.669101e-56
356           	-3.268371e-56
357           	-2.287860e-56
358           	-1.601502e-56
359           	-1.121051e-56
360           	-7.847358e-57
361           	-5.493151e-57
362           	-3.845206e-57
363           	-2.691644e-57
364           	-1.884151e-57
365           	-1.318906e-57
366           	-9.232339e-58
367           	-6.462637e-58
368           	-4.523846e-58
369           	-3.166692e-58
370           	-2.216684e-58
371           	-1.551679e-58
372           	-1.086175e-58
373           	-7.603228e-59
374           	-5.322259e-59
375           	-3.725582e-59
376           	-2.607907e-59
377           	-1.825535e-59
378           	-1.277874e-59
379           	-8.945121e-60
380           	-6.261585e-60
381           	-4.383110e-60
382           	-3.068177e-60
383           	-2.147724e-60
384           	-1.503407e-60
385           	-1.052385e-60
386           	-7.366692e-61
387           	-5.156685e-61
388           	-3.609679e-61
389           	-2.526775e-61
390           	-1.768743e-61
391           	-1.238120e-61
392           	-8.666840e-62
393           	-6.066788e-62
394           	-4.246751e-62
395           	-2.972726e-62
396           	-2.080908e-62
397           	-1.456636e-62
398           	-1.019645e-62
399           	-7.137515e-63
400           	-4.996261e-63
401           	-3.497382e-63
402           	-2.448168e-63
403           	-1.713717e-63
404           	-1.199602e-63
405           	-8.397215e-64
406           	-5.878051e-64
407           	-4.114635e-64
408           	-2.880245e-64
409           	-2.016171e-64
410           	-1.411320e-64
411           	-9.879240e-65
412           	-6.915468e-65
413           	-4.840827e-65
414           	-3.388579e-65
415           	-2.372005e-65
416           	-1.660404e-65
417           	-1.162283e-65
418           	-8.135979e-66
419           	-5.695185e-66
420           	-3.986630e-66
421           	-2.790641e-66
422           	-1.953448e-66
423           	-1.367414e-66
424           	-9.571898e-67
425           	-6.700328e-67
426           	-4.690230e-67
427           	-3.283161e-67
428           	-2.298213e-67
429           	-1.608749e-67
430           	-1.126124e-67
431           	-7.882869e-68
432           	-5.518008e-68
433           	-3.862606e-68
434           	-2.703824e-68
435           	-1.892677e-68
436           	-1.324874e-68
437           	-9.274117e-69
438           	-6.491882e-69
439           	-4.544317e-69
440           	-3.181022e-69
441           	-2.226715e-69
442           	-1.558701e-69
443           	-1.091091e-69
444           	-7.637634e-70
445           	-5.346344e-70
446           	-3.742441e-70
447           	-2.619708e-70
448           	-1.833796e-70
449           	-1.283657e-70
450           	-8.985600e-71
451           	-6.289920e-71
452           	-4.402944e-71
453           	-3.082061e-71
454           	-2.157443e-71
455           	-1.510210e-71
456           	-1.057147e-71
457           	-7.400028e-72
458           	-5.180020e-72
459           	-3.626014e-72
460           	-2.538210e-72
461           	-1.776747e-72
462           	-1.243723e-72
463           	-8.706059e-73
464           	-6.094241e-73
465           	-4.265969e-73
466           	-2.986178e-73
467           	-2.090325e-73
468           	-1.463227e-73
469           	-1.024259e-73
470           	-7.169814e-74
471           	-5.018870e-74
472           	-3.513209e-74
473           	-2.459246e-74
474           	-1.721472e-74
475           	-1.205031e-74
476           	-8.435214e-75
477           	-5.904650e-75
478           	-4.133255e-75
479           	-2.893279e-75
480           	-2.025295e-75
481           	-1.417706e-75
482           	-9.923945e-76
483           	-6.946762e-76
484           	-4.862733e-76
485           	-3.403913e-76
486           	-2.382739e-76
487           	-1.667917e-76
488           	-1.167542e-76
489           	-8.172796e-77
490           	-5.720957e-77
491           	-4.004670e-77
492           	-2.803269e-77
493           	-1.962288e-77
494           	-1.373602e-77
495           	-9.615212e-78
496           	-6.730649e-78
497           	-4.711454e-78
498           	-3.298018e-78
499           	-2.308613e-78
500           	-1.616029e-78
501           	-1.131220e-78
502           	-7.918541e-79
503           	-5.542979e-79
504           	-3.880085e-79
505           	-2.716060e-79
506           	-1.901242e-79
507           	-1.330869e-79
508           	-9.316084e-80
509           	-6.521259e-80
510           	-4.564881e-80
511           	-3.195417e-80
512           	-2.236792e-80
513           	-1.565754e-80
514           	-1.096028e-80
515           	-7.672196e-81
516           	-5.370537e-81
517           	-3.759376e-81
518           	-2.631563e-81
519           	-1.842094e-81
520           	-1.289466e-81
521           	-9.026262e-82
522           	-6.318383e-82
523           	-4.422868e-82
524           	-3.096008e-82
525           	-2.167205e-82
526           	-1.517044e-82
527           	-1.061931e-82
528           	-7.433515e-83
529           	-5.203460e-83
530           	-3.642422e-83
531           	-2.549696e-83
532           	-1.784787e-83
533           	-1.249351e-83
534           	-8.745456e-84
535           	-6.121819e-84
536           	-4.285273e-84
537           	-2.999691e-84
538           	-2.099784e-84
539           	-1.469849e-84
540           	-1.028894e-84
541           	-7.202259e-85
542           	-5.041581e-85
543           	-3.529107e-85
544           	-2.470375e-85
545           	-1.729262e-85
546           	-1.210484e-85
547           	-8.473386e-86
548           	-5.931370e-86
549           	-4.151959e-86
550           	-2.906371e-86
551           	-2.034460e-86
552           	-1.424122e-86
553           	-9.968853e-87
554           	-6.978197e-87
555           	-4.884738e-87
556           	-3.419317e-87
557           	-2.393522e-87
558           	-1.675465e-87
559           	-1.172826e-87
560           	-8.209779e-88
561           	-5.746846e-88
562           	-4.022792e-88
563           	-2.815954e-88
564           	-1.971168e-88
565           	-1.379818e-88
566           	-9.658723e-89
567           	-6.761106e-89
568           	-4.732774e-89
569           	-3.312942e-89
570           	-2.319059e-89
571           	-1.623342e-89
572           	-1.136339e-89
573           	-7.954374e-90
574           	-5.568062e-90
575           	-3.897643e-90
576           	-2.728350e-90
577           	-1.909845e-90
578           	-1.336892e-90
579           	-9.358241e-91
580           	-6.550769e-91
581           	-4.585538e-91
582           	-3.209877e-91
583           	-2.246914e-91
584           	-1.572840e-91
585           	-1.100988e-91
586           	-7.706914e-92
587           	-5.394840e-92
588           	-3.776388e-92
589           	-2.643472e-92
590           	-1.850430e-92
591           	-1.295301e-92
592           	-9.067108e-93
593           	-6.346975e-93
594           	-4.442883e-93
595           	-3.110018e-93
596           	-2.177013e-93
597           	-1.523909e-93
598           	-1.066736e-93
599           	-7.467153e-94
600           	-5.227007e-94
601           	-3.658905e-94
602           	-2.561233e-94
603           	-1.792863e-94
604           	-1.255004e-94
605           	-8.785031e-95
606           	-6.149522e-95
607           	-4.304665e-95
608           	-3.013266e-95
609           	-2.109286e-95
610           	-1.476500e-95
611           	-1.033550e-95
612           	-7.234851e-96
613           	-5.064395e-96
614           	-3.545077e-96
615           	-2.481554e-96
616           	-1.737088e-96
617           	-1.215961e-96
618           	-8.511729e-97
619           	-5.958211e-97
620           	-4.170747e-97
621           	-2.919523e-97
622           	-2.043666e-97
623           	-1.430566e-97
624           	-1.001396e-97
625           	-7.009775e-98
626           	-4.906843e-98
627           	-3.434790e-98
628           	-2.404353e-98
629           	-1.683047e-98
630           	-1.178133e-98
631           	-8.246930e-99
632           	-5.772851e-99
633           	-4.040996e-99
634           	-2.828697e-99
635           	-1.980088e-99
636           	-1.386062e-99
637           	-9.702431e-100
638           	-6.791702e-100
639           	-4.754191e-100
640           	-3.327934e-100
641           	-2.329554e-100
642           	-1.630688e-100
643           	-1.141481e-100
644           	-7.990369e-101
645           	-5.593258e-101
646           	-3.915281e-101
647           	-2.740697e-101
648           	-1.918488e-101
649           	-1.342941e-101
650           	-9.400589e-102
651           	-6.580413e-102
652           	-4.606289e-102
653           	-3.224402e-102
654           	-2.257082e-102
655           	-1.579957e-102
656           	-1.105970e-102
657           	-7.741790e-103
658           	-5.419253e-103
659           	-3.793477e-103
660           	-2.655434e-103
661           	-1.858804e-103
662           	-1.301163e-103
663           	-9.108138e-104
664           	-6.375697e-104
665           	-4.462988e-104
666           	-3.124091e-104
667           	-2.186864e-104
668           	-1.530805e-104
669           	-1.071563e-104
670           	-7.500943e-105
671           	-5.250660e-105
672           	-3.675462e-105
673           	-2.572824e-105
674           	-1.800977e-105
675           	-1.260684e-105
676           	-8.824785e-106
677           	-6.177349e-106
678           	-4.324145e-106
679           	-3.026901e-106
680           	-2.118831e-106
681           	-1.483182e-106
682           	-1.038227e-106
683           	-7.267590e-107
684           	-5.087313e-107
685           	-3.561119e-107
686           	-2.492783e-107
687           	-1.744948e-107
688           	-1.221464e-107
689           	-8.550247e-108
690           	-5.985173e-108
691           	-4.189621e-108
692           	-2.932735e-108
693           	-2.052914e-108
694           	-1.437040e-108
695           	-1.005928e-108
696           	-7.041496e-109
697           	-4.929047e-109
698           	-3.450333e-109
699           	-2.415233e-109
700           	-1.690663e-109
701           	-1.183464e-109
702           	-8.284249e-110
703           	-5.798975e-110
704           	-4.059282e-110
705           	-2.841498e-110
706           	-1.989048e-110
707           	-1.392334e-110
708           	-9.746337e-111
709           	-6.822436e-111
710           	-4.775705e-111
711           	-3.342993e-111
712           	-2.340095e-111
713           	-1.638067e-111
714           	-1.146647e-111
715           	-8.026527e-112
716           	-5.618569e-112
717           	-3.932998e-112
718           	-2.753099e-112
719           	-1.927169e-112
720           	-1.349018e-112
721           	-9.443129e-113
722           	-6.610190e-113
723           	-4.627133e-113
724           	-3.238993e-113
725           	-2.267295e-113
726           	-1.587107e-113
727           	-1.110975e-113
728           	-7.776823e-114
729           	-5.443776e-114
730           	-3.810643e-114
731           	-2.667450e-114
732           	-1.867215e-114
733           	-1.307051e-114
734           	-9.149354e-115
735           	-6.404548e-115
736           	-4.483184e-115
737           	-3.138229e-115
738           	-2.196760e-115
739           	-1.537732e-115
740           	-1.076412e-115
741           	-7.534887e-116
742           	-5.274421e-116
743           	-3.692094e-116
744           	-2.584466e-116
745           	-1.809126e-116
746           	-1.266388e-116
747           	-8.864719e-117
748           	-6.205303e-117
749           	-4.343712e-117
750           	-3.040599e-117
751           	-2.128419e-117
752           	-1.489893e-117
753           	-1.042925e-117
754           	-7.300477e-118
755           	-5.110334e-118
756           	-3.577234e-118
757           	-2.504064e-118
758           	-1.752845e-118
759           	-1.226991e-118
760           	-8.588938e-119
761           	-6.012257e-119
762           	-4.208580e-119
763           	-2.946006e-119
764           	-2.062204e-119
765           	-1.443543e-119
766           	-1.010480e-119
767           	-7.073360e-120
768           	-4.951352e-120
769           	-3.465946e-120
770           	-2.426163e-120
771           	-1.698314e-120
772           	-1.188820e-120
773           	-8.321737e-121
774           	-5.825216e-121
775           	-4.077651e-121
776           	-2.854356e-121
777           	-1.998049e-121
778           	-1.398634e-121
779           	-9.790441e-122
780           	-6.853309e-122
781           	-4.797316e-122
782           	-3.358121e-122
783           	-2.350685e-122
784           	-1.645479e-122
785           	-1.151836e-122
786           	-8.062849e-123
787           	-5.643994e-123
788           	-3.950796e-123
789           	-2.765557e-123
790           	-1.935890e-123
791           	-1.355123e-123
792           	-9.485861e-124
793           	-6.640103e-124
794           	-4.648072e-124
795           	-3.253650e-124
796           	-2.277555e-124
797           	-1.594289e-124
798           	-1.116002e-124
799           	-7.812015e-125
800           	-5.468410e-125
801           	-3.827887e-125
802           	-2.679521e-125
803           	-1.875665e-125
804           	-1.312965e-125
805           	-9.190757e-126
806           	-6.433530e-126
807           	-4.503471e-126
808           	-3.152430e-126
809           	-2.206701e-126
810           	-1.544691e-126
811           	-1.081283e-126
812           	-7.568984e-127
813           	-5.298289e-127
814           	-3.708802e-127
815           	-2.596161e-127
816           	-1.817313e-127
817           	-1.272119e-127
818           	-8.904834e-128
819           	-6.233384e-128
820           	-4.363368e-128
821           	-3.054358e-128
822           	-2.138051e-128
823           	-1.496635e-128
824           	-1.047645e-128
825           	-7.333513e-129
826           	-5.133459e-129
827           	-3.593422e-129
828           	-2.515395e-129
829           	-1.760777e-129
830           	-1.232544e-129
831           	-8.627805e-130
832           	-6.039464e-130
833           	-4.227625e-130
834           	-2.959337e-130
835           	-2.071536e-130
836           	-1.450075e-130
837           	-1.015053e-130
838           	-7.105369e-131
839           	-4.973758e-131
840           	-3.481631e-131
841           	-2.437141e-131
842           	-1.705999e-131
843           	-1.194199e-131
844           	-8.359395e-132
845           	-5.851577e-132
846           	-4.096104e-132
847           	-2.867273e-132
848           	-2.007091e-132
849           	-1.404964e-132
850           	-9.834745e-133
851           	-6.884321e-133
852           	-4.819025e-133
853           	-3.373317e-133
854           	-2.361322e-133
855           	-1.652926e-133
856           	-1.157048e-133
857           	-8.099335e-134
858           	-5.669535e-134
859           	-3.968674e-134
860           	-2.778072e-134
861           	-1.944650e-134
862           	-1.361255e-134
863           	-9.528787e-135
864           	-6.670151e-135
865           	-4.669106e-135
866           	-3.268374e-135
867           	-2.287862e-135
868           	-1.601503e-135
869           	-1.121052e-135
870           	-7.847366e-136
871           	-5.493156e-136
872           	-3.845209e-136
873           	-2.691646e-136
874           	-1.884152e-136
875           	-1.318907e-136
876           	-9.232347e-137
877           	-6.462643e-137
878           	-4.523850e-137
879           	-3.166695e-137
880           	-2.216687e-137
881           	-1.551681e-137
882           	-1.086176e-137
883           	-7.603235e-138
884           	-5.322264e-138
885           	-3.725585e-138
886           	-2.607910e-138
887           	-1.825537e-138
888           	-1.277876e-138
889           	-8.945130e-139
890           	-6.261591e-139
891           	-4.383114e-139
892           	-3.068180e-139
893           	-2.147726e-139
894           	-1.503408e-139
895           	-1.052386e-139
896           	-7.366699e-140
897           	-5.156689e-140
898           	-3.609683e-140
899           	-2.526778e-140
900           	-1.768744e-140
901           	-1.238121e-140
902           	-8.666848e-141
903           	-6.066793e-141
904           	-4.246755e-141
905           	-2.972729e-141
906           	-2.080910e-141
907           	-1.456637e-141
908           	-1.019646e-141
909           	-7.137522e-142
910           	-4.996265e-142
911           	-3.497386e-142
912           	-2.448170e-142
913           	-1.713719e-142
914           	-1.199603e-142
915           	-8.397223e-143
916           	-5.878056e-143
917           	-4.114639e-143
918           	-2.880248e-143
919           	-2.016173e-143
920           	-1.411321e-143
921           	-9.879249e-144
922           	-6.915474e-144
923           	-4.840832e-144
924           	-3.388582e-144
925           	-2.372008e-144
926           	-1.660405e-144
927           	-1.162284e-144
928           	-8.135986e-145
929           	-5.695190e-145
930           	-3.986633e-145
931           	-2.790643e-145
932           	-1.953450e-145
933           	-1.367415e-145
934           	-9.571907e-146
935           	-6.700335e-146
936           	-4.690234e-146
937           	-3.283164e-146
938           	-2.298215e-146
939           	-1.608750e-146
940           	-1.126125e-146
941           	-7.882877e-147
942           	-5.518014e-147
943           	-3.862610e-147
944           	-2.703827e-147
945           	-1.892679e-147
946           	-1.324875e-147
947           	-9.274126e-148
948           	-6.491888e-148
949           	-4.544322e-148
950           	-3.181025e-148
951           	-2.226718e-148
952           	-1.558702e-148
953           	-1.091092e-148
954           	-7.637641e-149
955           	-5.346349e-149
956           	-3.742444e-149
957           	-2.619711e-149
958           	-1.833798e-149
959           	-1.283658e-149
960           	-8.985608e-150
961           	-6.289926e-150
962           	-4.402948e-150
963           	-3.082064e-150
964           	-2.157445e-150
965           	-1.510211e-150
966           	-1.057148e-150
967           	-7.400035e-151
968           	-5.180024e-151
969           	-3.626017e-151
970           	-2.538212e-151
971           	-1.776748e-151
972           	-1.243724e-151
973           	-8.706067e-152
974           	-6.094247e-152
975           	-4.265973e-152
976           	-2.986181e-152
977           	-2.090327e-152
978           	-1.463229e-152
979           	-1.024260e-152
980           	-7.169821e-153
981           	-5.018874e-153
982           	-3.513212e-153
983           	-2.459248e-153
984           	-1.721474e-153
985           	-1.205032e-153
986           	-8.435222e-154
987           	-5.904656e-154
988           	-4.133259e-154
989           	-2.893281e-154
990           	-2.025297e-154
991           	-1.417708e-154
992           	-9.923955e-155
993           	-6.946768e-155
994           	-4.862738e-155
995           	-3.403916e-155
996           	-2.382742e-155
997           	-1.667919e-155
998           	-1.167543e-155
999           	-8.172803e-156
1000          	-5.720962e-156
1001          	-4.004674e-156
1002          	-2.803272e-156
1003          	-1.962290e-156
1004          	-1.373603e-156
1005          	-9.615221e-157
1006          	-6.730655e-157
1007          	-4.711459e-157
1008          	-3.298021e-157
1009          	-2.308615e-157
1010          	-1.616030e-157
1011          	-1.131221e-157
1012          	-7.918548e-158
1013          	-5.542984e-158
1014          	-3.880089e-158
1015          	-2.716062e-158
1016          	-1.901243e-158
1017          	-1.330870e-158
1018          	-9.316093e-159
1019          	-6.521265e-159
1020          	-4.564886e-159
1021          	-3.195420e-159
1022          	-2.236794e-159
1023          	-1.565756e-159
1024          	-1.096029e-159
1025          	-7.672203e-160
1026          	-5.370542e-160
1027          	-3.759380e-160
1028          	-2.631566e-160
1029          	-1.842096e-160
1030          	-1.289467e-160
1031          	-9.026270e-161
1032          	-6.318389e-161
1033          	-4.422872e-161
1034          	-3.096011e-161
1035          	-2.167207e-161
1036          	-1.517045e-161
1037          	-1.061932e-161
1038          	-7.433522e-162
1039          	-5.203465e-162
1040          	-3.642426e-162
1041          	-2.549698e-162
1042          	-1.784789e-162
1043          	-1.249352e-162
1044          	-8.745464e-163
1045          	-6.121825e-163
1046          	-4.285277e-163
1047          	-2.999694e-163
1048          	-2.099786e-163
1049          	-1.469850e-163
1050          	-1.028895e-163
1051          	-7.202266e-164
1052          	-5.041586e-164
1053          	-3.529110e-164
1054          	-2.470377e-164
1055          	-1.729264e-164
1056          	-1.210485e-164
1057          	-8.473393e-165
1058          	-5.931375e-165
1059          	-4.151963e-165
1060          	-2.906374e-165
1061          	-2.034462e-165
1062          	-1.424123e-165
1063          	-9.968863e-166
1064          	-6.978204e-166
1065          	-4.884743e-166
1066          	-3.419320e-166
1067          	-2.393524e-166
1068          	-1.675467e-166
1069          	-1.172827e-166
1070          	-8.209787e-167
1071          	-5.746851e-167
1072          	-4.022796e-167
1073          	-2.815957e-167
1074          	-1.971170e-167
1075          	-1.379819e-167
1076          	-9.658732e-168
1077          	-6.761113e-168
1078          	-4.732779e-168
1079          	-3.312945e-168
1080          	-2.319062e-168
1081          	-1.623343e-168
1082          	-1.136340e-168
1083          	-7.954381e-169
1084          	-5.568067e-169
1085          	-3.897647e-169
1086          	-2.728353e-169
1087          	-1.909847e-169
1088          	-1.336893e-169
1089          	-9.358250e-170
1090          	-6.550775e-170
1091          	-4.585543e-170
1092          	-3.209880e-170
1093          	-2.246916e-170
1094          	-1.572841e-170
1095          	-1.100989e-170
1096          	-7.706921e-171
1097          	-5.394845e-171
1098          	-3.776392e-171
1099          	-2.643474e-171
1100          	-1.850432e-171
1101          	-1.295302e-171
1102          	-9.067116e-172
1103          	-6.346981e-172
1104          	-4.442887e-172
1105          	-3.110021e-172
1106          	-2.177015e-172
1107          	-1.523910e-172
1108          	-1.066737e-172
1109          	-7.467160e-173
1110          	-5.227012e-173
1111          	-3.658908e-173
1112          	-2.561236e-173
1113          	-1.792865e-173
1114          	-1.255006e-173
1115          	-8.785039e-174
1116          	-6.149527e-174
1117          	-4.304669e-174
1118          	-3.013268e-174
1119          	-2.109288e-174
1120          	-1.476502e-174
1121          	-1.033551e-174
1122          	-7.234857e-175
1123          	-5.064400e-175
1124          	-3.545080e-175
1125          	-2.481556e-175
1126          	-1.737089e-175
1127          	-1.215962e-175
1128          	-8.511737e-176
1129          	-5.958216e-176
1130          	-4.170751e-176
1131          	-2.919526e-176
1132          	-2.043668e-176
1133          	-1.430568e-176
1134          	-1.001397e-176
1135          	-7.009782e-177
1136          	-4.906847e-177
1137          	-3.434793e-177
1138          	-2.404355e-177
1139          	-1.683049e-177
1140          	-1.178134e-177
1141          	-8.246938e-178
1142          	-5.772857e-178
1143          	-4.041000e-178
1144          	-2.828700e-178
1145          	-1.980090e-178
1146          	-1.386063e-178
1147          	-9.702440e-179
1148          	-6.791708e-179
1149          	-4.754196e-179
1150          	-3.327937e-179
1151          	-2.329556e-179
1152          	-1.630689e-179
1153          	-1.141482e-179
1154          	-7.990377e-180
1155          	-5.593264e-180
1156          	-3.915285e-180
1157          	-2.740699e-180
1158          	-1.918489e-180
1159          	-1.342943e-180
1160          	-9.400598e-181
1161          	-6.580419e-181
1162          	-4.606293e-181
1163          	-3.224405e-181
1164          	-2.257084e-181
1165          	-1.579959e-181
1166          	-1.105971e-181
1167          	-7.741797e-182
1168          	-5.419258e-182
1169          	-3.793480e-182
1170          	-2.655436e-182
1171          	-1.858805e-182
1172          	-1.301164e-182
1173          	-9.108147e-183
1174          	-6.375703e-183
1175          	-4.462992e-183
1176          	-3.124094e-183
1177          	-2.186866e-183
1178          	-1.530806e-183
1179          	-1.071564e-183
1180          	-7.500950e-184
1181          	-5.250665e-184
1182          	-3.675466e-184
1183          	-2.572826e-184
1184          	-1.800978e-184
1185          	-1.260685e-184
1186          	-8.824793e-185
1187          	-6.177355e-185
1188          	-4.324149e-185
1189          	-3.026904e-185
1190          	-2.118833e-185
1191          	-1.483183e-185
1192          	-1.038228e-185
1193          	-7.267597e-186
1194          	-5.087318e-186
1195          	-3.561122e-186
1196          	-2.492786e-186
1197          	-1.744950e-186
1198          	-1.221465e-186
1199          	-8.550255e-187
1200          	-5.985178e-187
1201          	-4.189625e-187
1202          	-2.932737e-187
1203          	-2.052916e-187
1204          	-1.437041e-187
1205          	-1.005929e-187
1206          	-7.041502e-188
1207          	-4.929052e-188
1208          	-3.450336e-188
1209          	-2.415235e-188
1210          	-1.690665e-188
1211          	-1.183465e-188
1212          	-8.284257e-189
1213          	-5.798980e-189
1214          	-4.059286e-189
1215          	-2.841500e-189
1216          	-1.989050e-189
1217          	-1.392335e-189
1218          	-9.746346e-190
1219          	-6.822442e-190
1220          	-4.775709e-190
1221          	-3.342997e-190
1222          	-2.340098e-190
1223          	-1.638068e-190
1224          	-1.146648e-190
1225          	-8.026535e-191
1226          	-5.618574e-191
1227          	-3.933002e-191
1228          	-2.753101e-191
1229          	-1.927171e-191
1230          	-1.349020e-191
1231          	-9.443138e-192
1232          	-6.610197e-192
1233          	-4.627138e-192
1234          	-3.238996e-192
1235          	-2.267297e-192
1236          	-1.587108e-192
1237          	-1.110976e-192
1238          	-7.776830e-193
1239          	-5.443781e-193
1240          	-3.810647e-193
1241          	-2.667453e-193
1242          	-1.867217e-193
1243          	-1.307052e-193
1244          	-9.149363e-194
1245          	-6.404554e-194
1246          	-4.483188e-194
1247          	-3.138231e-194
1248          	-2.196762e-194
1249          	-1.537733e-194
1250          	-1.076413e-194
1251          	-7.534894e-195
1252          	-5.274426e-195
1253          	-3.692098e-195
1254          	-2.584469e-195
1255          	-1.809128e-195
1256          	-1.266390e-195
1257          	-8.864727e-196
1258          	-6.205309e-196
1259          	-4.343716e-196
1260          	-3.040601e-196
1261          	-2.128421e-196
1262          	-1.489895e-196
1263          	-1.042926e-196
1264          	-7.300484e-197
1265          	-5.110339e-197
1266          	-3.577237e-197
1267          	-2.504066e-197
1268          	-1.752846e-197
1269          	-1.226992e-197
1270          	-8.588946e-198
1271          	-6.012263e-198
1272          	-4.208584e-198
1273          	-2.946009e-198
1274          	-2.062206e-198
1275          	-1.443544e-198
1276          	-1.010481e-198
1277          	-7.073367e-199
1278          	-4.951357e-199
1279          	-3.465950e-199
1280          	-2.426165e-199
1281          	-1.698315e-199
1282          	-1.188821e-199
1283          	-8.321745e-200
1284          	-5.825222e-200
1285          	-4.077655e-200
1286          	-2.854359e-200
1287          	-1.998051e-200
1288          	-1.398636e-200
1289          	-9.790450e-201
1290          	-6.853315e-201
1291          	-4.797321e-201
1292          	-3.358124e-201
1293          	-2.350687e-201
1294          	-1.645481e-201
1295          	-1.151837e-201
1296          	-8.062857e-202
1297          	-5.644000e-202
1298          	-3.950800e-202
1299          	-2.765560e-202
1300          	-1.935892e-202
1301          	-1.355124e-202
1302          	-9.485870e-203
1303          	-6.640109e-203
1304          	-4.648076e-203
1305          	-3.253653e-203
1306          	-2.277557e-203
1307          	-1.594290e-203
1308          	-1.116003e-203
1309          	-7.812022e-204
1310          	-5.468415e-204
1311          	-3.827891e-204
1312          	-2.679524e-204
1313          	-1.875666e-204
1314          	-1.312967e-204
1315          	-9.190766e-205
1316          	-6.433536e-205
1317          	-4.503475e-205
1318          	-3.152433e-205
1319          	-2.206703e-205
1320          	-1.544692e-205
1321          	-1.081284e-205
1322          	-7.568991e-206
1323          	-5.298294e-206
1324          	-3.708805e-206
1325          	-2.596164e-206
1326          	-1.817315e-206
1327          	-1.272120e-206
1328          	-8.904842e-207
1329          	-6.233389e-207
1330          	-4.363373e-207
1331          	-3.054361e-207
1332          	-2.138053e-207
1333          	-1.496637e-207
1334          	-1.047646e-207
1335          	-7.333520e-208
1336          	-5.133464e-208
1337          	-3.593425e-208
1338          	-2.515397e-208
1339          	-1.760778e-208
1340          	-1.232545e-208
1341          	-8.627813e-209
1342          	-6.039469e-209
1343          	-4.227628e-209
1344          	-2.959340e-209
1345          	-2.071538e-209
1346          	-1.450077e-209
1347          	-1.015054e-209
1348          	-7.105375e-210
1349          	-4.973763e-210
1350          	-3.481634e-210
1351          	-2.437144e-210
1352          	-1.706001e-210
1353          	-1.194200e-210
1354          	-8.359403e-211
1355          	-5.851582e-211
1356          	-4.096107e-211
1357          	-2.867275e-211
1358          	-2.007093e-211
1359          	-1.404965e-211
1360          	-9.834754e-212
1361          	-6.884328e-212
1362          	-4.819029e-212
1363          	-3.373321e-212
1364          	-2.361324e-212
1365          	-1.652927e-212
1366          	-1.157049e-212
1367          	-8.099343e-213
1368          	-5.669540e-213
1369          	-3.968678e-213
1370          	-2.778075e-213
1371          	-1.944652e-213
1372          	-1.361257e-213
1373          	-9.528796e-214
1374          	-6.670157e-214
1375          	-4.669110e-214
1376          	-3.268377e-214
1377          	-2.287864e-214
1378          	-1.601505e-214
1379          	-1.121053e-214
1380          	-7.847373e-215
1381          	-5.493161e-215
1382          	-3.845213e-215
1383          	-2.691649e-215
1384          	-1.884154e-215
1385          	-1.318908e-215
1386          	-9.232356e-216
1387          	-6.462649e-216
1388          	-4.523854e-216
1389          	-3.166698e-216
1390          	-2.216689e-216
1391          	-1.551682e-216
1392          	-1.086177e-216
1393          	-7.603242e-217
1394          	-5.322269e-217
1395          	-3.725589e-217
1396          	-2.607912e-217
1397          	-1.825538e-217
1398          	-1.277877e-217
1399          	-8.945138e-218
1400          	-6.261597e-218
1401          	-4.383118e-218
1402          	-3.068182e-218
1403          	-2.147728e-218
1404          	-1.503409e-218
1405          	-1.052387e-218
1406          	-7.366706e-219
1407          	-5.156694e-219
1408          	-3.609686e-219
1409          	-2.526780e-219
1410          	-1.768746e-219
1411          	-1.238122e-219
1412          	-8.666856e-220
1413          	-6.066799e-220
1414          	-4.246759e-220
1415          	-2.972732e-220
1416          	-2.080912e-220
1417          	-1.456638e-220
1418          	-1.019647e-220
1419          	-7.137529e-221
1420          	-4.996270e-221
1421          	-3.497389e-221
1422          	-2.448172e-221
1423          	-1.713721e-221
1424          	-1.199604e-221
1425          	-8.397231e-222
1426          	-5.878062e-222
1427          	-4.114643e-222
1428          	-2.880250e-222
1429          	-2.016175e-222
1430          	-1.411323e-222
1431          	-9.879258e-223
1432          	-6.915481e-223
1433          	-4.840837e-223
1434          	-3.388586e-223
1435          	-2.372010e-223
1436          	-1.660407e-223
1437          	-1.162285e-223
1438          	-8.135994e-224
1439          	-5.695196e-224
1440          	-3.986637e-224
1441          	-2.790646e-224
1442          	-1.953452e-224
1443          	-1.367417e-224
1444          	-9.571916e-225
1445          	-6.700341e-225
1446          	-4.690239e-225
1447          	-3.283167e-225
1448          	-2.298217e-225
1449          	-1.608752e-225
1450          	-1.126126e-225
1451          	-7.882884e-226
1452          	-5.518019e-226
1453          	-3.862613e-226
1454          	-2.703829e-226
1455          	-1.892680e-226
1456          	-1.324876e-226
1457          	-9.274134e-227
1458          	-6.491894e-227
1459          	-4.544326e-227
1460          	-3.181028e-227
1461          	-2.226720e-227
1462          	-1.558704e-227
1463          	-1.091093e-227
1464          	-7.637648e-228
1465          	-5.346354e-228
1466          	-3.742448e-228
1467          	-2.619713e-228
1468          	-1.833799e-228
1469          	-1.283660e-228
1470          	-8.985617e-229
1471          	-6.289932e-229
1472          	-4.402952e-229
1473          	-3.082067e-229
1474          	-2.157447e-229
1475          	-1.510213e-229
1476          	-1.057149e-229
1477          	-7.400042e-230
1478          	-5.180029e-230
1479          	-3.626021e-230
1480          	-2.538214e-230
1481          	-1.776750e-230
1482          	-1.243725e-230
1483          	-8.706075e-231
1484          	-6.094253e-231
1485          	-4.265977e-231
1486          	-2.986184e-231
1487          	-2.090329e-231
1488          	-1.463230e-231
1489          	-1.024261e-231
1490          	-7.169827e-232
1491          	-5.018879e-232
1492          	-3.513215e-232
1493          	-2.459251e-232
1494          	-1.721476e-232
1495          	-1.205033e-232
1496          	-8.435230e-233
1497          	-5.904661e-233
1498          	-4.133263e-233
1499          	-2.893284e-233
1500          	-2.025299e-233
1501          	-1.417709e-233
1502          	-9.923964e-234
1503          	-6.946775e-234
1504          	-4.862742e-234
1505          	-3.403920e-234
1506          	-2.382744e-234
1507          	-1.667921e-234
1508          	-1.167544e-234
1509          	-8.172811e-235
1510          	-5.720968e-235
1511          	-4.004677e-235
1512          	-2.803274e-235
1513          	-1.962292e-235
1514          	-1.373604e-235
1515          	-9.615230e-236
1516          	-6.730661e-236
1517          	-4.711463e-236
1518          	-3.298024e-236
1519          	-2.308617e-236
1520          	-1.616032e-236
1521          	-1.131222e-236
1522          	-7.918556e-237
1523          	-5.542989e-237
1524          	-3.880092e-237
1525          	-2.716065e-237
1526          	-1.901245e-237
1527          	-1.330872e-237
1528          	-9.316102e-238
1529          	-6.521271e-238
1530          	-4.564890e-238
1531          	-3.195423e-238
1532          	-2.236796e-238
1533          	-1.565757e-238
1534          	-1.096030e-238
1535          	-7.672210e-239
1536          	-5.370547e-239
1537          	-3.759383e-239
1538          	-2.631568e-239
1539          	-1.842098e-239
1540          	-1.289468e-239
1541          	-9.026279e-240
1542          	-6.318395e-240
1543          	-4.422877e-240
1544          	-3.096014e-240
1545          	-2.167210e-240
1546          	-1.517047e-240
1547          	-1.061933e-240
1548          	-7.433529e-241
1549          	-5.203470e-241
1550          	-3.642429e-241
1551          	-2.549700e-241
1552          	-1.784790e-241
1553          	-1.249353e-241
1554          	-8.745472e-242
1555          	-6.121830e-242
1556          	-4.285281e-242
1557          	-2.999697e-242
1558          	-2.099788e-242
1559          	-1.469851e-242
1560          	-1.028896e-242
1561          	-7.202272e-243
1562          	-5.041591e-243
1563          	-3.529113e-243
1564          	-2.470379e-243
1565          	-1.729266e-243
1566          	-1.210486e-243
1567          	-8.473401e-244
1568          	-5.931381e-244
1569          	-4.151967e-244
1570          	-2.906377e-244
1571          	-2.034464e-244
1572          	-1.424125e-244
1573          	-9.968872e-245
1574          	-6.978210e-245
1575          	-4.884747e-245
1576          	-3.419323e-245
1577          	-2.393526e-245
1578          	-1.675468e-245
1579          	-1.172828e-245
1580          	-8.209795e-246
1581          	-5.746856e-246
1582          	-4.022799e-246
1583          	-2.815960e-246
1584          	-1.971172e-246
1585          	-1.379820e-246
1586          	-9.658741e-247
1587          	-6.761119e-247
1588          	-4.732783e-247
1589          	-3.312948e-247
1590          	-2.319064e-247
1591          	-1.623345e-247
1592          	-1.136341e-247
1593          	-7.954389e-248
1594          	-5.568072e-248
1595          	-3.897651e-248
1596          	-2.728355e-248
1597          	-1.909849e-248
1598          	-1.336894e-248
1599          	-9.358259e-249
1600          	-6.550781e-249
1601          	-4.585547e-249
1602          	-3.209883e-249
1603          	-2.246918e-249
1604          	-1.572843e-249
1605          	-1.100990e-249
1606          	-7.706929e-250
1607          	-5.394850e-250
1608          	-3.776395e-250
1609          	-2.643477e-250
1610          	-1.850434e-250
1611          	-1.295304e-250
1612          	-9.067125e-251
1613          	-6.346987e-251
1614          	-4.442891e-251
1615          	-3.110024e-251
1616          	-2.177017e-251
1617          	-1.523912e-251
1618          	-1.066738e-251
1619          	-7.467167e-252
1620          	-5.227017e-252
1621          	-3.658912e-252
1622          	-2.561238e-252
1623          	-1.792867e-252
1624          	-1.255007e-252
1625          	-8.785047e-253
1626          	-6.149533e-253
1627          	-4.304673e-253
1628          	-3.013271e-253
1629          	-2.109290e-253
1630          	-1.476503e-253
1631          	-1.033552e-253
1632          	-7.234864e-254
1633          	-5.064405e-254
1634          	-3.545083e-254
1635          	-2.481558e-254
1636          	-1.737091e-254
1637          	-1.215964e-254
1638          	-8.511745e-255
1639          	-5.958222e-255
1640          	-4.170755e-255
1641          	-2.919529e-255
1642          	-2.043670e-255
1643          	-1.430569e-255
1644          	-1.001398e-255
1645          	-7.009788e-256
1646          	-4.906852e-256
1647          	-3.434796e-256
1648          	-2.404357e-256
1649          	-1.683050e-256
1650          	-1.178135e-256
1651          	-8.246946e-257
1652          	-5.772862e-257
1653          	-4.041003e-257
1654          	-2.828702e-257
1655          	-1.980092e-257
1656          	-1.386064e-257
1657          	-9.702449e-258
1658          	-6.791714e-258
1659          	-4.754200e-258
1660          	-3.327940e-258
1661          	-2.329558e-258
1662          	-1.630691e-258
1663          	-1.141483e-258
1664          	-7.990384e-259
1665          	-5.593269e-259
1666          	-3.915288e-259
1667          	-2.740702e-259
1668          	-1.918491e-259
1669          	-1.342944e-259
1670          	-9.400607e-260
1671          	-6.580425e-260
1672          	-4.606297e-260
1673          	-3.224408e-260
1674          	-2.257086e-260
1675          	-1.579960e-260
1676          	-1.105972e-260
1677          	-7.741804e-261
1678          	-5.419263e-261
1679          	-3.793484e-261
1680          	-2.655439e-261
1681          	-1.858807e-261
1682          	-1.301165e-261
1683          	-9.108155e-262
1684          	-6.375709e-262
1685          	-4.462996e-262
1686          	-3.124097e-262
1687          	-2.186868e-262
1688          	-1.530808e-262
1689          	-1.071565e-262
1690          	-7.500957e-263
1691          	-5.250670e-263
1692          	-3.675469e-263
1693          	-2.572828e-263
1694          	-1.800980e-263
1695          	-1.260686e-263
1696          	-8.824801e-264
1697          	-6.177361e-264
1698          	-4.324153e-264
1699          	-3.026907e-264
1700          	-2.118835e-264
1701          	-1.483184e-264
1702          	-1.038229e-264
1703          	-7.267603e-265
1704          	-5.087322e-265
1705          	-3.561126e-265
1706          	-2.492788e-265
1707          	-1.744952e-265
1708          	-1.221466e-265
1709          	-8.550263e-266
1710          	-5.985184e-266
1711          	-4.189629e-266
1712          	-2.932740e-266
1713          	-2.052918e-266
1714          	-1.437043e-266
1715          	-1.005930e-266
1716          	-7.041509e-267
1717          	-4.929056e-267
1718          	-3.450339e-267
1719          	-2.415238e-267
1720          	-1.690666e-267
1721          	-1.183466e-267
1722          	-8.284265e-268
1723          	-5.798985e-268
1724          	-4.059290e-268
1725          	-2.841503e-268
1726          	-1.989052e-268
1727          	-1.392336e-268
1728          	-9.746355e-269
1729          	-6.822448e-269
1730          	-4.775714e-269
1731          	-3.343000e-269
1732          	-2.340100e-269
1733          	-1.638070e-269
1734          	-1.146649e-269
1735          	-8.026542e-270
1736          	-5.618580e-270
1737          	-3.933006e-270
1738          	-2.753104e-270
1739          	-1.927173e-270
1740          	-1.349021e-270
1741          	-9.443147e-271
1742          	-6.610203e-271
1743          	-4.627142e-271
1744          	-3.238999e-271
1745          	-2.267300e-271
1746          	-1.587110e-271
1747          	-1.110977e-271
1748          	-7.776837e-272
1749          	-5.443786e-272
1750          	-3.810650e-272
1751          	-2.667455e-272
1752          	-1.867219e-272
1753          	-1.307053e-272
1754          	-9.149372e-273
1755          	-6.404560e-273
1756          	-4.483192e-273
1757          	-3.138234e-273
1758          	-2.196764e-273
1759          	-1.537735e-273
1760          	-1.076414e-273
1761          	-7.534901e-274
1762          	-5.274431e-274
1763          	-3.692101e-274
1764          	-2.584471e-274
1765          	-1.809130e-274
1766          	-1.266391e-274
1767          	-8.864736e-275
1768          	-6.205315e-275
1769          	-4.343720e-275
1770          	-3.040604e-275
1771          	-2.128423e-275
1772          	-1.489896e-275
1773          	-1.042927e-275
1774          	-7.300491e-276
1775          	-5.110344e-276
1776          	-3.577241e-276
1777          	-2.504068e-276
1778          	-1.752848e-276
1779          	-1.226994e-276
1780          	-8.588955e-277
1781          	-6.012268e-277
1782          	-4.208588e-277
1783          	-2.946011e-277
1784          	-2.062208e-277
1785          	-1.443546e-277
1786          	-1.010482e-277
1787          	-7.073373e-278
1788          	-4.951361e-278
1789          	-3.465953e-278
1790          	-2.426167e-278
1791          	-1.698317e-278
1792          	-1.188822e-278
1793          	-8.321753e-279
1794          	-5.825227e-279
1795          	-4.077659e-279
1796          	-2.854361e-279
1797          	-1.998053e-279
1798          	-1.398637e-279
1799          	-9.790459e-280
1800          	-6.853321e-280
1801          	-4.797325e-280
1802          	-3.358128e-280
1803          	-2.350689e-280
1804          	-1.645482e-280
1805          	-1.151838e-280
1806          	-8.062864e-281
1807          	-5.644005e-281
1808          	-3.950803e-281
1809          	-2.765562e-281
1810          	-1.935894e-281
1811          	-1.355126e-281
1812          	-9.485879e-282
1813          	-6.640115e-282
1814          	-4.648081e-282
1815          	-3.253657e-282
1816          	-2.277560e-282
1817          	-1.594292e-282
1818          	-1.116004e-282
1819          	-7.812029e-283
1820          	-5.468421e-283
1821          	-3.827894e-283
1822          	-2.679526e-283
1823          	-1.875668e-283
1824          	-1.312968e-283
1825          	-9.190774e-284
1826          	-6.433542e-284
1827          	-4.503479e-284
1828          	-3.152436e-284
1829          	-2.206705e-284
1830          	-1.544693e-284
1831          	-1.081285e-284
1832          	-7.568998e-285
1833          	-5.298299e-285
1834          	-3.708809e-285
1835          	-2.596166e-285
1836          	-1.817316e-285
1837          	-1.272121e-285
1838          	-8.904850e-286
1839          	-6.233395e-286
1840          	-4.363377e-286
1841          	-3.054364e-286
1842          	-2.138055e-286
1843          	-1.496638e-286
1844          	-1.047647e-286
1845          	-7.333527e-287
1846          	-5.133469e-287
1847          	-3.593428e-287
1848          	-2.515400e-287
1849          	-1.760780e-287
1850          	-1.232546e-287
1851          	-8.627821e-288
1852          	-6.039475e-288
1853          	-4.227632e-288
1854          	-2.959343e-288
1855          	-2.071540e-288
1856          	-1.450078e-288
1857          	-1.015055e-288
1858          	-7.105382e-289
1859          	-4.973767e-289
1860          	-3.481637e-289
1861          	-2.437146e-289
1862          	-1.706002e-289
1863          	-1.194202e-289
1864          	-8.359411e-290
1865          	-5.851588e-290
1866          	-4.096111e-290
1867          	-2.867278e-290
1868          	-2.007095e-290
1869          	-1.404966e-290
1870          	-9.834763e-291
1871          	-6.884334e-291
1872          	-4.819034e-291
1873          	-3.373324e-291
1874          	-2.361327e-291
1875          	-1.652929e-291
1876          	-1.157050e-291
1877          	-8.099350e-292
1878          	-5.669545e-292
1879          	-3.968682e-292
1880          	-2.778077e-292
1881          	-1.944654e-292
1882          	-1.361258e-292
1883          	-9.528805e-293
1884          	-6.670163e-293
1885          	-4.669114e-293
1886          	-3.268380e-293
1887          	-2.287866e-293
1888          	-1.601506e-293
1889          	-1.121054e-293
1890          	-7.847380e-294
1891          	-5.493166e-294
1892          	-3.845216e-294
1893          	-2.691651e-294
1894          	-1.884156e-294
1895          	-1.318909e-294
1896          	-9.232365e-295
1897          	-6.462655e-295
1898          	-4.523859e-295
1899          	-3.166701e-295
1900          	-2.216691e-295
1901          	-1.551684e-295
1902          	-1.086178e-295
1903          	-7.603249e-296
1904          	-5.322274e-296
1905          	-3.725592e-296
1906          	-2.607914e-296
1907          	-1.825540e-296
1908          	-1.277878e-296
1909          	-8.945147e-297
1910          	-6.261603e-297
1911          	-4.383122e-297
1912          	-3.068185e-297
1913          	-2.147730e-297
1914          	-1.503411e-297
1915          	-1.052388e-297
1916          	-7.366713e-298
1917          	-5.156699e-298
1918          	-3.609689e-298
1919          	-2.526783e-298
1920          	-1.768748e-298
1921          	-1.238123e-298
1922          	-8.666864e-299
1923          	-6.066805e-299
1924          	-4.246763e-299
1925          	-2.972734e-299
1926          	-2.080914e-299
1927          	-1.456640e-299
1928          	-1.019648e-299
1929          	-7.137535e-300
1930          	-4.996275e-300
1931          	-3.497392e-300
1932          	-2.448175e-300
1933          	-1.713722e-300
1934          	-1.199606e-300
1935          	-8.397239e-301
1936          	-5.878067e-301
1937          	-4.114647e-301
1938          	-2.880253e-301
1939          	-2.016177e-301
1940          	-1.411324e-301
1941          	-9.879268e-302
1942          	-6.915487e-302
1943          	-4.840841e-302
1944          	-3.388589e-302
1945          	-2.372012e-302
1946          	-1.660408e-302
1947          	-1.162286e-302
1948          	-8.136002e-303
1949          	-5.695201e-303
1950          	-3.986641e-303
1951          	-2.790649e-303
1952          	-1.953454e-303
1953          	-1.367418e-303
1954          	-9.571925e-304
1955          	-6.700347e-304
1956          	-4.690243e-304
1957          	-3.283170e-304
1958          	-2.298219e-304
1959          	-1.608753e-304
1960          	-1.126127e-304
1961          	-7.882891e-305
1962          	-5.518024e-305
1963          	-3.862617e-305
1964          	-2.703832e-305
1965          	-1.892682e-305
1966          	-1.324878e-305
1967          	-9.274143e-306
1968          	-6.491900e-306
1969          	-4.544330e-306
1970          	-3.181031e-306
1971          	-2.226722e-306
1972          	-1.558705e-306
1973          	-1.091094e-306
1974          	-7.637656e-307
1975          	-5.346359e-307
1976          	-3.742451e-307
1977          	-2.619716e-307
1978          	-1.833801e-307
1979          	-1.283661e-307
1980          	-8.985625e-308
1981          	-6.289938e-308
1982          	-4.402956e-308
1983          	-3.082069e-308
1984          	-2.157449e-308
1985          	-1.510214e-308
1986          	-1.057150e-308
1987          	-7.400049e-309
1988          	-5.180034e-309
1989          	-3.626024e-309
1990          	-2.538217e-309
1991          	-1.776752e-309
1992          	-1.243726e-309
1993          	-8.706084e-310
1994          	-6.094259e-310
1995          	-4.265981e-310
1996          	-2.986187e-310
1997          	-2.090330e-310
1998          	-1.463232e-310
1999          	-1.024262e-310
2000          	-7.169833e-311
2001          	-5.018881e-311
2002          	-3.513214e-311
2003          	-2.459245e-311
2004          	-1.721475e-311
2005          	-1.205038e-311
2006          	-8.435242e-312
2007          	-5.904677e-312
2008          	-4.133235e-312
2009          	-2.893288e-312
2010          	-2.025313e-312
2011          	-1.417692e-312
2012          	-9.924000e-313
2013          	-6.946958e-313
2014          	-4.862792e-313
2015          	-3.403915e-313
2016          	-2.382582e-313
2017          	-1.668361e-313
2018          	-1.167576e-313
2019          	-8.177775e-314
2020          	-5.719304e-314
2021          	-4.011813e-314
2022          	-2.798388e-314
2023          	-1.960452e-314
2024          	-1.367574e-314
2025          	-9.644161e-315
2026          	-6.679768e-315
2027          	-4.703505e-315
2028          	-3.320121e-315
2029          	-2.213414e-315
2030          	-1.541485e-315
2031          	-1.106707e-315
2032          	-7.905050e-316
2033          	-4.743030e-316
2034          	-3.557273e-316
2035          	-1.976263e-316
2036          	-1.581010e-316
2037          	-1.185758e-316
2038          	0.000000e+00
2039          	0.000000e+00
2040          	0.000000e+00
2041          	0.000000e+00
2042          	0.000000e+00
2043          	0.000000e+00
2044          	0.000000e+00
2045          	0.000000e+00
2046          	0.000000e+00
2047          	0.000000e+00
2048          	0.000000e+00
2049          	0.000000e+00
2050          	0.000000e+00
2051          	0.000000e+00
2052          	0.000000e+00
2053          	0.000000e+00
2054          	0.000000e+00
2055          	0.000000e+00
2056          	0.000000e+00
2057          	0.000000e+00
2058          	0.000000e+00
2059          	0.000000e+00
2060          	0.000000e+00
2061          	0.000000e+00
2062          	0.000000e+00
2063          	0.000000e+00
2064          	0.000000e+00
2065          	0.000000e+00
2066          	0.000000e+00
2067          	0.000000e+00
2068          	0.000000e+00
2069          	0.000000e+00
2070          	0.000000e+00
2071          	0.000000e+00
2072          	0.000000e+00
2073          	0.000000e+00
2074          	0.000000e+00
2075          	0.000000e+00
2076          	0.000000e+00
2077          	0.000000e+00
2078          	0.000000e+00
2079          	0.000000e+00
2080          	0.000000e+00
2081          	0.000000e+00
2082          	0.000000e+00
2083          	0.000000e+00
2084          	0.000000e+00
2085          	0.000000e+00
2086          	0.000000e+00
2087          	0.000000e+00
2088          	0.000000e+00
2089          	0.000000e+00
2090          	0.000000e+00
2091          	0.000000e+00
2092          	0.000000e+00
2093          	0.000000e+00
2094          	0.000000e+00
2095          	0.000000e+00
2096          	0.000000e+00
2097          	0.000000e+00
2098          	0.000000e+00
2099          	0.000000e+00
2100          	0.000000e+00
2101          	0.000000e+00
2102          	0.000000e+00
2103          	0.000000e+00
2104          	0.000000e+00
2105          	0.000000e+00
2106          	0.000000e+00
2107          	0.000000e+00
2108          	0.000000e+00
2109          	0.000000e+00
2110          	0.000000e+00
2111          	0.000000e+00
2112          	0.000000e+00
2113          	0.000000e+00
2114          	0.000000e+00
2115          	0.000000e+00
2116          	0.000000e+00
2117          	0.000000e+00
2118          	0.000000e+00
2119          	0.000000e+00
2120          	0.000000e+00
2121          	0.000000e+00
2122          	0.000000e+00
2123          	0.000000e+00
2124          	0.000000e+00
2125          	0.000000e+00
2126          	0.000000e+00
2127          	0.000000e+00
2128          	0.000000e+00
2129          	0.000000e+00
2130          	0.000000e+00
2131          	0.000000e+00
2132          	0.000000e+00
2133          	0.000000e+00
2134          	0.000000e+00
2135          	0.000000e+00
2136          	0.000000e+00
2137          	0.000000e+00
2138          	0.000000e+00
2139          	0.000000e+00
2140          	0.000000e+00
2141          	0.000000e+00
2142          	0.000000e+00
2143          	0.000000e+00
2144          	0.000000e+00
2145          	0.000000e+00
2146          	0.000000e+00
2147          	0.000000e+00
2148          	0.000000e+00
2149          	0.000000e+00
2150          	0.000000e+00
2151          	0.000000e+00
2152          	0.000000e+00
2153          	0.000000e+00
2154          	0.000000e+00
2155          	0.000000e+00
2156          	0.000000e+00
2157          	0.000000e+00
2158          	0.000000e+00
2159          	0.000000e+00
2160          	0.000000e+00
2161          	0.000000e+00
2162          	0.000000e+00
2163          	0.000000e+00
2164          	0.000000e+00
2165          	0.000000e+00
2166          	0.000000e+00
2167          	0.000000e+00
2168          	0.000000e+00
2169          	0.000000e+00
2170          	0.000000e+00
2171          	0.000000e+00
2172          	0.000000e+00
2173          	0.000000e+00
2174          	0.000000e+00
2175          	0.000000e+00
2176          	0.000000e+00
2177          	0.000000e+00
2178          	0.000000e+00
2179          	0.000000e+00
2180          	0.000000e+00
2181          	0.000000e+00
2182          	0.000000e+00
2183          	0.000000e+00
2184          	0.000000e+00
2185          	0.000000e+00
2186          	0.000000e+00
2187          	0.000000e+00
2188          	0.000000e+00
2189          	0.000000e+00
2190          	0.000000e+00
2191          	0.000000e+00
2192          	0.000000e+00
2193          	0.000000e+00
2194          	0.000000e+00
2195          	0.000000e+00
2196          	0.000000e+00
2197          	0.000000e+00
2198          	0.000000e+00
2199          	0.000000e+00
2200          	0.000000e+00
2201          	0.000000e+00
2202          	0.000000e+00
2203          	0.000000e+00
2204          	0.000000e+00
2205          	0.000000e+00
2206          	0.000000e+00
2207          	0.000000e+00
2208          	0.000000e+00
2209          	0.000000e+00
2210          	0.000000e+00
2211          	0.000000e+00
2212          	0.000000e+00
2213          	0.000000e+00
