# Region type : patch out
# Faces  :    224
# Area   :    1.250000e-07
# Time        	areaAverage(p)
0             	0.000000e+00
1             	0.000000e+00
2             	0.000000e+00
3             	0.000000e+00
4             	-8.251302e-02
5             	-8.843480e-02
6             	-7.315545e-02
7             	-5.620452e-02
8             	-5.212901e-02
9             	-3.911650e-02
10            	-2.764834e-02
11            	-1.936192e-02
12            	-1.355335e-02
13            	-9.487342e-03
14            	-6.641140e-03
15            	-4.648798e-03
16            	-3.254158e-03
17            	-2.277911e-03
18            	-1.594538e-03
19            	-1.116176e-03
20            	-7.813234e-04
21            	-5.469264e-04
22            	-3.828485e-04
23            	-2.679939e-04
24            	-1.875958e-04
25            	-1.313170e-04
26            	-9.192192e-05
27            	-6.434534e-05
28            	-4.504174e-05
29            	-3.152922e-05
30            	-2.207045e-05
31            	-1.544932e-05
32            	-1.081452e-05
33            	-7.570165e-06
34            	-5.299116e-06
35            	-3.709381e-06
36            	-2.596567e-06
37            	-1.817597e-06
38            	-1.272318e-06
39            	-8.906224e-07
40            	-6.234357e-07
41            	-4.364050e-07
42            	-3.054835e-07
43            	-2.138384e-07
44            	-1.496869e-07
45            	-1.047808e-07
46            	-7.334658e-08
47            	-5.134261e-08
48            	-3.593983e-08
49            	-2.515788e-08
50            	-1.761051e-08
51            	-1.232736e-08
52            	-8.629152e-09
53            	-6.040406e-09
54            	-4.228285e-09
55            	-2.959799e-09
56            	-2.071859e-09
57            	-1.450302e-09
58            	-1.015211e-09
59            	-7.106478e-10
60            	-4.974534e-10
61            	-3.482174e-10
62            	-2.437522e-10
63            	-1.706265e-10
64            	-1.194386e-10
65            	-8.360700e-11
66            	-5.852490e-11
67            	-4.096743e-11
68            	-2.867720e-11
69            	-2.007404e-11
70            	-1.405183e-11
71            	-9.836280e-12
72            	-6.885396e-12
73            	-4.819777e-12
74            	-3.373844e-12
75            	-2.361691e-12
76            	-1.653184e-12
77            	-1.157229e-12
78            	-8.100600e-13
79            	-5.670420e-13
80            	-3.969294e-13
81            	-2.778506e-13
82            	-1.944954e-13
83            	-1.361468e-13
84            	-9.530274e-14
85            	-6.671192e-14
86            	-4.669834e-14
87            	-3.268884e-14
88            	-2.288219e-14
89            	-1.601753e-14
90            	-1.121227e-14
91            	-7.848591e-15
92            	-5.494014e-15
93            	-3.845809e-15
94            	-2.692067e-15
95            	-1.884447e-15
96            	-1.319113e-15
97            	-9.233789e-16
98            	-6.463652e-16
99            	-4.524556e-16
100           	-3.167189e-16
101           	-2.217033e-16
102           	-1.551923e-16
103           	-1.086346e-16
104           	-7.604422e-17
105           	-5.323095e-17
106           	-3.726167e-17
107           	-2.608317e-17
108           	-1.825822e-17
109           	-1.278075e-17
110           	-8.946526e-18
111           	-6.262568e-18
112           	-4.383798e-18
113           	-3.068659e-18
114           	-2.148061e-18
115           	-1.503643e-18
116           	-1.052550e-18
117           	-7.367849e-19
118           	-5.157494e-19
119           	-3.610246e-19
120           	-2.527172e-19
121           	-1.769021e-19
122           	-1.238314e-19
123           	-8.668201e-20
124           	-6.067741e-20
125           	-4.247418e-20
126           	-2.973193e-20
127           	-2.081235e-20
128           	-1.456865e-20
129           	-1.019805e-20
130           	-7.138636e-21
131           	-4.997045e-21
132           	-3.497932e-21
133           	-2.448552e-21
134           	-1.713987e-21
135           	-1.199791e-21
136           	-8.398534e-22
137           	-5.878974e-22
138           	-4.115282e-22
139           	-2.880697e-22
140           	-2.016488e-22
141           	-1.411542e-22
142           	-9.880791e-23
143           	-6.916554e-23
144           	-4.841588e-23
145           	-3.389111e-23
146           	-2.372378e-23
147           	-1.660665e-23
148           	-1.162465e-23
149           	-8.137257e-24
150           	-5.696080e-24
151           	-3.987256e-24
152           	-2.791079e-24
153           	-1.953755e-24
154           	-1.367629e-24
155           	-9.573401e-25
156           	-6.701381e-25
157           	-4.690966e-25
158           	-3.283677e-25
159           	-2.298574e-25
160           	-1.609001e-25
161           	-1.126301e-25
162           	-7.884107e-26
163           	-5.518875e-26
164           	-3.863213e-26
165           	-2.704249e-26
166           	-1.892974e-26
167           	-1.325082e-26
168           	-9.275573e-27
169           	-6.492901e-27
170           	-4.545031e-27
171           	-3.181522e-27
172           	-2.227065e-27
173           	-1.558946e-27
174           	-1.091262e-27
175           	-7.638834e-28
176           	-5.347183e-28
177           	-3.743028e-28
178           	-2.620120e-28
179           	-1.834084e-28
180           	-1.283859e-28
181           	-8.987011e-29
182           	-6.290908e-29
183           	-4.403636e-29
184           	-3.082545e-29
185           	-2.157781e-29
186           	-1.510447e-29
187           	-1.057313e-29
188           	-7.401190e-30
189           	-5.180833e-30
190           	-3.626583e-30
191           	-2.538608e-30
192           	-1.777026e-30
193           	-1.243918e-30
194           	-8.707426e-31
195           	-6.095198e-31
196           	-4.266639e-31
197           	-2.986647e-31
198           	-2.090653e-31
199           	-1.463457e-31
200           	-1.024420e-31
201           	-7.170940e-32
202           	-5.019658e-32
203           	-3.513761e-32
204           	-2.459632e-32
205           	-1.721743e-32
206           	-1.205220e-32
207           	-8.436539e-33
208           	-5.905577e-33
209           	-4.133904e-33
210           	-2.893733e-33
211           	-2.025613e-33
212           	-1.417929e-33
213           	-9.925504e-34
214           	-6.947853e-34
215           	-4.863497e-34
216           	-3.404448e-34
217           	-2.383114e-34
218           	-1.668179e-34
219           	-1.167726e-34
220           	-8.174079e-35
221           	-5.721856e-35
222           	-4.005299e-35
223           	-2.803709e-35
224           	-1.962596e-35
225           	-1.373818e-35
226           	-9.616723e-36
227           	-6.731706e-36
228           	-4.712194e-36
229           	-3.298536e-36
230           	-2.308975e-36
231           	-1.616283e-36
232           	-1.131398e-36
233           	-7.919785e-37
234           	-5.543849e-37
235           	-3.880694e-37
236           	-2.716486e-37
237           	-1.901540e-37
238           	-1.331078e-37
239           	-9.317547e-38
240           	-6.522283e-38
241           	-4.565598e-38
242           	-3.195919e-38
243           	-2.237143e-38
244           	-1.566000e-38
245           	-1.096200e-38
246           	-7.673401e-39
247           	-5.371381e-39
248           	-3.759966e-39
249           	-2.631977e-39
250           	-1.842384e-39
251           	-1.289668e-39
252           	-9.027679e-40
253           	-6.319376e-40
254           	-4.423563e-40
255           	-3.096494e-40
256           	-2.167546e-40
257           	-1.517282e-40
258           	-1.062097e-40
259           	-7.434682e-41
260           	-5.204278e-41
261           	-3.642994e-41
262           	-2.550096e-41
263           	-1.785067e-41
264           	-1.249547e-41
265           	-8.746829e-42
266           	-6.122780e-42
267           	-4.285946e-42
268           	-3.000162e-42
269           	-2.100114e-42
270           	-1.470080e-42
271           	-1.029056e-42
272           	-7.203390e-43
273           	-5.042373e-43
274           	-3.529661e-43
275           	-2.470763e-43
276           	-1.729534e-43
277           	-1.210674e-43
278           	-8.474716e-44
279           	-5.932301e-44
280           	-4.152611e-44
281           	-2.906828e-44
282           	-2.034779e-44
283           	-1.424346e-44
284           	-9.970419e-45
285           	-6.979293e-45
286           	-4.885505e-45
287           	-3.419854e-45
288           	-2.393898e-45
289           	-1.675728e-45
290           	-1.173010e-45
291           	-8.211069e-46
292           	-5.747748e-46
293           	-4.023424e-46
294           	-2.816397e-46
295           	-1.971478e-46
296           	-1.380034e-46
297           	-9.660240e-47
298           	-6.762168e-47
299           	-4.733518e-47
300           	-3.313462e-47
301           	-2.319424e-47
302           	-1.623597e-47
303           	-1.136518e-47
304           	-7.955623e-48
305           	-5.568936e-48
306           	-3.898255e-48
307           	-2.728779e-48
308           	-1.910145e-48
309           	-1.337102e-48
310           	-9.359711e-49
311           	-6.551798e-49
312           	-4.586258e-49
313           	-3.210381e-49
314           	-2.247267e-49
315           	-1.573087e-49
316           	-1.101161e-49
317           	-7.708125e-50
318           	-5.395687e-50
319           	-3.776981e-50
320           	-2.643887e-50
321           	-1.850721e-50
322           	-1.295505e-50
323           	-9.068532e-51
324           	-6.347972e-51
325           	-4.443580e-51
326           	-3.110506e-51
327           	-2.177354e-51
328           	-1.524148e-51
329           	-1.066904e-51
330           	-7.468326e-52
331           	-5.227828e-52
332           	-3.659480e-52
333           	-2.561636e-52
334           	-1.793145e-52
335           	-1.255201e-52
336           	-8.786410e-53
337           	-6.150487e-53
338           	-4.305341e-53
339           	-3.013739e-53
340           	-2.109617e-53
341           	-1.476732e-53
342           	-1.033712e-53
343           	-7.235987e-54
344           	-5.065191e-54
345           	-3.545634e-54
346           	-2.481943e-54
347           	-1.737360e-54
348           	-1.216152e-54
349           	-8.513066e-55
350           	-5.959146e-55
351           	-4.171402e-55
352           	-2.919982e-55
353           	-2.043987e-55
354           	-1.430791e-55
355           	-1.001554e-55
356           	-7.010876e-56
357           	-4.907613e-56
358           	-3.435329e-56
359           	-2.404730e-56
360           	-1.683311e-56
361           	-1.178318e-56
362           	-8.248226e-57
363           	-5.773758e-57
364           	-4.041631e-57
365           	-2.829141e-57
366           	-1.980399e-57
367           	-1.386279e-57
368           	-9.703955e-58
369           	-6.792768e-58
370           	-4.754938e-58
371           	-3.328457e-58
372           	-2.329920e-58
373           	-1.630944e-58
374           	-1.141661e-58
375           	-7.991624e-59
376           	-5.594137e-59
377           	-3.915896e-59
378           	-2.741127e-59
379           	-1.918789e-59
380           	-1.343152e-59
381           	-9.402066e-60
382           	-6.581446e-60
383           	-4.607012e-60
384           	-3.224909e-60
385           	-2.257436e-60
386           	-1.580205e-60
387           	-1.106144e-60
388           	-7.743006e-61
389           	-5.420104e-61
390           	-3.794073e-61
391           	-2.655851e-61
392           	-1.859096e-61
393           	-1.301367e-61
394           	-9.109569e-62
395           	-6.376698e-62
396           	-4.463689e-62
397           	-3.124582e-62
398           	-2.187207e-62
399           	-1.531045e-62
400           	-1.071732e-62
401           	-7.502121e-63
402           	-5.251485e-63
403           	-3.676040e-63
404           	-2.573228e-63
405           	-1.801259e-63
406           	-1.260882e-63
407           	-8.826171e-64
408           	-6.178320e-64
409           	-4.324824e-64
410           	-3.027377e-64
411           	-2.119164e-64
412           	-1.483415e-64
413           	-1.038390e-64
414           	-7.268731e-65
415           	-5.088112e-65
416           	-3.561678e-65
417           	-2.493175e-65
418           	-1.745222e-65
419           	-1.221656e-65
420           	-8.551590e-66
421           	-5.986113e-66
422           	-4.190279e-66
423           	-2.933195e-66
424           	-2.053237e-66
425           	-1.437266e-66
426           	-1.006086e-66
427           	-7.042602e-67
428           	-4.929821e-67
429           	-3.450875e-67
430           	-2.415612e-67
431           	-1.690929e-67
432           	-1.183650e-67
433           	-8.285551e-68
434           	-5.799885e-68
435           	-4.059920e-68
436           	-2.841944e-68
437           	-1.989361e-68
438           	-1.392552e-68
439           	-9.747867e-69
440           	-6.823507e-69
441           	-4.776455e-69
442           	-3.343518e-69
443           	-2.340463e-69
444           	-1.638324e-69
445           	-1.146827e-69
446           	-8.027788e-70
447           	-5.619452e-70
448           	-3.933616e-70
449           	-2.753531e-70
450           	-1.927472e-70
451           	-1.349230e-70
452           	-9.444612e-71
453           	-6.611229e-71
454           	-4.627860e-71
455           	-3.239502e-71
456           	-2.267651e-71
457           	-1.587356e-71
458           	-1.111149e-71
459           	-7.778044e-72
460           	-5.444631e-72
461           	-3.811242e-72
462           	-2.667869e-72
463           	-1.867508e-72
464           	-1.307256e-72
465           	-9.150791e-73
466           	-6.405554e-73
467           	-4.483888e-73
468           	-3.138721e-73
469           	-2.197105e-73
470           	-1.537973e-73
471           	-1.076581e-73
472           	-7.536070e-74
473           	-5.275249e-74
474           	-3.692674e-74
475           	-2.584872e-74
476           	-1.809410e-74
477           	-1.266587e-74
478           	-8.866111e-75
479           	-6.206278e-75
480           	-4.344394e-75
481           	-3.041076e-75
482           	-2.128753e-75
483           	-1.490127e-75
484           	-1.043089e-75
485           	-7.301624e-76
486           	-5.111137e-76
487           	-3.577796e-76
488           	-2.504457e-76
489           	-1.753120e-76
490           	-1.227184e-76
491           	-8.590287e-77
492           	-6.013201e-77
493           	-4.209241e-77
494           	-2.946469e-77
495           	-2.062528e-77
496           	-1.443770e-77
497           	-1.010639e-77
498           	-7.074471e-78
499           	-4.952130e-78
500           	-3.466491e-78
501           	-2.426544e-78
502           	-1.698580e-78
503           	-1.189006e-78
504           	-8.323044e-79
505           	-5.826131e-79
506           	-4.078292e-79
507           	-2.854804e-79
508           	-1.998363e-79
509           	-1.398854e-79
510           	-9.791979e-80
511           	-6.854385e-80
512           	-4.798069e-80
513           	-3.358649e-80
514           	-2.351054e-80
515           	-1.645738e-80
516           	-1.152016e-80
517           	-8.064115e-81
518           	-5.644881e-81
519           	-3.951417e-81
520           	-2.765992e-81
521           	-1.936194e-81
522           	-1.355336e-81
523           	-9.487351e-82
524           	-6.641146e-82
525           	-4.648802e-82
526           	-3.254161e-82
527           	-2.277913e-82
528           	-1.594539e-82
529           	-1.116177e-82
530           	-7.813242e-83
531           	-5.469269e-83
532           	-3.828488e-83
533           	-2.679942e-83
534           	-1.875959e-83
535           	-1.313172e-83
536           	-9.192201e-84
537           	-6.434540e-84
538           	-4.504178e-84
539           	-3.152925e-84
540           	-2.207047e-84
541           	-1.544933e-84
542           	-1.081453e-84
543           	-7.570172e-85
544           	-5.299121e-85
545           	-3.709384e-85
546           	-2.596569e-85
547           	-1.817598e-85
548           	-1.272319e-85
549           	-8.906232e-86
550           	-6.234363e-86
551           	-4.364054e-86
552           	-3.054838e-86
553           	-2.138386e-86
554           	-1.496870e-86
555           	-1.047809e-86
556           	-7.334665e-87
557           	-5.134266e-87
558           	-3.593986e-87
559           	-2.515790e-87
560           	-1.761053e-87
561           	-1.232737e-87
562           	-8.629160e-88
563           	-6.040412e-88
564           	-4.228289e-88
565           	-2.959802e-88
566           	-2.071861e-88
567           	-1.450303e-88
568           	-1.015212e-88
569           	-7.106484e-89
570           	-4.974539e-89
571           	-3.482177e-89
572           	-2.437524e-89
573           	-1.706267e-89
574           	-1.194387e-89
575           	-8.360708e-90
576           	-5.852496e-90
577           	-4.096747e-90
578           	-2.867723e-90
579           	-2.007406e-90
580           	-1.405184e-90
581           	-9.836289e-91
582           	-6.885402e-91
583           	-4.819782e-91
584           	-3.373847e-91
585           	-2.361693e-91
586           	-1.653185e-91
587           	-1.157230e-91
588           	-8.100607e-92
589           	-5.670425e-92
590           	-3.969298e-92
591           	-2.778508e-92
592           	-1.944956e-92
593           	-1.361469e-92
594           	-9.530283e-93
595           	-6.671198e-93
596           	-4.669839e-93
597           	-3.268887e-93
598           	-2.288221e-93
599           	-1.601755e-93
600           	-1.121228e-93
601           	-7.848598e-94
602           	-5.494019e-94
603           	-3.845813e-94
604           	-2.692069e-94
605           	-1.884448e-94
606           	-1.319114e-94
607           	-9.233797e-95
608           	-6.463658e-95
609           	-4.524561e-95
610           	-3.167192e-95
611           	-2.217035e-95
612           	-1.551924e-95
613           	-1.086347e-95
614           	-7.604429e-96
615           	-5.323100e-96
616           	-3.726170e-96
617           	-2.608319e-96
618           	-1.825823e-96
619           	-1.278076e-96
620           	-8.946535e-97
621           	-6.262574e-97
622           	-4.383802e-97
623           	-3.068661e-97
624           	-2.148063e-97
625           	-1.503644e-97
626           	-1.052551e-97
627           	-7.367856e-98
628           	-5.157499e-98
629           	-3.610249e-98
630           	-2.527175e-98
631           	-1.769022e-98
632           	-1.238316e-98
633           	-8.668209e-99
634           	-6.067746e-99
635           	-4.247422e-99
636           	-2.973196e-99
637           	-2.081237e-99
638           	-1.456866e-99
639           	-1.019806e-99
640           	-7.138643e-100
641           	-4.997050e-100
642           	-3.497935e-100
643           	-2.448554e-100
644           	-1.713988e-100
645           	-1.199792e-100
646           	-8.398542e-101
647           	-5.878979e-101
648           	-4.115286e-101
649           	-2.880700e-101
650           	-2.016490e-101
651           	-1.411543e-101
652           	-9.880801e-102
653           	-6.916560e-102
654           	-4.841592e-102
655           	-3.389115e-102
656           	-2.372380e-102
657           	-1.660666e-102
658           	-1.162466e-102
659           	-8.137264e-103
660           	-5.696085e-103
661           	-3.987259e-103
662           	-2.791082e-103
663           	-1.953757e-103
664           	-1.367630e-103
665           	-9.573410e-104
666           	-6.701387e-104
667           	-4.690971e-104
668           	-3.283680e-104
669           	-2.298576e-104
670           	-1.609003e-104
671           	-1.126302e-104
672           	-7.884115e-105
673           	-5.518880e-105
674           	-3.863216e-105
675           	-2.704251e-105
676           	-1.892976e-105
677           	-1.325083e-105
678           	-9.275582e-106
679           	-6.492907e-106
680           	-4.545035e-106
681           	-3.181525e-106
682           	-2.227067e-106
683           	-1.558947e-106
684           	-1.091263e-106
685           	-7.638841e-107
686           	-5.347188e-107
687           	-3.743032e-107
688           	-2.620122e-107
689           	-1.834086e-107
690           	-1.283860e-107
691           	-8.987020e-108
692           	-6.290914e-108
693           	-4.403640e-108
694           	-3.082548e-108
695           	-2.157783e-108
696           	-1.510448e-108
697           	-1.057314e-108
698           	-7.401197e-109
699           	-5.180838e-109
700           	-3.626587e-109
701           	-2.538611e-109
702           	-1.777027e-109
703           	-1.243919e-109
704           	-8.707434e-110
705           	-6.095204e-110
706           	-4.266643e-110
707           	-2.986650e-110
708           	-2.090655e-110
709           	-1.463459e-110
710           	-1.024421e-110
711           	-7.170947e-111
712           	-5.019663e-111
713           	-3.513764e-111
714           	-2.459635e-111
715           	-1.721744e-111
716           	-1.205221e-111
717           	-8.436547e-112
718           	-5.905583e-112
719           	-4.133908e-112
720           	-2.893736e-112
721           	-2.025615e-112
722           	-1.417930e-112
723           	-9.925513e-113
724           	-6.947859e-113
725           	-4.863502e-113
726           	-3.404451e-113
727           	-2.383116e-113
728           	-1.668181e-113
729           	-1.167727e-113
730           	-8.174087e-114
731           	-5.721861e-114
732           	-4.005303e-114
733           	-2.803712e-114
734           	-1.962598e-114
735           	-1.373819e-114
736           	-9.616732e-115
737           	-6.731712e-115
738           	-4.712198e-115
739           	-3.298539e-115
740           	-2.308977e-115
741           	-1.616284e-115
742           	-1.131399e-115
743           	-7.919792e-116
744           	-5.543854e-116
745           	-3.880698e-116
746           	-2.716489e-116
747           	-1.901542e-116
748           	-1.331079e-116
749           	-9.317556e-117
750           	-6.522289e-117
751           	-4.565602e-117
752           	-3.195922e-117
753           	-2.237145e-117
754           	-1.566002e-117
755           	-1.096201e-117
756           	-7.673408e-118
757           	-5.371386e-118
758           	-3.759970e-118
759           	-2.631979e-118
760           	-1.842385e-118
761           	-1.289670e-118
762           	-9.027688e-119
763           	-6.319382e-119
764           	-4.423567e-119
765           	-3.096497e-119
766           	-2.167548e-119
767           	-1.517283e-119
768           	-1.062098e-119
769           	-7.434689e-120
770           	-5.204282e-120
771           	-3.642998e-120
772           	-2.550098e-120
773           	-1.785069e-120
774           	-1.249548e-120
775           	-8.746837e-121
776           	-6.122786e-121
777           	-4.285950e-121
778           	-3.000165e-121
779           	-2.100116e-121
780           	-1.470081e-121
781           	-1.029057e-121
782           	-7.203397e-122
783           	-5.042378e-122
784           	-3.529664e-122
785           	-2.470765e-122
786           	-1.729536e-122
787           	-1.210675e-122
788           	-8.474724e-123
789           	-5.932307e-123
790           	-4.152615e-123
791           	-2.906830e-123
792           	-2.034781e-123
793           	-1.424347e-123
794           	-9.970428e-124
795           	-6.979300e-124
796           	-4.885510e-124
797           	-3.419857e-124
798           	-2.393900e-124
799           	-1.675730e-124
800           	-1.173011e-124
801           	-8.211076e-125
802           	-5.747754e-125
803           	-4.023427e-125
804           	-2.816399e-125
805           	-1.971479e-125
806           	-1.380036e-125
807           	-9.660249e-126
808           	-6.762175e-126
809           	-4.733522e-126
810           	-3.313466e-126
811           	-2.319426e-126
812           	-1.623598e-126
813           	-1.136519e-126
814           	-7.955631e-127
815           	-5.568941e-127
816           	-3.898259e-127
817           	-2.728781e-127
818           	-1.910147e-127
819           	-1.337103e-127
820           	-9.359720e-128
821           	-6.551804e-128
822           	-4.586263e-128
823           	-3.210384e-128
824           	-2.247269e-128
825           	-1.573088e-128
826           	-1.101162e-128
827           	-7.708132e-129
828           	-5.395692e-129
829           	-3.776985e-129
830           	-2.643889e-129
831           	-1.850722e-129
832           	-1.295506e-129
833           	-9.068540e-130
834           	-6.347978e-130
835           	-4.443585e-130
836           	-3.110509e-130
837           	-2.177356e-130
838           	-1.524150e-130
839           	-1.066905e-130
840           	-7.468333e-131
841           	-5.227833e-131
842           	-3.659483e-131
843           	-2.561638e-131
844           	-1.793147e-131
845           	-1.255203e-131
846           	-8.786419e-132
847           	-6.150493e-132
848           	-4.305345e-132
849           	-3.013742e-132
850           	-2.109619e-132
851           	-1.476733e-132
852           	-1.033713e-132
853           	-7.235994e-133
854           	-5.065196e-133
855           	-3.545637e-133
856           	-2.481946e-133
857           	-1.737362e-133
858           	-1.216153e-133
859           	-8.513074e-134
860           	-5.959152e-134
861           	-4.171406e-134
862           	-2.919984e-134
863           	-2.043989e-134
864           	-1.430792e-134
865           	-1.001555e-134
866           	-7.010883e-135
867           	-4.907618e-135
868           	-3.435332e-135
869           	-2.404733e-135
870           	-1.683313e-135
871           	-1.178319e-135
872           	-8.248233e-136
873           	-5.773763e-136
874           	-4.041634e-136
875           	-2.829144e-136
876           	-1.980401e-136
877           	-1.386281e-136
878           	-9.703964e-137
879           	-6.792775e-137
880           	-4.754942e-137
881           	-3.328460e-137
882           	-2.329922e-137
883           	-1.630945e-137
884           	-1.141662e-137
885           	-7.991632e-138
886           	-5.594142e-138
887           	-3.915899e-138
888           	-2.741130e-138
889           	-1.918791e-138
890           	-1.343154e-138
891           	-9.402075e-139
892           	-6.581452e-139
893           	-4.607017e-139
894           	-3.224912e-139
895           	-2.257438e-139
896           	-1.580207e-139
897           	-1.106145e-139
898           	-7.743013e-140
899           	-5.420109e-140
900           	-3.794076e-140
901           	-2.655853e-140
902           	-1.859097e-140
903           	-1.301368e-140
904           	-9.109577e-141
905           	-6.376704e-141
906           	-4.463693e-141
907           	-3.124585e-141
908           	-2.187209e-141
909           	-1.531047e-141
910           	-1.071733e-141
911           	-7.502128e-142
912           	-5.251490e-142
913           	-3.676043e-142
914           	-2.573230e-142
915           	-1.801261e-142
916           	-1.260883e-142
917           	-8.826179e-143
918           	-6.178325e-143
919           	-4.324828e-143
920           	-3.027379e-143
921           	-2.119166e-143
922           	-1.483416e-143
923           	-1.038391e-143
924           	-7.268738e-144
925           	-5.088117e-144
926           	-3.561682e-144
927           	-2.493177e-144
928           	-1.745224e-144
929           	-1.221657e-144
930           	-8.551598e-145
931           	-5.986118e-145
932           	-4.190283e-145
933           	-2.933198e-145
934           	-2.053239e-145
935           	-1.437267e-145
936           	-1.006087e-145
937           	-7.042608e-146
938           	-4.929826e-146
939           	-3.450878e-146
940           	-2.415615e-146
941           	-1.690930e-146
942           	-1.183651e-146
943           	-8.285558e-147
944           	-5.799891e-147
945           	-4.059924e-147
946           	-2.841946e-147
947           	-1.989363e-147
948           	-1.392554e-147
949           	-9.747876e-148
950           	-6.823514e-148
951           	-4.776459e-148
952           	-3.343522e-148
953           	-2.340465e-148
954           	-1.638326e-148
955           	-1.146828e-148
956           	-8.027795e-149
957           	-5.619457e-149
958           	-3.933620e-149
959           	-2.753534e-149
960           	-1.927474e-149
961           	-1.349232e-149
962           	-9.444621e-150
963           	-6.611235e-150
964           	-4.627864e-150
965           	-3.239505e-150
966           	-2.267654e-150
967           	-1.587357e-150
968           	-1.111150e-150
969           	-7.778052e-151
970           	-5.444636e-151
971           	-3.811245e-151
972           	-2.667872e-151
973           	-1.867510e-151
974           	-1.307257e-151
975           	-9.150800e-152
976           	-6.405560e-152
977           	-4.483892e-152
978           	-3.138724e-152
979           	-2.197107e-152
980           	-1.537975e-152
981           	-1.076582e-152
982           	-7.536077e-153
983           	-5.275254e-153
984           	-3.692678e-153
985           	-2.584874e-153
986           	-1.809412e-153
987           	-1.266588e-153
988           	-8.866119e-154
989           	-6.206284e-154
990           	-4.344399e-154
991           	-3.041079e-154
992           	-2.128755e-154
993           	-1.490129e-154
994           	-1.043090e-154
995           	-7.301631e-155
996           	-5.111141e-155
997           	-3.577799e-155
998           	-2.504459e-155
999           	-1.753122e-155
1000          	-1.227185e-155
1001          	-8.590295e-156
1002          	-6.013207e-156
1003          	-4.209245e-156
1004          	-2.946471e-156
1005          	-2.062530e-156
1006          	-1.443771e-156
1007          	-1.010640e-156
1008          	-7.074478e-157
1009          	-4.952134e-157
1010          	-3.466494e-157
1011          	-2.426546e-157
1012          	-1.698582e-157
1013          	-1.189007e-157
1014          	-8.323052e-158
1015          	-5.826137e-158
1016          	-4.078296e-158
1017          	-2.854807e-158
1018          	-1.998365e-158
1019          	-1.398855e-158
1020          	-9.791988e-159
1021          	-6.854391e-159
1022          	-4.798074e-159
1023          	-3.358652e-159
1024          	-2.351056e-159
1025          	-1.645739e-159
1026          	-1.152018e-159
1027          	-8.064123e-160
1028          	-5.644886e-160
1029          	-3.951420e-160
1030          	-2.765994e-160
1031          	-1.936196e-160
1032          	-1.355337e-160
1033          	-9.487360e-161
1034          	-6.641152e-161
1035          	-4.648806e-161
1036          	-3.254164e-161
1037          	-2.277915e-161
1038          	-1.594541e-161
1039          	-1.116178e-161
1040          	-7.813249e-162
1041          	-5.469274e-162
1042          	-3.828492e-162
1043          	-2.679944e-162
1044          	-1.875961e-162
1045          	-1.313173e-162
1046          	-9.192209e-163
1047          	-6.434546e-163
1048          	-4.504183e-163
1049          	-3.152928e-163
1050          	-2.207049e-163
1051          	-1.544935e-163
1052          	-1.081454e-163
1053          	-7.570180e-164
1054          	-5.299126e-164
1055          	-3.709388e-164
1056          	-2.596572e-164
1057          	-1.817600e-164
1058          	-1.272320e-164
1059          	-8.906241e-165
1060          	-6.234368e-165
1061          	-4.364058e-165
1062          	-3.054840e-165
1063          	-2.138388e-165
1064          	-1.496872e-165
1065          	-1.047810e-165
1066          	-7.334672e-166
1067          	-5.134270e-166
1068          	-3.593989e-166
1069          	-2.515793e-166
1070          	-1.761055e-166
1071          	-1.232738e-166
1072          	-8.629168e-167
1073          	-6.040418e-167
1074          	-4.228292e-167
1075          	-2.959805e-167
1076          	-2.071863e-167
1077          	-1.450304e-167
1078          	-1.015213e-167
1079          	-7.106491e-168
1080          	-4.974544e-168
1081          	-3.482181e-168
1082          	-2.437526e-168
1083          	-1.706269e-168
1084          	-1.194388e-168
1085          	-8.360716e-169
1086          	-5.852501e-169
1087          	-4.096751e-169
1088          	-2.867726e-169
1089          	-2.007408e-169
1090          	-1.405185e-169
1091          	-9.836298e-170
1092          	-6.885409e-170
1093          	-4.819786e-170
1094          	-3.373850e-170
1095          	-2.361695e-170
1096          	-1.653187e-170
1097          	-1.157231e-170
1098          	-8.100615e-171
1099          	-5.670430e-171
1100          	-3.969301e-171
1101          	-2.778511e-171
1102          	-1.944958e-171
1103          	-1.361470e-171
1104          	-9.530292e-172
1105          	-6.671205e-172
1106          	-4.669843e-172
1107          	-3.268890e-172
1108          	-2.288223e-172
1109          	-1.601756e-172
1110          	-1.121229e-172
1111          	-7.848605e-173
1112          	-5.494024e-173
1113          	-3.845817e-173
1114          	-2.692072e-173
1115          	-1.884450e-173
1116          	-1.319115e-173
1117          	-9.233806e-174
1118          	-6.463664e-174
1119          	-4.524565e-174
1120          	-3.167195e-174
1121          	-2.217037e-174
1122          	-1.551926e-174
1123          	-1.086348e-174
1124          	-7.604436e-175
1125          	-5.323105e-175
1126          	-3.726174e-175
1127          	-2.608322e-175
1128          	-1.825825e-175
1129          	-1.278078e-175
1130          	-8.946543e-176
1131          	-6.262580e-176
1132          	-4.383806e-176
1133          	-3.068664e-176
1134          	-2.148065e-176
1135          	-1.503646e-176
1136          	-1.052552e-176
1137          	-7.367863e-177
1138          	-5.157504e-177
1139          	-3.610253e-177
1140          	-2.527177e-177
1141          	-1.769024e-177
1142          	-1.238317e-177
1143          	-8.668217e-178
1144          	-6.067752e-178
1145          	-4.247426e-178
1146          	-2.973198e-178
1147          	-2.081239e-178
1148          	-1.456867e-178
1149          	-1.019807e-178
1150          	-7.138650e-179
1151          	-4.997055e-179
1152          	-3.497938e-179
1153          	-2.448557e-179
1154          	-1.713990e-179
1155          	-1.199793e-179
1156          	-8.398550e-180
1157          	-5.878985e-180
1158          	-4.115289e-180
1159          	-2.880703e-180
1160          	-2.016492e-180
1161          	-1.411544e-180
1162          	-9.880810e-181
1163          	-6.916567e-181
1164          	-4.841597e-181
1165          	-3.389118e-181
1166          	-2.372382e-181
1167          	-1.660668e-181
1168          	-1.162467e-181
1169          	-8.137272e-182
1170          	-5.696090e-182
1171          	-3.987263e-182
1172          	-2.791084e-182
1173          	-1.953759e-182
1174          	-1.367631e-182
1175          	-9.573419e-183
1176          	-6.701393e-183
1177          	-4.690975e-183
1178          	-3.283683e-183
1179          	-2.298578e-183
1180          	-1.609005e-183
1181          	-1.126303e-183
1182          	-7.884122e-184
1183          	-5.518885e-184
1184          	-3.863220e-184
1185          	-2.704254e-184
1186          	-1.892978e-184
1187          	-1.325084e-184
1188          	-9.275591e-185
1189          	-6.492914e-185
1190          	-4.545039e-185
1191          	-3.181528e-185
1192          	-2.227069e-185
1193          	-1.558949e-185
1194          	-1.091264e-185
1195          	-7.638848e-186
1196          	-5.347194e-186
1197          	-3.743035e-186
1198          	-2.620125e-186
1199          	-1.834087e-186
1200          	-1.283861e-186
1201          	-8.987028e-187
1202          	-6.290920e-187
1203          	-4.403644e-187
1204          	-3.082551e-187
1205          	-2.157785e-187
1206          	-1.510450e-187
1207          	-1.057315e-187
1208          	-7.401204e-188
1209          	-5.180843e-188
1210          	-3.626590e-188
1211          	-2.538613e-188
1212          	-1.777029e-188
1213          	-1.243920e-188
1214          	-8.707443e-189
1215          	-6.095210e-189
1216          	-4.266647e-189
1217          	-2.986653e-189
1218          	-2.090657e-189
1219          	-1.463460e-189
1220          	-1.024422e-189
1221          	-7.170953e-190
1222          	-5.019667e-190
1223          	-3.513767e-190
1224          	-2.459637e-190
1225          	-1.721746e-190
1226          	-1.205222e-190
1227          	-8.436555e-191
1228          	-5.905588e-191
1229          	-4.133912e-191
1230          	-2.893738e-191
1231          	-2.025617e-191
1232          	-1.417932e-191
1233          	-9.925523e-192
1234          	-6.947866e-192
1235          	-4.863506e-192
1236          	-3.404454e-192
1237          	-2.383118e-192
1238          	-1.668183e-192
1239          	-1.167728e-192
1240          	-8.174095e-193
1241          	-5.721866e-193
1242          	-4.005306e-193
1243          	-2.803714e-193
1244          	-1.962600e-193
1245          	-1.373820e-193
1246          	-9.616741e-194
1247          	-6.731718e-194
1248          	-4.712203e-194
1249          	-3.298542e-194
1250          	-2.308979e-194
1251          	-1.616286e-194
1252          	-1.131400e-194
1253          	-7.919799e-195
1254          	-5.543860e-195
1255          	-3.880702e-195
1256          	-2.716491e-195
1257          	-1.901544e-195
1258          	-1.331081e-195
1259          	-9.317565e-196
1260          	-6.522295e-196
1261          	-4.565607e-196
1262          	-3.195925e-196
1263          	-2.237147e-196
1264          	-1.566003e-196
1265          	-1.096202e-196
1266          	-7.673415e-197
1267          	-5.371391e-197
1268          	-3.759973e-197
1269          	-2.631981e-197
1270          	-1.842387e-197
1271          	-1.289671e-197
1272          	-9.027696e-198
1273          	-6.319387e-198
1274          	-4.423571e-198
1275          	-3.096500e-198
1276          	-2.167550e-198
1277          	-1.517285e-198
1278          	-1.062099e-198
1279          	-7.434696e-199
1280          	-5.204287e-199
1281          	-3.643001e-199
1282          	-2.550101e-199
1283          	-1.785071e-199
1284          	-1.249549e-199
1285          	-8.746846e-200
1286          	-6.122792e-200
1287          	-4.285954e-200
1288          	-3.000168e-200
1289          	-2.100118e-200
1290          	-1.470082e-200
1291          	-1.029058e-200
1292          	-7.203403e-201
1293          	-5.042382e-201
1294          	-3.529668e-201
1295          	-2.470767e-201
1296          	-1.729537e-201
1297          	-1.210676e-201
1298          	-8.474732e-202
1299          	-5.932313e-202
1300          	-4.152619e-202
1301          	-2.906833e-202
1302          	-2.034783e-202
1303          	-1.424348e-202
1304          	-9.970438e-203
1305          	-6.979306e-203
1306          	-4.885514e-203
1307          	-3.419860e-203
1308          	-2.393902e-203
1309          	-1.675731e-203
1310          	-1.173012e-203
1311          	-8.211084e-204
1312          	-5.747759e-204
1313          	-4.023431e-204
1314          	-2.816402e-204
1315          	-1.971481e-204
1316          	-1.380037e-204
1317          	-9.660258e-205
1318          	-6.762181e-205
1319          	-4.733527e-205
1320          	-3.313469e-205
1321          	-2.319428e-205
1322          	-1.623600e-205
1323          	-1.136520e-205
1324          	-7.955638e-206
1325          	-5.568947e-206
1326          	-3.898263e-206
1327          	-2.728784e-206
1328          	-1.910149e-206
1329          	-1.337104e-206
1330          	-9.359729e-207
1331          	-6.551810e-207
1332          	-4.586267e-207
1333          	-3.210387e-207
1334          	-2.247271e-207
1335          	-1.573090e-207
1336          	-1.101163e-207
1337          	-7.708139e-208
1338          	-5.395697e-208
1339          	-3.776988e-208
1340          	-2.643892e-208
1341          	-1.850724e-208
1342          	-1.295507e-208
1343          	-9.068549e-209
1344          	-6.347984e-209
1345          	-4.443589e-209
1346          	-3.110512e-209
1347          	-2.177359e-209
1348          	-1.524151e-209
1349          	-1.066906e-209
1350          	-7.468340e-210
1351          	-5.227838e-210
1352          	-3.659486e-210
1353          	-2.561641e-210
1354          	-1.793148e-210
1355          	-1.255204e-210
1356          	-8.786427e-211
1357          	-6.150499e-211
1358          	-4.305349e-211
1359          	-3.013744e-211
1360          	-2.109621e-211
1361          	-1.476735e-211
1362          	-1.033714e-211
1363          	-7.236000e-212
1364          	-5.065200e-212
1365          	-3.545640e-212
1366          	-2.481948e-212
1367          	-1.737364e-212
1368          	-1.216155e-212
1369          	-8.513082e-213
1370          	-5.959157e-213
1371          	-4.171410e-213
1372          	-2.919987e-213
1373          	-2.043991e-213
1374          	-1.430794e-213
1375          	-1.001556e-213
1376          	-7.010889e-214
1377          	-4.907622e-214
1378          	-3.435336e-214
1379          	-2.404735e-214
1380          	-1.683314e-214
1381          	-1.178320e-214
1382          	-8.248241e-215
1383          	-5.773769e-215
1384          	-4.041638e-215
1385          	-2.829147e-215
1386          	-1.980403e-215
1387          	-1.386282e-215
1388          	-9.703973e-216
1389          	-6.792781e-216
1390          	-4.754947e-216
1391          	-3.328463e-216
1392          	-2.329924e-216
1393          	-1.630947e-216
1394          	-1.141663e-216
1395          	-7.991639e-217
1396          	-5.594147e-217
1397          	-3.915903e-217
1398          	-2.741132e-217
1399          	-1.918793e-217
1400          	-1.343155e-217
1401          	-9.402084e-218
1402          	-6.581458e-218
1403          	-4.607021e-218
1404          	-3.224915e-218
1405          	-2.257440e-218
1406          	-1.580208e-218
1407          	-1.106146e-218
1408          	-7.743020e-219
1409          	-5.420114e-219
1410          	-3.794080e-219
1411          	-2.655856e-219
1412          	-1.859099e-219
1413          	-1.301369e-219
1414          	-9.109586e-220
1415          	-6.376710e-220
1416          	-4.463697e-220
1417          	-3.124588e-220
1418          	-2.187212e-220
1419          	-1.531048e-220
1420          	-1.071734e-220
1421          	-7.502136e-221
1422          	-5.251495e-221
1423          	-3.676046e-221
1424          	-2.573232e-221
1425          	-1.801263e-221
1426          	-1.260884e-221
1427          	-8.826187e-222
1428          	-6.178331e-222
1429          	-4.324832e-222
1430          	-3.027382e-222
1431          	-2.119168e-222
1432          	-1.483417e-222
1433          	-1.038392e-222
1434          	-7.268745e-223
1435          	-5.088121e-223
1436          	-3.561685e-223
1437          	-2.493179e-223
1438          	-1.745226e-223
1439          	-1.221658e-223
1440          	-8.551606e-224
1441          	-5.986124e-224
1442          	-4.190287e-224
1443          	-2.933201e-224
1444          	-2.053241e-224
1445          	-1.437268e-224
1446          	-1.006088e-224
1447          	-7.042615e-225
1448          	-4.929830e-225
1449          	-3.450881e-225
1450          	-2.415617e-225
1451          	-1.690932e-225
1452          	-1.183652e-225
1453          	-8.285566e-226
1454          	-5.799896e-226
1455          	-4.059927e-226
1456          	-2.841949e-226
1457          	-1.989364e-226
1458          	-1.392555e-226
1459          	-9.747886e-227
1460          	-6.823520e-227
1461          	-4.776464e-227
1462          	-3.343525e-227
1463          	-2.340467e-227
1464          	-1.638327e-227
1465          	-1.146829e-227
1466          	-8.027803e-228
1467          	-5.619462e-228
1468          	-3.933623e-228
1469          	-2.753536e-228
1470          	-1.927475e-228
1471          	-1.349233e-228
1472          	-9.444630e-229
1473          	-6.611241e-229
1474          	-4.627869e-229
1475          	-3.239508e-229
1476          	-2.267656e-229
1477          	-1.587359e-229
1478          	-1.111151e-229
1479          	-7.778059e-230
1480          	-5.444641e-230
1481          	-3.811249e-230
1482          	-2.667874e-230
1483          	-1.867512e-230
1484          	-1.307258e-230
1485          	-9.150808e-231
1486          	-6.405566e-231
1487          	-4.483896e-231
1488          	-3.138727e-231
1489          	-2.197109e-231
1490          	-1.537976e-231
1491          	-1.076583e-231
1492          	-7.536084e-232
1493          	-5.275259e-232
1494          	-3.692681e-232
1495          	-2.584877e-232
1496          	-1.809414e-232
1497          	-1.266590e-232
1498          	-8.866128e-233
1499          	-6.206289e-233
1500          	-4.344403e-233
1501          	-3.041082e-233
1502          	-2.128757e-233
1503          	-1.490130e-233
1504          	-1.043091e-233
1505          	-7.301637e-234
1506          	-5.111146e-234
1507          	-3.577802e-234
1508          	-2.504462e-234
1509          	-1.753123e-234
1510          	-1.227186e-234
1511          	-8.590303e-235
1512          	-6.013212e-235
1513          	-4.209249e-235
1514          	-2.946474e-235
1515          	-2.062532e-235
1516          	-1.443772e-235
1517          	-1.010641e-235
1518          	-7.074484e-236
1519          	-4.952139e-236
1520          	-3.466497e-236
1521          	-2.426548e-236
1522          	-1.698584e-236
1523          	-1.189009e-236
1524          	-8.323060e-237
1525          	-5.826142e-237
1526          	-4.078299e-237
1527          	-2.854810e-237
1528          	-1.998367e-237
1529          	-1.398857e-237
1530          	-9.791997e-238
1531          	-6.854398e-238
1532          	-4.798078e-238
1533          	-3.358655e-238
1534          	-2.351058e-238
1535          	-1.645741e-238
1536          	-1.152019e-238
1537          	-8.064130e-239
1538          	-5.644891e-239
1539          	-3.951424e-239
1540          	-2.765997e-239
1541          	-1.936198e-239
1542          	-1.355338e-239
1543          	-9.487369e-240
1544          	-6.641158e-240
1545          	-4.648811e-240
1546          	-3.254168e-240
1547          	-2.277917e-240
1548          	-1.594542e-240
1549          	-1.116179e-240
1550          	-7.813256e-241
1551          	-5.469279e-241
1552          	-3.828496e-241
1553          	-2.679947e-241
1554          	-1.875963e-241
1555          	-1.313174e-241
1556          	-9.192218e-242
1557          	-6.434552e-242
1558          	-4.504187e-242
1559          	-3.152931e-242
1560          	-2.207051e-242
1561          	-1.544936e-242
1562          	-1.081455e-242
1563          	-7.570187e-243
1564          	-5.299131e-243
1565          	-3.709391e-243
1566          	-2.596574e-243
1567          	-1.817602e-243
1568          	-1.272321e-243
1569          	-8.906249e-244
1570          	-6.234374e-244
1571          	-4.364062e-244
1572          	-3.054843e-244
1573          	-2.138390e-244
1574          	-1.496873e-244
1575          	-1.047811e-244
1576          	-7.334679e-245
1577          	-5.134275e-245
1578          	-3.593993e-245
1579          	-2.515795e-245
1580          	-1.761056e-245
1581          	-1.232739e-245
1582          	-8.629176e-246
1583          	-6.040423e-246
1584          	-4.228296e-246
1585          	-2.959808e-246
1586          	-2.071865e-246
1587          	-1.450306e-246
1588          	-1.015214e-246
1589          	-7.106498e-247
1590          	-4.974548e-247
1591          	-3.482184e-247
1592          	-2.437529e-247
1593          	-1.706270e-247
1594          	-1.194389e-247
1595          	-8.360724e-248
1596          	-5.852507e-248
1597          	-4.096755e-248
1598          	-2.867728e-248
1599          	-2.007410e-248
1600          	-1.405187e-248
1601          	-9.836308e-249
1602          	-6.885415e-249
1603          	-4.819791e-249
1604          	-3.373854e-249
1605          	-2.361697e-249
1606          	-1.653188e-249
1607          	-1.157232e-249
1608          	-8.100622e-250
1609          	-5.670436e-250
1610          	-3.969305e-250
1611          	-2.778513e-250
1612          	-1.944959e-250
1613          	-1.361472e-250
1614          	-9.530301e-251
1615          	-6.671211e-251
1616          	-4.669848e-251
1617          	-3.268893e-251
1618          	-2.288225e-251
1619          	-1.601758e-251
1620          	-1.121230e-251
1621          	-7.848613e-252
1622          	-5.494029e-252
1623          	-3.845820e-252
1624          	-2.692074e-252
1625          	-1.884452e-252
1626          	-1.319116e-252
1627          	-9.233815e-253
1628          	-6.463670e-253
1629          	-4.524569e-253
1630          	-3.167198e-253
1631          	-2.217039e-253
1632          	-1.551927e-253
1633          	-1.086349e-253
1634          	-7.604443e-254
1635          	-5.323110e-254
1636          	-3.726177e-254
1637          	-2.608324e-254
1638          	-1.825827e-254
1639          	-1.278079e-254
1640          	-8.946552e-255
1641          	-6.262586e-255
1642          	-4.383810e-255
1643          	-3.068667e-255
1644          	-2.148067e-255
1645          	-1.503647e-255
1646          	-1.052553e-255
1647          	-7.367870e-256
1648          	-5.157509e-256
1649          	-3.610256e-256
1650          	-2.527179e-256
1651          	-1.769026e-256
1652          	-1.238318e-256
1653          	-8.668225e-257
1654          	-6.067758e-257
1655          	-4.247430e-257
1656          	-2.973201e-257
1657          	-2.081241e-257
1658          	-1.456869e-257
1659          	-1.019808e-257
1660          	-7.138656e-258
1661          	-4.997059e-258
1662          	-3.497942e-258
1663          	-2.448559e-258
1664          	-1.713991e-258
1665          	-1.199794e-258
1666          	-8.398558e-259
1667          	-5.878990e-259
1668          	-4.115293e-259
1669          	-2.880705e-259
1670          	-2.016494e-259
1671          	-1.411546e-259
1672          	-9.880819e-260
1673          	-6.916573e-260
1674          	-4.841601e-260
1675          	-3.389121e-260
1676          	-2.372385e-260
1677          	-1.660669e-260
1678          	-1.162468e-260
1679          	-8.137279e-261
1680          	-5.696096e-261
1681          	-3.987267e-261
1682          	-2.791087e-261
1683          	-1.953761e-261
1684          	-1.367633e-261
1685          	-9.573428e-262
1686          	-6.701399e-262
1687          	-4.690980e-262
1688          	-3.283686e-262
1689          	-2.298580e-262
1690          	-1.609006e-262
1691          	-1.126304e-262
1692          	-7.884129e-263
1693          	-5.518891e-263
1694          	-3.863223e-263
1695          	-2.704256e-263
1696          	-1.892979e-263
1697          	-1.325086e-263
1698          	-9.275599e-264
1699          	-6.492920e-264
1700          	-4.545044e-264
1701          	-3.181531e-264
1702          	-2.227071e-264
1703          	-1.558950e-264
1704          	-1.091265e-264
1705          	-7.638855e-265
1706          	-5.347199e-265
1707          	-3.743039e-265
1708          	-2.620127e-265
1709          	-1.834089e-265
1710          	-1.283862e-265
1711          	-8.987037e-266
1712          	-6.290926e-266
1713          	-4.403648e-266
1714          	-3.082554e-266
1715          	-2.157787e-266
1716          	-1.510451e-266
1717          	-1.057316e-266
1718          	-7.401211e-267
1719          	-5.180848e-267
1720          	-3.626593e-267
1721          	-2.538615e-267
1722          	-1.777031e-267
1723          	-1.243922e-267
1724          	-8.707451e-268
1725          	-6.095216e-268
1726          	-4.266651e-268
1727          	-2.986656e-268
1728          	-2.090659e-268
1729          	-1.463461e-268
1730          	-1.024423e-268
1731          	-7.170960e-269
1732          	-5.019672e-269
1733          	-3.513770e-269
1734          	-2.459639e-269
1735          	-1.721748e-269
1736          	-1.205223e-269
1737          	-8.436563e-270
1738          	-5.905594e-270
1739          	-4.133916e-270
1740          	-2.893741e-270
1741          	-2.025619e-270
1742          	-1.417933e-270
1743          	-9.925532e-271
1744          	-6.947872e-271
1745          	-4.863511e-271
1746          	-3.404457e-271
1747          	-2.383120e-271
1748          	-1.668184e-271
1749          	-1.167729e-271
1750          	-8.174102e-272
1751          	-5.721872e-272
1752          	-4.005310e-272
1753          	-2.803717e-272
1754          	-1.962602e-272
1755          	-1.373821e-272
1756          	-9.616750e-273
1757          	-6.731725e-273
1758          	-4.712207e-273
