# Region type : patch ent
# Faces  :    38
# Area   :    1.250000e-07
# Time        	areaAverage(p)
0             	0.000000e+00
1             	1.264588e+04
2             	1.115256e+04
3             	6.903648e+03
4             	2.183998e+03
5             	-1.404160e+03
6             	-3.357354e+03
7             	-3.689691e+03
8             	-2.912528e+03
9             	-1.578678e+03
10            	-2.265069e+02
11            	7.736403e+02
12            	1.269173e+03
13            	1.295026e+03
14            	1.001489e+03
15            	5.738709e+02
16            	1.714902e+02
17            	-1.068516e+02
18            	-2.283695e+02
19            	-2.130372e+02
20            	-1.108063e+02
21            	2.129318e+01
22            	1.367497e+02
23            	2.086066e+02
24            	2.311619e+02
25            	2.138240e+02
26            	1.735478e+02
27            	1.281547e+02
28            	9.080064e+01
29            	6.816790e+01
30            	6.101046e+01
31            	6.541085e+01
32            	7.586477e+01
33            	8.700395e+01
34            	9.508357e+01
35            	9.847348e+01
36            	9.730317e+01
37            	9.293020e+01
38            	8.715664e+01
39            	8.158613e+01
40            	7.725968e+01
41            	7.456994e+01
42            	7.333902e+01
43            	7.307497e+01
44            	7.320974e+01
45            	7.326913e+01
46            	7.297900e+01
47            	7.224496e+01
48            	7.113913e+01
49            	6.982404e+01
50            	6.847729e+01
51            	6.723106e+01
52            	6.616217e+01
53            	6.528323e+01
54            	6.455879e+01
55            	6.393315e+01
56            	6.335071e+01
57            	6.276985e+01
58            	6.216877e+01
59            	6.154534e+01
60            	6.091019e+01
61            	6.027938e+01
62            	5.966799e+01
63            	5.908703e+01
64            	5.854129e+01
65            	5.802935e+01
66            	5.754603e+01
67            	5.708459e+01
68            	5.663899e+01
69            	5.620505e+01
70            	5.578099e+01
71            	5.536664e+01
72            	5.496343e+01
73            	5.457253e+01
74            	5.419507e+01
75            	5.383116e+01
76            	5.348083e+01
77            	5.314261e+01
78            	5.281579e+01
79            	5.249975e+01
80            	5.219386e+01
81            	5.189739e+01
82            	5.160992e+01
83            	5.133132e+01
84            	5.106127e+01
85            	5.079951e+01
86            	5.054587e+01
87            	5.030012e+01
88            	5.006205e+01
89            	4.983140e+01
90            	4.960794e+01
91            	4.939145e+01
92            	4.918171e+01
93            	4.897852e+01
94            	4.878172e+01
95            	4.859110e+01
96            	4.840645e+01
97            	4.822758e+01
98            	4.805441e+01
99            	4.788684e+01
100           	4.772459e+01
101           	4.756744e+01
102           	4.741519e+01
103           	4.726794e+01
104           	4.712551e+01
105           	4.698774e+01
106           	4.685455e+01
107           	4.672583e+01
108           	4.660145e+01
109           	4.648128e+01
110           	4.636517e+01
111           	4.625296e+01
112           	4.614451e+01
113           	4.603967e+01
114           	4.593830e+01
115           	4.584024e+01
116           	4.574535e+01
117           	4.565349e+01
118           	4.556454e+01
119           	4.547836e+01
120           	4.539485e+01
121           	4.531389e+01
122           	4.523535e+01
123           	4.515910e+01
124           	4.508502e+01
125           	4.501300e+01
126           	4.494295e+01
127           	4.487483e+01
128           	4.480864e+01
129           	4.474427e+01
130           	4.468161e+01
131           	4.462055e+01
132           	4.456101e+01
133           	4.450289e+01
134           	4.444636e+01
135           	4.439089e+01
136           	4.433649e+01
137           	4.428325e+01
138           	4.423107e+01
139           	4.417992e+01
140           	4.412976e+01
141           	4.408049e+01
142           	4.403202e+01
143           	4.398423e+01
144           	4.393705e+01
145           	4.389039e+01
146           	4.384420e+01
147           	4.379841e+01
148           	4.375298e+01
149           	4.370787e+01
150           	4.366306e+01
151           	4.361851e+01
152           	4.357421e+01
153           	4.353012e+01
154           	4.348620e+01
155           	4.344242e+01
156           	4.339876e+01
157           	4.335522e+01
158           	4.331179e+01
159           	4.326846e+01
160           	4.322523e+01
161           	4.318210e+01
162           	4.313907e+01
163           	4.309614e+01
164           	4.305330e+01
165           	4.301055e+01
166           	4.296788e+01
167           	4.292528e+01
168           	4.288275e+01
169           	4.284030e+01
170           	4.279792e+01
171           	4.275561e+01
172           	4.271337e+01
173           	4.267119e+01
174           	4.262906e+01
175           	4.258697e+01
176           	4.254491e+01
177           	4.250285e+01
178           	4.246079e+01
179           	4.241871e+01
180           	4.237661e+01
181           	4.233447e+01
182           	4.229229e+01
183           	4.225008e+01
184           	4.220782e+01
185           	4.216554e+01
186           	4.212323e+01
187           	4.208089e+01
188           	4.203853e+01
189           	4.199613e+01
190           	4.195370e+01
191           	4.191122e+01
192           	4.186873e+01
193           	4.182620e+01
194           	4.178365e+01
195           	4.174114e+01
196           	4.169866e+01
197           	4.165623e+01
198           	4.161385e+01
199           	4.157151e+01
200           	4.152921e+01
201           	4.148695e+01
202           	4.144478e+01
203           	4.140270e+01
204           	4.136074e+01
205           	4.131893e+01
206           	4.127732e+01
207           	4.123591e+01
208           	4.119475e+01
209           	4.115386e+01
210           	4.111328e+01
211           	4.107306e+01
212           	4.103322e+01
213           	4.099372e+01
214           	4.095455e+01
215           	4.091574e+01
216           	4.087731e+01
217           	4.083929e+01
218           	4.080170e+01
219           	4.076461e+01
220           	4.072808e+01
221           	4.069206e+01
222           	4.065657e+01
223           	4.062168e+01
224           	4.058744e+01
225           	4.055388e+01
226           	4.052100e+01
227           	4.048881e+01
228           	4.045731e+01
229           	4.042650e+01
230           	4.039637e+01
231           	4.036697e+01
232           	4.033831e+01
233           	4.031045e+01
234           	4.028345e+01
235           	4.025735e+01
236           	4.023217e+01
237           	4.020794e+01
238           	4.018468e+01
239           	4.016242e+01
240           	4.014118e+01
241           	4.012096e+01
242           	4.010179e+01
243           	4.008369e+01
244           	4.006668e+01
245           	4.005075e+01
246           	4.003596e+01
247           	4.002229e+01
248           	4.000972e+01
249           	3.999822e+01
250           	3.998778e+01
251           	3.997843e+01
252           	3.997021e+01
253           	3.996311e+01
254           	3.995706e+01
255           	3.995203e+01
256           	3.994805e+01
257           	3.994512e+01
258           	3.994321e+01
259           	3.994234e+01
260           	3.994243e+01
261           	3.994347e+01
262           	3.994540e+01
263           	3.994826e+01
264           	3.995192e+01
265           	3.995634e+01
266           	3.996150e+01
267           	3.996743e+01
268           	3.997403e+01
269           	3.998125e+01
270           	3.998907e+01
271           	3.999744e+01
272           	4.000629e+01
273           	4.001557e+01
274           	4.002521e+01
275           	4.003512e+01
276           	4.004527e+01
277           	4.005560e+01
278           	4.006603e+01
279           	4.007649e+01
280           	4.008694e+01
281           	4.009732e+01
282           	4.010756e+01
283           	4.011761e+01
284           	4.012743e+01
285           	4.013697e+01
286           	4.014616e+01
287           	4.015494e+01
288           	4.016327e+01
289           	4.017106e+01
290           	4.017828e+01
291           	4.018485e+01
292           	4.019079e+01
293           	4.019607e+01
294           	4.020065e+01
295           	4.020449e+01
296           	4.020753e+01
297           	4.020976e+01
298           	4.021102e+01
299           	4.021148e+01
300           	4.021102e+01
301           	4.020969e+01
302           	4.020745e+01
303           	4.020417e+01
304           	4.019990e+01
305           	4.019458e+01
306           	4.018826e+01
307           	4.018093e+01
308           	4.017261e+01
309           	4.016327e+01
310           	4.015289e+01
311           	4.014151e+01
312           	4.012913e+01
313           	4.011580e+01
314           	4.010148e+01
315           	4.008619e+01
316           	4.006998e+01
317           	4.005288e+01
318           	4.003495e+01
319           	4.001622e+01
320           	3.999672e+01
321           	3.997649e+01
322           	3.995558e+01
323           	3.993402e+01
324           	3.991185e+01
325           	3.988909e+01
326           	3.986579e+01
327           	3.984199e+01
328           	3.981771e+01
329           	3.979301e+01
330           	3.976791e+01
331           	3.974247e+01
332           	3.971671e+01
333           	3.969069e+01
334           	3.966444e+01
335           	3.963799e+01
336           	3.961138e+01
337           	3.958464e+01
338           	3.955781e+01
339           	3.953093e+01
340           	3.950405e+01
341           	3.947719e+01
342           	3.945041e+01
343           	3.942373e+01
344           	3.939720e+01
345           	3.937085e+01
346           	3.934473e+01
347           	3.931886e+01
348           	3.929325e+01
349           	3.926796e+01
350           	3.924300e+01
351           	3.921840e+01
352           	3.919419e+01
353           	3.917042e+01
354           	3.914713e+01
355           	3.912435e+01
356           	3.910208e+01
357           	3.908037e+01
358           	3.905923e+01
359           	3.903871e+01
360           	3.901883e+01
361           	3.899961e+01
362           	3.898107e+01
363           	3.896322e+01
364           	3.894610e+01
365           	3.892973e+01
366           	3.891412e+01
367           	3.889929e+01
368           	3.888517e+01
369           	3.887173e+01
370           	3.885926e+01
371           	3.884765e+01
372           	3.883685e+01
373           	3.882682e+01
374           	3.881754e+01
375           	3.880899e+01
376           	3.880116e+01
377           	3.879410e+01
378           	3.878778e+01
379           	3.878222e+01
380           	3.877739e+01
381           	3.877328e+01
382           	3.876984e+01
383           	3.876703e+01
384           	3.876484e+01
385           	3.876322e+01
386           	3.876213e+01
387           	3.876154e+01
388           	3.876140e+01
389           	3.876172e+01
390           	3.876250e+01
391           	3.876376e+01
392           	3.876537e+01
393           	3.876735e+01
394           	3.876963e+01
395           	3.877218e+01
396           	3.877493e+01
397           	3.877785e+01
398           	3.878094e+01
399           	3.878417e+01
400           	3.878750e+01
401           	3.879090e+01
402           	3.879435e+01
403           	3.879783e+01
404           	3.880134e+01
405           	3.880482e+01
406           	3.880825e+01
407           	3.881160e+01
408           	3.881487e+01
409           	3.881803e+01
410           	3.882105e+01
411           	3.882390e+01
412           	3.882660e+01
413           	3.882913e+01
414           	3.883143e+01
415           	3.883354e+01
416           	3.883539e+01
417           	3.883698e+01
418           	3.883833e+01
419           	3.883937e+01
420           	3.884018e+01
421           	3.884071e+01
422           	3.884094e+01
423           	3.884086e+01
424           	3.884047e+01
425           	3.883977e+01
426           	3.883874e+01
427           	3.883740e+01
428           	3.883575e+01
429           	3.883379e+01
430           	3.883154e+01
431           	3.882899e+01
432           	3.882614e+01
433           	3.882298e+01
434           	3.881953e+01
435           	3.881578e+01
436           	3.881174e+01
437           	3.880743e+01
438           	3.880288e+01
439           	3.879809e+01
440           	3.879307e+01
441           	3.878783e+01
442           	3.878241e+01
443           	3.877681e+01
444           	3.877104e+01
445           	3.876515e+01
446           	3.875911e+01
447           	3.875295e+01
448           	3.874670e+01
449           	3.874039e+01
450           	3.873404e+01
451           	3.872767e+01
452           	3.872133e+01
453           	3.871502e+01
454           	3.870878e+01
455           	3.870262e+01
456           	3.869656e+01
457           	3.869064e+01
458           	3.868486e+01
459           	3.867926e+01
460           	3.867382e+01
461           	3.866860e+01
462           	3.866360e+01
463           	3.865883e+01
464           	3.865433e+01
465           	3.865013e+01
466           	3.864621e+01
467           	3.864261e+01
468           	3.863934e+01
469           	3.863638e+01
470           	3.863376e+01
471           	3.863146e+01
472           	3.862951e+01
473           	3.862785e+01
474           	3.862650e+01
475           	3.862547e+01
476           	3.862469e+01
477           	3.862419e+01
478           	3.862397e+01
479           	3.862403e+01
480           	3.862433e+01
481           	3.862488e+01
482           	3.862566e+01
483           	3.862669e+01
484           	3.862793e+01
485           	3.862936e+01
486           	3.863100e+01
487           	3.863281e+01
488           	3.863487e+01
489           	3.863709e+01
490           	3.863946e+01
491           	3.864193e+01
492           	3.864452e+01
493           	3.864723e+01
494           	3.865002e+01
495           	3.865288e+01
496           	3.865585e+01
497           	3.865885e+01
498           	3.866190e+01
499           	3.866497e+01
500           	3.866807e+01
501           	3.867120e+01
502           	3.867432e+01
503           	3.867746e+01
504           	3.868058e+01
505           	3.868367e+01
506           	3.868674e+01
507           	3.868977e+01
508           	3.869278e+01
509           	3.869573e+01
510           	3.869864e+01
511           	3.870149e+01
512           	3.870429e+01
513           	3.870702e+01
514           	3.870969e+01
515           	3.871229e+01
516           	3.871482e+01
517           	3.871728e+01
518           	3.871966e+01
519           	3.872195e+01
520           	3.872415e+01
521           	3.872626e+01
522           	3.872827e+01
523           	3.873018e+01
524           	3.873197e+01
525           	3.873366e+01
526           	3.873524e+01
527           	3.873670e+01
528           	3.873804e+01
529           	3.873925e+01
530           	3.874034e+01
531           	3.874127e+01
532           	3.874207e+01
533           	3.874274e+01
534           	3.874326e+01
535           	3.874363e+01
536           	3.874383e+01
537           	3.874387e+01
538           	3.874374e+01
539           	3.874343e+01
540           	3.874294e+01
541           	3.874227e+01
542           	3.874141e+01
543           	3.874036e+01
544           	3.873912e+01
545           	3.873760e+01
546           	3.873591e+01
547           	3.873404e+01
548           	3.873196e+01
549           	3.872969e+01
550           	3.872720e+01
551           	3.872450e+01
552           	3.872155e+01
553           	3.871836e+01
554           	3.871491e+01
555           	3.871118e+01
556           	3.870721e+01
557           	3.870298e+01
558           	3.869848e+01
559           	3.869373e+01
560           	3.868869e+01
561           	3.868337e+01
562           	3.867768e+01
563           	3.867174e+01
564           	3.866542e+01
565           	3.865886e+01
566           	3.865200e+01
567           	3.864485e+01
568           	3.863736e+01
569           	3.862958e+01
570           	3.862151e+01
571           	3.861313e+01
572           	3.860446e+01
573           	3.859549e+01
574           	3.858624e+01
575           	3.857671e+01
576           	3.856690e+01
577           	3.855683e+01
578           	3.854654e+01
579           	3.853601e+01
580           	3.852525e+01
581           	3.851431e+01
582           	3.850318e+01
583           	3.849191e+01
584           	3.848051e+01
585           	3.846899e+01
586           	3.845738e+01
587           	3.844567e+01
588           	3.843392e+01
589           	3.842214e+01
590           	3.841036e+01
591           	3.839859e+01
592           	3.838685e+01
593           	3.837518e+01
594           	3.836358e+01
595           	3.835208e+01
596           	3.834069e+01
597           	3.832945e+01
598           	3.831836e+01
599           	3.830745e+01
600           	3.829673e+01
601           	3.828622e+01
602           	3.827594e+01
603           	3.826591e+01
604           	3.825612e+01
605           	3.824659e+01
606           	3.823734e+01
607           	3.822836e+01
608           	3.821969e+01
609           	3.821132e+01
610           	3.820328e+01
611           	3.819556e+01
612           	3.818821e+01
613           	3.818119e+01
614           	3.817452e+01
615           	3.816819e+01
616           	3.816222e+01
617           	3.815663e+01
618           	3.815142e+01
619           	3.814663e+01
620           	3.814221e+01
621           	3.813821e+01
622           	3.813457e+01
623           	3.813130e+01
624           	3.812846e+01
625           	3.812599e+01
626           	3.812391e+01
627           	3.812224e+01
628           	3.812092e+01
629           	3.811998e+01
630           	3.811946e+01
631           	3.811930e+01
632           	3.811949e+01
633           	3.812005e+01
634           	3.812096e+01
635           	3.812218e+01
636           	3.812371e+01
637           	3.812555e+01
638           	3.812767e+01
639           	3.813008e+01
640           	3.813275e+01
641           	3.813567e+01
642           	3.813884e+01
643           	3.814221e+01
644           	3.814579e+01
645           	3.814956e+01
646           	3.815351e+01
647           	3.815762e+01
648           	3.816188e+01
649           	3.816625e+01
650           	3.817073e+01
651           	3.817530e+01
652           	3.817995e+01
653           	3.818464e+01
654           	3.818937e+01
655           	3.819411e+01
656           	3.819886e+01
657           	3.820358e+01
658           	3.820827e+01
659           	3.821291e+01
660           	3.821748e+01
661           	3.822196e+01
662           	3.822635e+01
663           	3.823062e+01
664           	3.823475e+01
665           	3.823872e+01
666           	3.824253e+01
667           	3.824619e+01
668           	3.824967e+01
669           	3.825296e+01
670           	3.825601e+01
671           	3.825886e+01
672           	3.826147e+01
673           	3.826386e+01
674           	3.826597e+01
675           	3.826788e+01
676           	3.826951e+01
677           	3.827087e+01
678           	3.827194e+01
679           	3.827273e+01
680           	3.827321e+01
681           	3.827341e+01
682           	3.827327e+01
683           	3.827289e+01
684           	3.827229e+01
685           	3.827141e+01
686           	3.827025e+01
687           	3.826879e+01
688           	3.826702e+01
689           	3.826500e+01
690           	3.826269e+01
691           	3.826013e+01
692           	3.825733e+01
693           	3.825428e+01
694           	3.825098e+01
695           	3.824745e+01
696           	3.824371e+01
697           	3.823976e+01
698           	3.823564e+01
699           	3.823134e+01
700           	3.822689e+01
701           	3.822227e+01
702           	3.821751e+01
703           	3.821261e+01
704           	3.820758e+01
705           	3.820247e+01
706           	3.819730e+01
707           	3.819205e+01
708           	3.818676e+01
709           	3.818141e+01
710           	3.817604e+01
711           	3.817064e+01
712           	3.816520e+01
713           	3.815976e+01
714           	3.815434e+01
715           	3.814897e+01
716           	3.814364e+01
717           	3.813839e+01
718           	3.813321e+01
719           	3.812812e+01
720           	3.812311e+01
721           	3.811821e+01
722           	3.811342e+01
723           	3.810874e+01
724           	3.810420e+01
725           	3.809980e+01
726           	3.809556e+01
727           	3.809147e+01
728           	3.808750e+01
729           	3.808368e+01
730           	3.808000e+01
731           	3.807648e+01
732           	3.807314e+01
733           	3.806997e+01
734           	3.806699e+01
735           	3.806419e+01
736           	3.806156e+01
737           	3.805909e+01
738           	3.805677e+01
739           	3.805460e+01
740           	3.805259e+01
741           	3.805075e+01
742           	3.804906e+01
743           	3.804754e+01
744           	3.804617e+01
745           	3.804494e+01
746           	3.804385e+01
747           	3.804288e+01
748           	3.804201e+01
749           	3.804126e+01
750           	3.804060e+01
751           	3.804003e+01
752           	3.803956e+01
753           	3.803916e+01
754           	3.803885e+01
755           	3.803858e+01
756           	3.803836e+01
757           	3.803817e+01
758           	3.803799e+01
759           	3.803782e+01
760           	3.803766e+01
761           	3.803747e+01
762           	3.803727e+01
763           	3.803705e+01
764           	3.803679e+01
765           	3.803648e+01
766           	3.803610e+01
767           	3.803564e+01
768           	3.803509e+01
769           	3.803442e+01
770           	3.803369e+01
771           	3.803283e+01
772           	3.803182e+01
773           	3.803068e+01
774           	3.802941e+01
775           	3.802801e+01
776           	3.802647e+01
777           	3.802477e+01
778           	3.802290e+01
779           	3.802086e+01
780           	3.801864e+01
781           	3.801625e+01
782           	3.801365e+01
783           	3.801085e+01
784           	3.800786e+01
785           	3.800467e+01
786           	3.800129e+01
787           	3.799772e+01
788           	3.799396e+01
789           	3.798999e+01
790           	3.798581e+01
791           	3.798143e+01
792           	3.797683e+01
793           	3.797203e+01
794           	3.796695e+01
795           	3.796173e+01
796           	3.795637e+01
797           	3.795085e+01
798           	3.794517e+01
799           	3.793931e+01
800           	3.793326e+01
801           	3.792705e+01
802           	3.792065e+01
803           	3.791408e+01
804           	3.790734e+01
805           	3.790044e+01
806           	3.789342e+01
807           	3.788626e+01
808           	3.787899e+01
809           	3.787161e+01
810           	3.786413e+01
811           	3.785655e+01
812           	3.784888e+01
813           	3.784113e+01
814           	3.783331e+01
815           	3.782542e+01
816           	3.781745e+01
817           	3.780943e+01
818           	3.780136e+01
819           	3.779326e+01
820           	3.778513e+01
821           	3.777699e+01
822           	3.776886e+01
823           	3.776073e+01
824           	3.775262e+01
825           	3.774455e+01
826           	3.773651e+01
827           	3.772852e+01
828           	3.772060e+01
829           	3.771278e+01
830           	3.770506e+01
831           	3.769745e+01
832           	3.768995e+01
833           	3.768257e+01
834           	3.767533e+01
835           	3.766823e+01
836           	3.766129e+01
837           	3.765452e+01
838           	3.764796e+01
839           	3.764160e+01
840           	3.763545e+01
841           	3.762954e+01
842           	3.762388e+01
843           	3.761848e+01
844           	3.761334e+01
845           	3.760847e+01
846           	3.760388e+01
847           	3.759957e+01
848           	3.759556e+01
849           	3.759185e+01
850           	3.758846e+01
851           	3.758540e+01
852           	3.758264e+01
853           	3.758022e+01
854           	3.757811e+01
855           	3.757634e+01
856           	3.757496e+01
857           	3.757395e+01
858           	3.757331e+01
859           	3.757305e+01
860           	3.757314e+01
861           	3.757357e+01
862           	3.757434e+01
863           	3.757546e+01
864           	3.757692e+01
865           	3.757872e+01
866           	3.758087e+01
867           	3.758337e+01
868           	3.758618e+01
869           	3.758931e+01
870           	3.759274e+01
871           	3.759646e+01
872           	3.760046e+01
873           	3.760473e+01
874           	3.760925e+01
875           	3.761401e+01
876           	3.761901e+01
877           	3.762422e+01
878           	3.762963e+01
879           	3.763522e+01
880           	3.764097e+01
881           	3.764687e+01
882           	3.765290e+01
883           	3.765904e+01
884           	3.766526e+01
885           	3.767156e+01
886           	3.767790e+01
887           	3.768428e+01
888           	3.769067e+01
889           	3.769705e+01
890           	3.770340e+01
891           	3.770971e+01
892           	3.771596e+01
893           	3.772213e+01
894           	3.772819e+01
895           	3.773413e+01
896           	3.773993e+01
897           	3.774558e+01
898           	3.775106e+01
899           	3.775635e+01
900           	3.776144e+01
901           	3.776631e+01
902           	3.777095e+01
903           	3.777533e+01
904           	3.777945e+01
905           	3.778328e+01
906           	3.778682e+01
907           	3.778999e+01
908           	3.779291e+01
909           	3.779557e+01
910           	3.779794e+01
911           	3.779999e+01
912           	3.780169e+01
913           	3.780304e+01
914           	3.780401e+01
915           	3.780462e+01
916           	3.780491e+01
917           	3.780484e+01
918           	3.780441e+01
919           	3.780363e+01
920           	3.780249e+01
921           	3.780098e+01
922           	3.779912e+01
923           	3.779692e+01
924           	3.779438e+01
925           	3.779151e+01
926           	3.778832e+01
927           	3.778480e+01
928           	3.778101e+01
929           	3.777688e+01
930           	3.777244e+01
931           	3.776763e+01
932           	3.776256e+01
933           	3.775723e+01
934           	3.775166e+01
935           	3.774584e+01
936           	3.773978e+01
937           	3.773349e+01
938           	3.772696e+01
939           	3.772022e+01
940           	3.771326e+01
941           	3.770611e+01
942           	3.769881e+01
943           	3.769136e+01
944           	3.768375e+01
945           	3.767600e+01
946           	3.766810e+01
947           	3.766005e+01
948           	3.765187e+01
949           	3.764357e+01
950           	3.763516e+01
951           	3.762666e+01
952           	3.761810e+01
953           	3.760949e+01
954           	3.760084e+01
955           	3.759215e+01
956           	3.758343e+01
957           	3.757467e+01
958           	3.756589e+01
959           	3.755711e+01
960           	3.754834e+01
961           	3.753959e+01
962           	3.753087e+01
963           	3.752220e+01
964           	3.751359e+01
965           	3.750504e+01
966           	3.749657e+01
967           	3.748817e+01
968           	3.747988e+01
969           	3.747170e+01
970           	3.746364e+01
971           	3.745571e+01
972           	3.744793e+01
973           	3.744030e+01
974           	3.743283e+01
975           	3.742553e+01
976           	3.741841e+01
977           	3.741149e+01
978           	3.740494e+01
979           	3.739850e+01
980           	3.739218e+01
981           	3.738603e+01
982           	3.738009e+01
983           	3.737440e+01
984           	3.736897e+01
985           	3.736382e+01
986           	3.735894e+01
987           	3.735414e+01
988           	3.734970e+01
989           	3.734560e+01
990           	3.734179e+01
991           	3.733825e+01
992           	3.733495e+01
993           	3.733187e+01
994           	3.732902e+01
995           	3.732640e+01
996           	3.732404e+01
997           	3.732183e+01
998           	3.731995e+01
999           	3.731839e+01
1000          	3.731710e+01
1001          	3.731607e+01
1002          	3.731530e+01
1003          	3.731475e+01
1004          	3.731443e+01
1005          	3.731432e+01
1006          	3.731444e+01
1007          	3.731479e+01
1008          	3.731536e+01
1009          	3.731615e+01
1010          	3.731717e+01
1011          	3.731840e+01
1012          	3.731981e+01
1013          	3.732141e+01
1014          	3.732320e+01
1015          	3.732516e+01
1016          	3.732730e+01
1017          	3.732960e+01
1018          	3.733207e+01
1019          	3.733467e+01
1020          	3.733737e+01
1021          	3.734021e+01
1022          	3.734320e+01
1023          	3.734631e+01
1024          	3.734953e+01
1025          	3.735290e+01
1026          	3.735631e+01
1027          	3.735975e+01
1028          	3.736323e+01
1029          	3.736676e+01
1030          	3.737033e+01
1031          	3.737394e+01
1032          	3.737758e+01
1033          	3.738124e+01
1034          	3.738494e+01
1035          	3.738863e+01
1036          	3.739232e+01
1037          	3.739598e+01
1038          	3.739960e+01
1039          	3.740318e+01
1040          	3.740671e+01
1041          	3.741018e+01
1042          	3.741359e+01
1043          	3.741692e+01
1044          	3.742018e+01
1045          	3.742334e+01
1046          	3.742641e+01
1047          	3.742937e+01
1048          	3.743222e+01
1049          	3.743495e+01
1050          	3.743744e+01
1051          	3.743986e+01
1052          	3.744218e+01
1053          	3.744438e+01
1054          	3.744644e+01
1055          	3.744833e+01
1056          	3.745004e+01
1057          	3.745157e+01
1058          	3.745290e+01
1059          	3.745405e+01
1060          	3.745500e+01
1061          	3.745576e+01
1062          	3.745633e+01
1063          	3.745676e+01
1064          	3.745695e+01
1065          	3.745691e+01
1066          	3.745668e+01
1067          	3.745622e+01
1068          	3.745554e+01
1069          	3.745463e+01
1070          	3.745352e+01
1071          	3.745219e+01
1072          	3.745063e+01
1073          	3.744880e+01
1074          	3.744678e+01
1075          	3.744457e+01
1076          	3.744214e+01
1077          	3.743948e+01
1078          	3.743659e+01
1079          	3.743349e+01
1080          	3.743019e+01
1081          	3.742667e+01
1082          	3.742291e+01
1083          	3.741893e+01
1084          	3.741469e+01
1085          	3.741025e+01
1086          	3.740563e+01
1087          	3.740081e+01
1088          	3.739580e+01
1089          	3.739059e+01
1090          	3.738519e+01
1091          	3.737955e+01
1092          	3.737375e+01
1093          	3.736777e+01
1094          	3.736164e+01
1095          	3.735535e+01
1096          	3.734890e+01
1097          	3.734229e+01
1098          	3.733553e+01
1099          	3.732861e+01
1100          	3.732156e+01
1101          	3.731437e+01
1102          	3.730708e+01
1103          	3.729968e+01
1104          	3.729213e+01
1105          	3.728453e+01
1106          	3.727687e+01
1107          	3.726915e+01
1108          	3.726138e+01
1109          	3.725355e+01
1110          	3.724567e+01
1111          	3.723774e+01
1112          	3.722978e+01
1113          	3.722179e+01
1114          	3.721379e+01
1115          	3.720579e+01
1116          	3.719780e+01
1117          	3.718983e+01
1118          	3.718189e+01
1119          	3.717400e+01
1120          	3.716615e+01
1121          	3.715836e+01
1122          	3.715064e+01
1123          	3.714316e+01
1124          	3.713567e+01
1125          	3.712820e+01
1126          	3.712078e+01
1127          	3.711328e+01
1128          	3.710601e+01
1129          	3.709897e+01
1130          	3.709213e+01
1131          	3.708546e+01
1132          	3.707893e+01
1133          	3.707253e+01
1134          	3.706627e+01
1135          	3.706016e+01
1136          	3.705420e+01
1137          	3.704842e+01
1138          	3.704283e+01
1139          	3.703744e+01
1140          	3.703224e+01
1141          	3.702725e+01
1142          	3.702247e+01
1143          	3.701791e+01
1144          	3.701357e+01
1145          	3.700943e+01
1146          	3.700552e+01
1147          	3.700182e+01
1148          	3.699835e+01
1149          	3.699509e+01
1150          	3.699206e+01
1151          	3.698925e+01
1152          	3.698665e+01
1153          	3.698428e+01
1154          	3.698211e+01
1155          	3.698017e+01
1156          	3.697829e+01
1157          	3.697671e+01
1158          	3.697542e+01
1159          	3.697441e+01
1160          	3.697363e+01
1161          	3.697307e+01
1162          	3.697267e+01
1163          	3.697243e+01
1164          	3.697235e+01
1165          	3.697243e+01
1166          	3.697268e+01
1167          	3.697311e+01
1168          	3.697372e+01
1169          	3.697451e+01
1170          	3.697547e+01
1171          	3.697658e+01
1172          	3.697782e+01
1173          	3.697920e+01
1174          	3.698068e+01
1175          	3.698227e+01
1176          	3.698396e+01
1177          	3.698575e+01
1178          	3.698764e+01
1179          	3.698964e+01
1180          	3.699172e+01
1181          	3.699390e+01
1182          	3.699616e+01
1183          	3.699848e+01
1184          	3.700087e+01
1185          	3.700330e+01
1186          	3.700577e+01
1187          	3.700829e+01
1188          	3.701083e+01
1189          	3.701340e+01
1190          	3.701600e+01
1191          	3.701861e+01
1192          	3.702123e+01
1193          	3.702385e+01
1194          	3.702648e+01
1195          	3.702911e+01
1196          	3.703174e+01
1197          	3.703440e+01
1198          	3.703703e+01
1199          	3.703960e+01
1200          	3.704214e+01
1201          	3.704470e+01
1202          	3.704722e+01
1203          	3.704969e+01
1204          	3.705212e+01
1205          	3.705451e+01
1206          	3.705685e+01
1207          	3.705914e+01
1208          	3.706138e+01
1209          	3.706357e+01
1210          	3.706569e+01
1211          	3.706775e+01
1212          	3.706975e+01
1213          	3.707169e+01
1214          	3.707336e+01
1215          	3.707507e+01
1216          	3.707681e+01
1217          	3.707853e+01
1218          	3.708020e+01
1219          	3.708176e+01
1220          	3.708321e+01
1221          	3.708474e+01
1222          	3.708602e+01
1223          	3.708708e+01
1224          	3.708801e+01
1225          	3.708884e+01
1226          	3.708961e+01
1227          	3.709032e+01
1228          	3.709097e+01
1229          	3.709156e+01
1230          	3.709206e+01
1231          	3.709250e+01
1232          	3.709278e+01
1233          	3.709290e+01
1234          	3.709290e+01
1235          	3.709274e+01
1236          	3.709249e+01
1237          	3.709213e+01
1238          	3.709168e+01
1239          	3.709119e+01
1240          	3.709055e+01
1241          	3.708976e+01
1242          	3.708884e+01
1243          	3.708780e+01
1244          	3.708663e+01
1245          	3.708536e+01
1246          	3.708399e+01
1247          	3.708250e+01
1248          	3.708091e+01
1249          	3.707921e+01
1250          	3.707741e+01
1251          	3.707549e+01
1252          	3.707346e+01
1253          	3.707132e+01
1254          	3.706908e+01
1255          	3.706673e+01
1256          	3.706429e+01
1257          	3.706175e+01
1258          	3.705912e+01
1259          	3.705640e+01
1260          	3.705360e+01
1261          	3.705072e+01
1262          	3.704776e+01
1263          	3.704474e+01
1264          	3.704165e+01
1265          	3.703849e+01
1266          	3.703526e+01
1267          	3.703197e+01
1268          	3.702863e+01
1269          	3.702523e+01
1270          	3.702178e+01
1271          	3.701830e+01
1272          	3.701479e+01
1273          	3.701124e+01
1274          	3.700767e+01
1275          	3.700409e+01
1276          	3.700048e+01
1277          	3.699686e+01
1278          	3.699323e+01
1279          	3.698960e+01
1280          	3.698596e+01
1281          	3.698234e+01
1282          	3.697872e+01
1283          	3.697511e+01
1284          	3.697152e+01
1285          	3.696795e+01
1286          	3.696441e+01
1287          	3.696089e+01
1288          	3.695742e+01
1289          	3.695415e+01
1290          	3.695082e+01
1291          	3.694745e+01
1292          	3.694404e+01
1293          	3.694064e+01
1294          	3.693728e+01
1295          	3.693395e+01
1296          	3.693072e+01
1297          	3.692761e+01
1298          	3.692458e+01
1299          	3.692160e+01
1300          	3.691863e+01
1301          	3.691568e+01
1302          	3.691273e+01
1303          	3.690979e+01
1304          	3.690688e+01
1305          	3.690399e+01
1306          	3.690114e+01
1307          	3.689834e+01
1308          	3.689558e+01
1309          	3.689285e+01
1310          	3.689015e+01
1311          	3.688747e+01
1312          	3.688483e+01
1313          	3.688221e+01
1314          	3.687961e+01
1315          	3.687702e+01
1316          	3.687445e+01
1317          	3.687189e+01
1318          	3.686927e+01
1319          	3.686668e+01
1320          	3.686412e+01
1321          	3.686157e+01
1322          	3.685903e+01
1323          	3.685648e+01
1324          	3.685392e+01
1325          	3.685134e+01
1326          	3.684873e+01
1327          	3.684610e+01
1328          	3.684343e+01
1329          	3.684075e+01
1330          	3.683803e+01
1331          	3.683528e+01
1332          	3.683251e+01
1333          	3.682970e+01
1334          	3.682685e+01
1335          	3.682397e+01
1336          	3.682105e+01
1337          	3.681808e+01
1338          	3.681508e+01
1339          	3.681203e+01
1340          	3.680896e+01
1341          	3.680584e+01
1342          	3.680270e+01
1343          	3.679953e+01
1344          	3.679633e+01
1345          	3.679311e+01
1346          	3.678987e+01
1347          	3.678662e+01
1348          	3.678334e+01
1349          	3.678007e+01
1350          	3.677679e+01
1351          	3.677352e+01
1352          	3.677026e+01
1353          	3.676702e+01
1354          	3.676380e+01
1355          	3.676061e+01
1356          	3.675747e+01
1357          	3.675438e+01
1358          	3.675135e+01
1359          	3.674838e+01
1360          	3.674549e+01
1361          	3.674268e+01
1362          	3.673995e+01
1363          	3.673732e+01
1364          	3.673480e+01
1365          	3.673240e+01
1366          	3.673012e+01
1367          	3.672790e+01
1368          	3.672590e+01
1369          	3.672397e+01
1370          	3.672219e+01
1371          	3.672058e+01
1372          	3.671914e+01
1373          	3.671787e+01
1374          	3.671677e+01
1375          	3.671582e+01
1376          	3.671509e+01
1377          	3.671451e+01
1378          	3.671409e+01
1379          	3.671382e+01
1380          	3.671369e+01
1381          	3.671373e+01
1382          	3.671396e+01
1383          	3.671439e+01
1384          	3.671501e+01
1385          	3.671582e+01
1386          	3.671681e+01
1387          	3.671799e+01
1388          	3.671933e+01
1389          	3.672086e+01
1390          	3.672255e+01
1391          	3.672441e+01
1392          	3.672644e+01
1393          	3.672863e+01
1394          	3.673098e+01
1395          	3.673349e+01
1396          	3.673616e+01
1397          	3.673898e+01
1398          	3.674196e+01
1399          	3.674508e+01
1400          	3.674834e+01
1401          	3.675173e+01
1402          	3.675525e+01
1403          	3.675890e+01
1404          	3.676266e+01
1405          	3.676654e+01
1406          	3.677052e+01
1407          	3.677459e+01
1408          	3.677876e+01
1409          	3.678301e+01
1410          	3.678732e+01
1411          	3.679171e+01
1412          	3.679615e+01
1413          	3.680064e+01
1414          	3.680517e+01
1415          	3.680972e+01
1416          	3.681429e+01
1417          	3.681887e+01
1418          	3.682345e+01
1419          	3.682802e+01
1420          	3.683257e+01
1421          	3.683708e+01
1422          	3.684155e+01
1423          	3.684596e+01
1424          	3.685031e+01
1425          	3.685459e+01
1426          	3.685877e+01
1427          	3.686286e+01
1428          	3.686684e+01
1429          	3.687070e+01
1430          	3.687443e+01
1431          	3.687802e+01
1432          	3.688146e+01
1433          	3.688474e+01
1434          	3.688784e+01
1435          	3.689077e+01
1436          	3.689351e+01
1437          	3.689605e+01
1438          	3.689838e+01
1439          	3.690049e+01
1440          	3.690238e+01
1441          	3.690403e+01
1442          	3.690545e+01
1443          	3.690663e+01
1444          	3.690756e+01
1445          	3.690823e+01
1446          	3.690863e+01
1447          	3.690877e+01
1448          	3.690863e+01
1449          	3.690822e+01
1450          	3.690753e+01
1451          	3.690655e+01
1452          	3.690530e+01
1453          	3.690377e+01
1454          	3.690195e+01
1455          	3.689986e+01
1456          	3.689748e+01
1457          	3.689480e+01
1458          	3.689183e+01
1459          	3.688861e+01
1460          	3.688512e+01
1461          	3.688137e+01
1462          	3.687736e+01
1463          	3.687310e+01
1464          	3.686858e+01
1465          	3.686381e+01
1466          	3.685879e+01
1467          	3.685353e+01
1468          	3.684802e+01
1469          	3.684229e+01
1470          	3.683634e+01
1471          	3.683017e+01
1472          	3.682381e+01
1473          	3.681726e+01
1474          	3.681051e+01
1475          	3.680360e+01
1476          	3.679652e+01
1477          	3.678929e+01
1478          	3.678191e+01
1479          	3.677440e+01
1480          	3.676677e+01
1481          	3.675904e+01
1482          	3.675121e+01
1483          	3.674330e+01
1484          	3.673532e+01
1485          	3.672728e+01
1486          	3.671921e+01
1487          	3.671110e+01
1488          	3.670298e+01
1489          	3.669486e+01
1490          	3.668676e+01
1491          	3.667877e+01
1492          	3.667078e+01
1493          	3.666280e+01
1494          	3.665487e+01
1495          	3.664702e+01
1496          	3.663929e+01
1497          	3.663169e+01
1498          	3.662424e+01
1499          	3.661695e+01
1500          	3.660983e+01
1501          	3.660289e+01
1502          	3.659614e+01
1503          	3.658958e+01
1504          	3.658323e+01
1505          	3.657711e+01
1506          	3.657119e+01
1507          	3.656555e+01
1508          	3.656020e+01
1509          	3.655513e+01
1510          	3.655034e+01
1511          	3.654584e+01
1512          	3.654163e+01
1513          	3.653772e+01
1514          	3.653412e+01
1515          	3.653083e+01
1516          	3.652788e+01
1517          	3.652526e+01
1518          	3.652298e+01
1519          	3.652102e+01
1520          	3.651940e+01
1521          	3.651812e+01
1522          	3.651718e+01
1523          	3.651661e+01
1524          	3.651638e+01
1525          	3.651648e+01
1526          	3.651694e+01
1527          	3.651774e+01
1528          	3.651885e+01
1529          	3.652026e+01
1530          	3.652204e+01
1531          	3.652414e+01
1532          	3.652655e+01
1533          	3.652925e+01
1534          	3.653215e+01
1535          	3.653538e+01
1536          	3.653893e+01
1537          	3.654278e+01
1538          	3.654691e+01
1539          	3.655130e+01
1540          	3.655592e+01
1541          	3.656077e+01
1542          	3.656583e+01
1543          	3.657110e+01
1544          	3.657657e+01
1545          	3.658223e+01
1546          	3.658807e+01
1547          	3.659408e+01
1548          	3.660025e+01
1549          	3.660656e+01
1550          	3.661301e+01
1551          	3.661958e+01
1552          	3.662625e+01
1553          	3.663301e+01
1554          	3.663985e+01
1555          	3.664676e+01
1556          	3.665372e+01
1557          	3.666073e+01
1558          	3.666784e+01
1559          	3.667491e+01
1560          	3.668192e+01
1561          	3.668888e+01
1562          	3.669582e+01
1563          	3.670273e+01
1564          	3.670962e+01
1565          	3.671646e+01
1566          	3.672325e+01
1567          	3.672995e+01
1568          	3.673658e+01
1569          	3.674307e+01
1570          	3.674939e+01
1571          	3.675552e+01
1572          	3.676151e+01
1573          	3.676736e+01
1574          	3.677306e+01
1575          	3.677861e+01
1576          	3.678397e+01
1577          	3.678910e+01
1578          	3.679401e+01
1579          	3.679870e+01
1580          	3.680315e+01
1581          	3.680735e+01
1582          	3.681115e+01
1583          	3.681478e+01
1584          	3.681823e+01
1585          	3.682146e+01
1586          	3.682443e+01
1587          	3.682723e+01
1588          	3.682966e+01
1589          	3.683176e+01
1590          	3.683349e+01
1591          	3.683487e+01
1592          	3.683592e+01
1593          	3.683669e+01
1594          	3.683721e+01
1595          	3.683746e+01
1596          	3.683742e+01
1597          	3.683705e+01
1598          	3.683635e+01
1599          	3.683533e+01
1600          	3.683396e+01
1601          	3.683227e+01
1602          	3.683024e+01
1603          	3.682794e+01
1604          	3.682538e+01
1605          	3.682252e+01
1606          	3.681939e+01
1607          	3.681597e+01
1608          	3.681226e+01
1609          	3.680837e+01
1610          	3.680416e+01
1611          	3.679964e+01
1612          	3.679476e+01
1613          	3.678968e+01
1614          	3.678442e+01
1615          	3.677895e+01
1616          	3.677330e+01
1617          	3.676752e+01
1618          	3.676151e+01
1619          	3.675528e+01
1620          	3.674885e+01
1621          	3.674225e+01
1622          	3.673549e+01
1623          	3.672862e+01
1624          	3.672164e+01
1625          	3.671447e+01
1626          	3.670728e+01
1627          	3.670008e+01
1628          	3.669285e+01
1629          	3.668557e+01
1630          	3.667825e+01
1631          	3.667089e+01
1632          	3.666349e+01
1633          	3.665610e+01
1634          	3.664872e+01
1635          	3.664151e+01
1636          	3.663429e+01
1637          	3.662708e+01
1638          	3.661991e+01
1639          	3.661274e+01
1640          	3.660574e+01
1641          	3.659891e+01
1642          	3.659226e+01
1643          	3.658578e+01
1644          	3.657943e+01
1645          	3.657333e+01
1646          	3.656734e+01
1647          	3.656146e+01
1648          	3.655574e+01
1649          	3.655019e+01
1650          	3.654486e+01
1651          	3.653966e+01
1652          	3.653476e+01
1653          	3.653016e+01
1654          	3.652584e+01
1655          	3.652177e+01
1656          	3.651792e+01
1657          	3.651428e+01
1658          	3.651098e+01
1659          	3.650785e+01
1660          	3.650489e+01
1661          	3.650202e+01
1662          	3.649948e+01
1663          	3.649722e+01
1664          	3.649528e+01
1665          	3.649360e+01
1666          	3.649219e+01
1667          	3.649104e+01
1668          	3.649011e+01
1669          	3.648939e+01
1670          	3.648889e+01
1671          	3.648858e+01
1672          	3.648846e+01
1673          	3.648852e+01
1674          	3.648876e+01
1675          	3.648923e+01
1676          	3.648990e+01
1677          	3.649078e+01
1678          	3.649186e+01
1679          	3.649312e+01
1680          	3.649454e+01
1681          	3.649611e+01
1682          	3.649780e+01
1683          	3.649960e+01
1684          	3.650153e+01
1685          	3.650358e+01
1686          	3.650575e+01
1687          	3.650802e+01
1688          	3.651040e+01
1689          	3.651287e+01
1690          	3.651542e+01
1691          	3.651803e+01
1692          	3.652069e+01
1693          	3.652341e+01
1694          	3.652618e+01
1695          	3.652901e+01
1696          	3.653187e+01
1697          	3.653477e+01
1698          	3.653769e+01
1699          	3.654063e+01
1700          	3.654357e+01
1701          	3.654653e+01
1702          	3.654949e+01
1703          	3.655244e+01
1704          	3.655539e+01
1705          	3.655833e+01
1706          	3.656124e+01
1707          	3.656413e+01
1708          	3.656697e+01
1709          	3.656979e+01
1710          	3.657258e+01
1711          	3.657533e+01
1712          	3.657803e+01
1713          	3.658068e+01
1714          	3.658327e+01
1715          	3.658579e+01
1716          	3.658825e+01
1717          	3.659064e+01
1718          	3.659297e+01
1719          	3.659523e+01
1720          	3.659742e+01
1721          	3.659953e+01
1722          	3.660156e+01
1723          	3.660351e+01
1724          	3.660537e+01
1725          	3.660714e+01
1726          	3.660882e+01
1727          	3.661042e+01
1728          	3.661193e+01
1729          	3.661335e+01
1730          	3.661459e+01
1731          	3.661576e+01
1732          	3.661687e+01
1733          	3.661790e+01
1734          	3.661883e+01
1735          	3.661965e+01
1736          	3.662044e+01
1737          	3.662109e+01
1738          	3.662155e+01
1739          	3.662189e+01
1740          	3.662214e+01
1741          	3.662224e+01
1742          	3.662227e+01
1743          	3.662220e+01
1744          	3.662201e+01
1745          	3.662174e+01
1746          	3.662138e+01
1747          	3.662092e+01
1748          	3.662036e+01
1749          	3.661968e+01
1750          	3.661889e+01
1751          	3.661799e+01
1752          	3.661698e+01
1753          	3.661588e+01
1754          	3.661470e+01
1755          	3.661343e+01
1756          	3.661209e+01
1757          	3.661066e+01
1758          	3.660916e+01
1759          	3.660757e+01
1760          	3.660591e+01
1761          	3.660417e+01
1762          	3.660237e+01
1763          	3.660050e+01
1764          	3.659858e+01
1765          	3.659661e+01
1766          	3.659459e+01
1767          	3.659253e+01
1768          	3.659043e+01
1769          	3.658830e+01
1770          	3.658614e+01
1771          	3.658396e+01
1772          	3.658176e+01
1773          	3.657955e+01
1774          	3.657731e+01
1775          	3.657508e+01
1776          	3.657287e+01
1777          	3.657067e+01
1778          	3.656849e+01
1779          	3.656632e+01
1780          	3.656419e+01
1781          	3.656207e+01
1782          	3.656000e+01
1783          	3.655796e+01
1784          	3.655597e+01
1785          	3.655402e+01
1786          	3.655214e+01
1787          	3.655031e+01
1788          	3.654855e+01
1789          	3.654686e+01
1790          	3.654524e+01
1791          	3.654370e+01
1792          	3.654224e+01
1793          	3.654086e+01
1794          	3.653957e+01
1795          	3.653837e+01
1796          	3.653732e+01
1797          	3.653634e+01
1798          	3.653542e+01
1799          	3.653458e+01
1800          	3.653383e+01
1801          	3.653320e+01
1802          	3.653267e+01
1803          	3.653226e+01
1804          	3.653196e+01
1805          	3.653176e+01
1806          	3.653169e+01
1807          	3.653174e+01
1808          	3.653191e+01
1809          	3.653221e+01
1810          	3.653258e+01
1811          	3.653306e+01
1812          	3.653363e+01
1813          	3.653429e+01
1814          	3.653505e+01
1815          	3.653591e+01
1816          	3.653688e+01
1817          	3.653795e+01
1818          	3.653912e+01
1819          	3.654037e+01
1820          	3.654170e+01
1821          	3.654311e+01
1822          	3.654458e+01
1823          	3.654612e+01
1824          	3.654773e+01
1825          	3.654940e+01
1826          	3.655113e+01
1827          	3.655292e+01
1828          	3.655476e+01
1829          	3.655664e+01
1830          	3.655856e+01
1831          	3.656052e+01
1832          	3.656250e+01
1833          	3.656451e+01
1834          	3.656653e+01
1835          	3.656858e+01
1836          	3.657064e+01
1837          	3.657269e+01
1838          	3.657473e+01
1839          	3.657676e+01
1840          	3.657878e+01
1841          	3.658079e+01
1842          	3.658278e+01
1843          	3.658474e+01
1844          	3.658667e+01
1845          	3.658857e+01
1846          	3.659043e+01
1847          	3.659224e+01
1848          	3.659400e+01
1849          	3.659571e+01
1850          	3.659736e+01
1851          	3.659895e+01
1852          	3.660047e+01
1853          	3.660193e+01
1854          	3.660331e+01
1855          	3.660461e+01
1856          	3.660584e+01
1857          	3.660699e+01
1858          	3.660805e+01
1859          	3.660903e+01
1860          	3.660991e+01
1861          	3.661070e+01
1862          	3.661140e+01
1863          	3.661200e+01
1864          	3.661250e+01
1865          	3.661291e+01
1866          	3.661320e+01
1867          	3.661339e+01
1868          	3.661348e+01
1869          	3.661346e+01
1870          	3.661333e+01
1871          	3.661310e+01
1872          	3.661275e+01
1873          	3.661229e+01
1874          	3.661173e+01
1875          	3.661106e+01
1876          	3.661028e+01
1877          	3.660939e+01
1878          	3.660841e+01
1879          	3.660732e+01
1880          	3.660612e+01
1881          	3.660482e+01
1882          	3.660341e+01
1883          	3.660191e+01
1884          	3.660029e+01
1885          	3.659859e+01
1886          	3.659679e+01
1887          	3.659490e+01
1888          	3.659293e+01
1889          	3.659088e+01
1890          	3.658875e+01
1891          	3.658653e+01
1892          	3.658421e+01
1893          	3.658184e+01
1894          	3.657942e+01
1895          	3.657694e+01
1896          	3.657440e+01
1897          	3.657181e+01
1898          	3.656916e+01
1899          	3.656645e+01
1900          	3.656370e+01
1901          	3.656091e+01
1902          	3.655809e+01
1903          	3.655524e+01
1904          	3.655237e+01
1905          	3.654948e+01
1906          	3.654658e+01
1907          	3.654368e+01
1908          	3.654077e+01
1909          	3.653786e+01
1910          	3.653496e+01
1911          	3.653206e+01
1912          	3.652919e+01
1913          	3.652634e+01
1914          	3.652351e+01
1915          	3.652072e+01
1916          	3.651796e+01
1917          	3.651525e+01
1918          	3.651258e+01
1919          	3.650996e+01
1920          	3.650740e+01
1921          	3.650491e+01
1922          	3.650248e+01
1923          	3.650011e+01
1924          	3.649781e+01
1925          	3.649559e+01
1926          	3.649345e+01
1927          	3.649140e+01
1928          	3.648944e+01
1929          	3.648757e+01
1930          	3.648580e+01
1931          	3.648412e+01
1932          	3.648254e+01
1933          	3.648107e+01
1934          	3.647970e+01
1935          	3.647843e+01
1936          	3.647728e+01
1937          	3.647623e+01
1938          	3.647531e+01
1939          	3.647449e+01
1940          	3.647378e+01
1941          	3.647318e+01
1942          	3.647270e+01
1943          	3.647233e+01
1944          	3.647209e+01
1945          	3.647197e+01
1946          	3.647198e+01
1947          	3.647210e+01
1948          	3.647234e+01
1949          	3.647267e+01
1950          	3.647315e+01
1951          	3.647373e+01
1952          	3.647440e+01
1953          	3.647517e+01
1954          	3.647604e+01
1955          	3.647704e+01
1956          	3.647814e+01
1957          	3.647936e+01
1958          	3.648067e+01
1959          	3.648208e+01
1960          	3.648357e+01
1961          	3.648515e+01
1962          	3.648681e+01
1963          	3.648854e+01
1964          	3.649035e+01
1965          	3.649225e+01
1966          	3.649419e+01
1967          	3.649620e+01
1968          	3.649829e+01
1969          	3.650044e+01
1970          	3.650265e+01
1971          	3.650491e+01
1972          	3.650722e+01
1973          	3.650956e+01
1974          	3.651195e+01
1975          	3.651439e+01
1976          	3.651685e+01
1977          	3.651932e+01
1978          	3.652179e+01
1979          	3.652429e+01
1980          	3.652679e+01
1981          	3.652931e+01
1982          	3.653183e+01
1983          	3.653436e+01
1984          	3.653689e+01
1985          	3.653940e+01
1986          	3.654190e+01
1987          	3.654438e+01
1988          	3.654684e+01
1989          	3.654926e+01
1990          	3.655166e+01
1991          	3.655403e+01
1992          	3.655635e+01
1993          	3.655864e+01
1994          	3.656089e+01
1995          	3.656308e+01
1996          	3.656522e+01
1997          	3.656731e+01
1998          	3.656933e+01
1999          	3.657130e+01
2000          	3.657320e+01
2001          	3.657503e+01
2002          	3.657679e+01
2003          	3.657848e+01
2004          	3.658009e+01
2005          	3.658164e+01
2006          	3.658310e+01
2007          	3.658447e+01
2008          	3.658576e+01
2009          	3.658697e+01
2010          	3.658809e+01
2011          	3.658913e+01
2012          	3.659008e+01
2013          	3.659094e+01
2014          	3.659171e+01
2015          	3.659239e+01
2016          	3.659298e+01
2017          	3.659347e+01
2018          	3.659387e+01
2019          	3.659418e+01
2020          	3.659438e+01
2021          	3.659450e+01
2022          	3.659452e+01
2023          	3.659445e+01
2024          	3.659427e+01
2025          	3.659400e+01
2026          	3.659365e+01
2027          	3.659321e+01
2028          	3.659268e+01
2029          	3.659206e+01
2030          	3.659137e+01
2031          	3.659058e+01
2032          	3.658971e+01
2033          	3.658876e+01
2034          	3.658772e+01
2035          	3.658661e+01
2036          	3.658542e+01
2037          	3.658416e+01
2038          	3.658283e+01
2039          	3.658143e+01
2040          	3.657997e+01
2041          	3.657845e+01
2042          	3.657687e+01
2043          	3.657524e+01
2044          	3.657355e+01
2045          	3.657181e+01
2046          	3.657002e+01
2047          	3.656818e+01
2048          	3.656631e+01
2049          	3.656439e+01
2050          	3.656245e+01
2051          	3.656047e+01
2052          	3.655847e+01
2053          	3.655644e+01
2054          	3.655439e+01
2055          	3.655233e+01
2056          	3.655025e+01
2057          	3.654817e+01
2058          	3.654607e+01
2059          	3.654398e+01
2060          	3.654189e+01
2061          	3.653977e+01
2062          	3.653768e+01
2063          	3.653562e+01
2064          	3.653359e+01
2065          	3.653157e+01
2066          	3.652956e+01
2067          	3.652757e+01
2068          	3.652560e+01
2069          	3.652367e+01
2070          	3.652176e+01
2071          	3.651989e+01
2072          	3.651807e+01
2073          	3.651628e+01
2074          	3.651454e+01
2075          	3.651284e+01
2076          	3.651119e+01
2077          	3.650960e+01
2078          	3.650805e+01
2079          	3.650656e+01
2080          	3.650513e+01
2081          	3.650375e+01
2082          	3.650243e+01
2083          	3.650117e+01
2084          	3.649997e+01
2085          	3.649884e+01
2086          	3.649777e+01
2087          	3.649676e+01
2088          	3.649582e+01
2089          	3.649495e+01
2090          	3.649413e+01
2091          	3.649338e+01
2092          	3.649269e+01
2093          	3.649207e+01
2094          	3.649151e+01
2095          	3.649102e+01
2096          	3.649060e+01
2097          	3.649024e+01
2098          	3.648995e+01
2099          	3.648972e+01
2100          	3.648956e+01
2101          	3.648946e+01
2102          	3.648942e+01
2103          	3.648943e+01
2104          	3.648950e+01
2105          	3.648963e+01
2106          	3.648982e+01
2107          	3.649007e+01
2108          	3.649037e+01
2109          	3.649073e+01
2110          	3.649112e+01
2111          	3.649156e+01
2112          	3.649205e+01
2113          	3.649258e+01
2114          	3.649316e+01
2115          	3.649377e+01
2116          	3.649443e+01
2117          	3.649513e+01
2118          	3.649587e+01
2119          	3.649664e+01
2120          	3.649742e+01
2121          	3.649823e+01
2122          	3.649908e+01
2123          	3.649996e+01
2124          	3.650088e+01
2125          	3.650182e+01
2126          	3.650277e+01
2127          	3.650374e+01
2128          	3.650471e+01
2129          	3.650570e+01
2130          	3.650670e+01
2131          	3.650771e+01
2132          	3.650874e+01
2133          	3.650977e+01
2134          	3.651081e+01
2135          	3.651186e+01
2136          	3.651290e+01
2137          	3.651395e+01
2138          	3.651500e+01
2139          	3.651604e+01
2140          	3.651708e+01
2141          	3.651811e+01
2142          	3.651913e+01
2143          	3.652015e+01
2144          	3.652115e+01
2145          	3.652214e+01
2146          	3.652312e+01
2147          	3.652409e+01
2148          	3.652504e+01
2149          	3.652598e+01
2150          	3.652689e+01
2151          	3.652779e+01
2152          	3.652867e+01
2153          	3.652953e+01
2154          	3.653036e+01
2155          	3.653117e+01
2156          	3.653198e+01
2157          	3.653275e+01
2158          	3.653349e+01
2159          	3.653420e+01
2160          	3.653488e+01
2161          	3.653554e+01
2162          	3.653617e+01
2163          	3.653678e+01
2164          	3.653735e+01
2165          	3.653790e+01
2166          	3.653841e+01
2167          	3.653890e+01
2168          	3.653936e+01
2169          	3.653979e+01
2170          	3.654019e+01
2171          	3.654056e+01
2172          	3.654089e+01
2173          	3.654120e+01
2174          	3.654147e+01
2175          	3.654172e+01
2176          	3.654193e+01
2177          	3.654211e+01
2178          	3.654226e+01
2179          	3.654238e+01
2180          	3.654247e+01
2181          	3.654253e+01
2182          	3.654256e+01
2183          	3.654256e+01
2184          	3.654254e+01
2185          	3.654249e+01
2186          	3.654242e+01
2187          	3.654232e+01
2188          	3.654219e+01
2189          	3.654201e+01
2190          	3.654180e+01
2191          	3.654159e+01
2192          	3.654137e+01
2193          	3.654111e+01
2194          	3.654083e+01
2195          	3.654053e+01
2196          	3.654020e+01
2197          	3.653984e+01
2198          	3.653947e+01
2199          	3.653909e+01
2200          	3.653871e+01
2201          	3.653832e+01
2202          	3.653791e+01
2203          	3.653747e+01
2204          	3.653701e+01
2205          	3.653654e+01
2206          	3.653605e+01
2207          	3.653555e+01
2208          	3.653503e+01
2209          	3.653451e+01
2210          	3.653400e+01
2211          	3.653349e+01
2212          	3.653297e+01
2213          	3.653245e+01
