# Residuals   
# Time        	p             	Ux            	Uy            	Uz            
0             	N/A	N/A
1             	1.000000e+00	1.000000e+00	1.000000e+00	1.000000e+00
2             	3.489667e-02	5.271661e-01	4.175951e-01	4.144193e-01
3             	5.702692e-02	1.849866e-01	1.940081e-01	1.674962e-01
4             	7.961450e-02	9.010041e-02	1.490086e-01	4.970486e-01
5             	2.187068e-01	4.288768e-02	1.376441e-01	5.124210e-01
6             	1.330866e-01	5.947760e-02	1.465696e-01	3.820539e-01
7             	8.208526e-02	1.017407e-01	1.524091e-01	2.430687e-01
8             	6.830156e-02	1.256811e-01	1.465548e-01	1.500110e-01
9             	7.087659e-02	1.145045e-01	1.395661e-01	2.585999e-01
10            	9.124757e-02	6.964069e-02	1.214008e-01	3.865812e-01
11            	1.477109e-01	4.128171e-02	1.032305e-01	3.678301e-01
12            	8.199550e-02	5.203001e-02	8.971221e-02	2.749751e-01
13            	6.308269e-02	5.859147e-02	7.134105e-02	1.673025e-01
14            	5.933283e-02	4.930250e-02	5.277539e-02	1.021693e-01
15            	6.466325e-02	3.289542e-02	4.245368e-02	1.642378e-01
16            	8.034245e-02	1.865074e-02	3.591322e-02	2.064249e-01
17            	1.031538e-01	1.427631e-02	3.199034e-02	1.875792e-01
18            	8.341786e-02	1.801417e-02	2.892866e-02	1.359148e-01
19            	7.713816e-02	2.032718e-02	2.415193e-02	7.869650e-02
20            	7.893568e-02	1.746865e-02	1.960982e-02	6.353594e-02
21            	8.690794e-02	1.194903e-02	1.766237e-02	9.078258e-02
22            	9.649051e-02	9.843574e-03	1.731682e-02	1.011897e-01
23            	8.437258e-02	1.145596e-02	1.695396e-02	8.844253e-02
24            	7.761214e-02	1.266998e-02	1.540138e-02	6.390721e-02
25            	7.521192e-02	1.226013e-02	1.336174e-02	4.389140e-02
26            	7.598810e-02	1.077224e-02	1.201259e-02	4.512927e-02
27            	7.892275e-02	9.020568e-03	1.106480e-02	5.261073e-02
28            	8.256180e-02	7.615197e-03	1.002975e-02	5.292057e-02
29            	8.526571e-02	6.834051e-03	8.926162e-03	4.634076e-02
30            	8.607316e-02	6.440738e-03	7.951477e-03	3.798949e-02
31            	8.478941e-02	6.190681e-03	7.400859e-03	3.326544e-02
32            	8.206809e-02	6.164028e-03	7.352120e-03	3.375189e-02
33            	7.875403e-02	6.315852e-03	7.435971e-03	3.461702e-02
34            	7.560213e-02	6.478441e-03	7.408534e-03	3.342742e-02
35            	7.302905e-02	6.527594e-03	7.234957e-03	3.088944e-02
36            	7.112389e-02	6.422280e-03	6.985720e-03	2.873183e-02
37            	6.978413e-02	6.192481e-03	6.724340e-03	2.795500e-02
38            	6.881562e-02	5.903715e-03	6.465628e-03	2.782465e-02
39            	6.797310e-02	5.621423e-03	6.207297e-03	2.739255e-02
40            	6.704133e-02	5.385663e-03	5.961285e-03	2.646333e-02
41            	6.588313e-02	5.208548e-03	5.748703e-03	2.533830e-02
42            	6.450115e-02	5.082260e-03	5.582039e-03	2.440054e-02
43            	6.293707e-02	4.993307e-03	5.453627e-03	2.372176e-02
44            	6.128192e-02	4.924514e-03	5.346086e-03	2.317072e-02
45            	5.962829e-02	4.859516e-03	5.243203e-03	2.260763e-02
46            	5.804142e-02	4.786336e-03	5.136618e-03	2.201931e-02
47            	5.654859e-02	4.700527e-03	5.025628e-03	2.146043e-02
48            	5.514953e-02	4.603650e-03	4.912447e-03	2.095913e-02
49            	5.383162e-02	4.501304e-03	4.799801e-03	2.049448e-02
50            	5.256681e-02	4.399792e-03	4.689796e-03	2.002991e-02
51            	5.132809e-02	4.304035e-03	4.584687e-03	1.955785e-02
52            	5.009702e-02	4.216976e-03	4.486733e-03	1.908498e-02
53            	4.887145e-02	4.138343e-03	4.396055e-03	1.863085e-02
54            	4.765039e-02	4.067037e-03	4.311923e-03	1.819923e-02
55            	4.644040e-02	4.001123e-03	4.233348e-03	1.779051e-02
56            	4.525738e-02	3.938010e-03	4.158575e-03	1.740340e-02
57            	4.410577e-02	3.876512e-03	4.086720e-03	1.703363e-02
58            	4.299255e-02	3.815697e-03	4.017745e-03	1.668540e-02
59            	4.191776e-02	3.755483e-03	3.949730e-03	1.634528e-02
60            	4.087930e-02	3.696048e-03	3.883543e-03	1.601447e-02
61            	3.987426e-02	3.638489e-03	3.819899e-03	1.569752e-02
62            	3.890032e-02	3.583069e-03	3.758804e-03	1.539085e-02
63            	3.795450e-02	3.530004e-03	3.700180e-03	1.509470e-02
64            	3.703604e-02	3.479340e-03	3.643941e-03	1.480927e-02
65            	3.614466e-02	3.430885e-03	3.590057e-03	1.453540e-02
66            	3.528105e-02	3.384367e-03	3.538363e-03	1.427298e-02
67            	3.444507e-02	3.339537e-03	3.488745e-03	1.402222e-02
68            	3.363506e-02	3.296334e-03	3.440918e-03	1.378268e-02
69            	3.285418e-02	3.254115e-03	3.393950e-03	1.355147e-02
70            	3.210056e-02	3.213000e-03	3.348488e-03	1.332466e-02
71            	3.137303e-02	3.173161e-03	3.304543e-03	1.310879e-02
72            	3.067106e-02	3.134532e-03	3.261990e-03	1.290006e-02
73            	2.999324e-02	3.097108e-03	3.220738e-03	1.269881e-02
74            	2.933864e-02	3.060873e-03	3.180775e-03	1.250510e-02
75            	2.870637e-02	3.025794e-03	3.142072e-03	1.231878e-02
76            	2.809576e-02	2.991823e-03	3.104570e-03	1.213929e-02
77            	2.750674e-02	2.959169e-03	3.069813e-03	1.197084e-02
78            	2.693655e-02	2.927252e-03	3.033456e-03	1.180279e-02
79            	2.638592e-02	2.895975e-03	2.998438e-03	1.164076e-02
80            	2.585418e-02	2.865626e-03	2.964498e-03	1.148049e-02
81            	2.534057e-02	2.836187e-03	2.931726e-03	1.132826e-02
82            	2.484416e-02	2.807530e-03	2.899842e-03	1.118028e-02
83            	2.436436e-02	2.779632e-03	2.868736e-03	1.103715e-02
84            	2.390055e-02	2.752458e-03	2.838413e-03	1.089855e-02
85            	2.345213e-02	2.725991e-03	2.808871e-03	1.076465e-02
86            	2.301861e-02	2.700210e-03	2.780116e-03	1.063515e-02
87            	2.259959e-02	2.675179e-03	2.752642e-03	1.051128e-02
88            	2.219313e-02	2.650776e-03	2.725138e-03	1.038996e-02
89            	2.179998e-02	2.626853e-03	2.698493e-03	1.027562e-02
90            	2.141909e-02	2.603448e-03	2.671746e-03	1.015787e-02
91            	2.105012e-02	2.580423e-03	2.645796e-03	1.004135e-02
92            	2.069237e-02	2.558044e-03	2.620450e-03	9.932033e-03
93            	2.034577e-02	2.536193e-03	2.595741e-03	9.825327e-03
94            	2.000997e-02	2.514814e-03	2.571577e-03	9.721656e-03
95            	1.968453e-02	2.493898e-03	2.547919e-03	9.621106e-03
96            	1.936906e-02	2.473424e-03	2.524754e-03	9.523589e-03
97            	1.906309e-02	2.453388e-03	2.502113e-03	9.428884e-03
98            	1.876665e-02	2.433978e-03	2.480991e-03	9.339595e-03
99            	1.847767e-02	2.414851e-03	2.458737e-03	9.249464e-03
100           	1.819738e-02	2.395901e-03	2.437261e-03	9.163794e-03
101           	1.792457e-02	2.377394e-03	2.415756e-03	9.075640e-03
102           	1.765946e-02	2.359053e-03	2.394824e-03	8.986731e-03
103           	1.740142e-02	2.341180e-03	2.374316e-03	8.903760e-03
104           	1.715056e-02	2.323665e-03	2.354260e-03	8.822213e-03
105           	1.690648e-02	2.306464e-03	2.334561e-03	8.742568e-03
106           	1.666901e-02	2.289559e-03	2.315214e-03	8.664961e-03
107           	1.643781e-02	2.272946e-03	2.296197e-03	8.589337e-03
108           	1.621277e-02	2.256621e-03	2.277532e-03	8.515434e-03
109           	1.599373e-02	2.240614e-03	2.259413e-03	8.443817e-03
110           	1.577981e-02	2.224954e-03	2.241509e-03	8.373775e-03
111           	1.557166e-02	2.209385e-03	2.223627e-03	8.305651e-03
112           	1.536844e-02	2.194161e-03	2.205940e-03	8.237430e-03
113           	1.517010e-02	2.178937e-03	2.188428e-03	8.166295e-03
114           	1.497618e-02	2.164065e-03	2.171189e-03	8.100146e-03
115           	1.478696e-02	2.149443e-03	2.154329e-03	8.034720e-03
116           	1.460220e-02	2.135031e-03	2.137728e-03	7.970630e-03
117           	1.442196e-02	2.120821e-03	2.121391e-03	7.907932e-03
118           	1.424604e-02	2.106812e-03	2.105309e-03	7.846536e-03
119           	1.407422e-02	2.093001e-03	2.089479e-03	7.786288e-03
120           	1.390661e-02	2.079389e-03	2.073895e-03	7.727011e-03
121           	1.374291e-02	2.066007e-03	2.058729e-03	7.669557e-03
122           	1.358240e-02	2.052947e-03	2.043955e-03	7.614561e-03
123           	1.342540e-02	2.039842e-03	2.028725e-03	7.559155e-03
124           	1.327171e-02	2.026779e-03	2.013715e-03	7.499734e-03
125           	1.312083e-02	2.013998e-03	1.999045e-03	7.444556e-03
126           	1.297330e-02	2.001391e-03	1.984632e-03	7.389998e-03
127           	1.282872e-02	1.988941e-03	1.970408e-03	7.336190e-03
128           	1.268738e-02	1.976642e-03	1.956406e-03	7.283615e-03
129           	1.254917e-02	1.964491e-03	1.942603e-03	7.232094e-03
130           	1.241378e-02	1.952486e-03	1.928995e-03	7.181385e-03
131           	1.228118e-02	1.940629e-03	1.915597e-03	7.131485e-03
132           	1.215131e-02	1.928924e-03	1.902425e-03	7.082549e-03
133           	1.202423e-02	1.917417e-03	1.889632e-03	7.035380e-03
134           	1.190006e-02	1.906266e-03	1.877721e-03	6.991542e-03
135           	1.177728e-02	1.894912e-03	1.864630e-03	6.941408e-03
136           	1.165684e-02	1.883430e-03	1.851458e-03	6.893218e-03
137           	1.153867e-02	1.872337e-03	1.838840e-03	6.845253e-03
138           	1.142278e-02	1.861370e-03	1.826577e-03	6.798207e-03
139           	1.130907e-02	1.850509e-03	1.814415e-03	6.752200e-03
140           	1.119742e-02	1.839778e-03	1.802405e-03	6.706823e-03
141           	1.108769e-02	1.829167e-03	1.790569e-03	6.662036e-03
142           	1.098007e-02	1.818668e-03	1.778920e-03	6.617944e-03
143           	1.087455e-02	1.808300e-03	1.767449e-03	6.574562e-03
144           	1.077117e-02	1.798093e-03	1.756243e-03	6.532557e-03
145           	1.066961e-02	1.788062e-03	1.745142e-03	6.491810e-03
146           	1.057011e-02	1.777928e-03	1.734074e-03	6.447297e-03
147           	1.047133e-02	1.768091e-03	1.723214e-03	6.405977e-03
148           	1.037471e-02	1.758139e-03	1.712058e-03	6.363328e-03
149           	1.027974e-02	1.748409e-03	1.701268e-03	6.320924e-03
150           	1.018635e-02	1.738759e-03	1.690676e-03	6.279345e-03
151           	1.009464e-02	1.729204e-03	1.680168e-03	6.238353e-03
152           	1.000447e-02	1.719761e-03	1.669804e-03	6.197801e-03
153           	9.915870e-03	1.710421e-03	1.659599e-03	6.157736e-03
154           	9.829082e-03	1.701187e-03	1.649548e-03	6.118178e-03
155           	9.743920e-03	1.692097e-03	1.639729e-03	6.079802e-03
156           	9.660052e-03	1.683165e-03	1.629993e-03	6.042640e-03
157           	9.577553e-03	1.674066e-03	1.620116e-03	6.001205e-03
158           	9.496300e-03	1.665192e-03	1.610432e-03	5.963097e-03
159           	9.416571e-03	1.656449e-03	1.601092e-03	5.925194e-03
160           	9.337633e-03	1.647875e-03	1.591906e-03	5.887885e-03
161           	9.260254e-03	1.639134e-03	1.582289e-03	5.849799e-03
162           	9.184183e-03	1.630610e-03	1.573030e-03	5.811894e-03
163           	9.109058e-03	1.622151e-03	1.563947e-03	5.774653e-03
164           	9.035096e-03	1.613776e-03	1.554936e-03	5.737894e-03
165           	8.962300e-03	1.605502e-03	1.546057e-03	5.701610e-03
166           	8.890773e-03	1.597353e-03	1.537397e-03	5.666459e-03
167           	8.820307e-03	1.589342e-03	1.528814e-03	5.632576e-03
168           	8.750972e-03	1.581149e-03	1.520075e-03	5.594447e-03
169           	8.682428e-03	1.573162e-03	1.511503e-03	5.559450e-03
170           	8.614918e-03	1.565273e-03	1.503126e-03	5.524265e-03
171           	8.548413e-03	1.557448e-03	1.494871e-03	5.489498e-03
172           	8.483213e-03	1.549729e-03	1.486852e-03	5.455598e-03
173           	8.418566e-03	1.542178e-03	1.478990e-03	5.422333e-03
174           	8.355008e-03	1.534439e-03	1.470682e-03	5.388108e-03
175           	8.292361e-03	1.526908e-03	1.462710e-03	5.354147e-03
176           	8.230423e-03	1.519443e-03	1.454922e-03	5.321015e-03
177           	8.169382e-03	1.512080e-03	1.447281e-03	5.288889e-03
178           	8.109133e-03	1.504861e-03	1.439698e-03	5.257885e-03
179           	8.049758e-03	1.497450e-03	1.431969e-03	5.222713e-03
180           	7.991070e-03	1.490234e-03	1.424393e-03	5.190604e-03
181           	7.933243e-03	1.483099e-03	1.417005e-03	5.158241e-03
182           	7.876161e-03	1.476031e-03	1.409714e-03	5.126359e-03
183           	7.819955e-03	1.469023e-03	1.402520e-03	5.094881e-03
184           	7.764657e-03	1.462084e-03	1.395448e-03	5.063756e-03
185           	7.710283e-03	1.455240e-03	1.388585e-03	5.033201e-03
186           	7.656182e-03	1.448552e-03	1.381906e-03	5.003164e-03
187           	7.603041e-03	1.441681e-03	1.374797e-03	4.972333e-03
188           	7.550711e-03	1.435036e-03	1.368092e-03	4.942360e-03
189           	7.498772e-03	1.428495e-03	1.361503e-03	4.913839e-03
190           	7.447534e-03	1.421757e-03	1.354707e-03	4.881235e-03
191           	7.396654e-03	1.415195e-03	1.348046e-03	4.851425e-03
192           	7.346677e-03	1.408740e-03	1.341585e-03	4.821576e-03
193           	7.297341e-03	1.402320e-03	1.335190e-03	4.792046e-03
194           	7.248791e-03	1.395942e-03	1.328880e-03	4.762924e-03
195           	7.200923e-03	1.389622e-03	1.322666e-03	4.734304e-03
196           	7.153766e-03	1.383377e-03	1.316556e-03	4.706131e-03
197           	7.107266e-03	1.377193e-03	1.310554e-03	4.678258e-03
198           	7.061563e-03	1.371082e-03	1.304745e-03	4.651031e-03
199           	7.017904e-03	1.367611e-03	1.308726e-03	4.648238e-03
200           	6.972512e-03	1.359949e-03	1.294742e-03	4.605312e-03
201           	6.927902e-03	1.353123e-03	1.287780e-03	4.572621e-03
202           	6.883841e-03	1.347090e-03	1.281607e-03	4.544612e-03
203           	6.840258e-03	1.341165e-03	1.275884e-03	4.516883e-03
204           	6.797095e-03	1.335282e-03	1.270239e-03	4.489965e-03
205           	6.754548e-03	1.329450e-03	1.264670e-03	4.463639e-03
206           	6.712517e-03	1.323684e-03	1.259171e-03	4.437670e-03
207           	6.671070e-03	1.317972e-03	1.253752e-03	4.412122e-03
208           	6.630196e-03	1.312316e-03	1.248409e-03	4.387007e-03
209           	6.589859e-03	1.306719e-03	1.243165e-03	4.362366e-03
210           	6.550124e-03	1.301210e-03	1.238087e-03	4.338735e-03
211           	6.510829e-03	1.295811e-03	1.233072e-03	4.316347e-03
212           	6.472188e-03	1.290218e-03	1.227980e-03	4.290484e-03
213           	6.433402e-03	1.284892e-03	1.223061e-03	4.267723e-03
214           	6.395144e-03	1.279367e-03	1.217759e-03	4.243613e-03
215           	6.357265e-03	1.274010e-03	1.212740e-03	4.219650e-03
216           	6.319782e-03	1.268687e-03	1.207856e-03	4.196383e-03
217           	6.282729e-03	1.263409e-03	1.202986e-03	4.173518e-03
218           	6.246079e-03	1.258188e-03	1.198175e-03	4.150941e-03
219           	6.209893e-03	1.253012e-03	1.193443e-03	4.128670e-03
220           	6.174218e-03	1.247889e-03	1.188798e-03	4.106879e-03
221           	6.139129e-03	1.242860e-03	1.184306e-03	4.086052e-03
222           	6.104369e-03	1.237932e-03	1.179858e-03	4.066393e-03
223           	6.070001e-03	1.232780e-03	1.175203e-03	4.042938e-03
224           	6.035837e-03	1.227806e-03	1.170666e-03	4.022312e-03
225           	6.002147e-03	1.222901e-03	1.166337e-03	4.001622e-03
226           	5.969398e-03	1.218251e-03	1.162870e-03	3.983218e-03
227           	5.936032e-03	1.213518e-03	1.158360e-03	3.963145e-03
228           	5.903236e-03	1.208407e-03	1.153594e-03	3.941930e-03
229           	5.870876e-03	1.203625e-03	1.149186e-03	3.921356e-03
230           	5.838820e-03	1.198885e-03	1.145035e-03	3.901410e-03
231           	5.806962e-03	1.194184e-03	1.140916e-03	3.882064e-03
232           	5.775511e-03	1.189580e-03	1.136944e-03	3.863638e-03
233           	5.744231e-03	1.185074e-03	1.133003e-03	3.846219e-03
234           	5.713325e-03	1.180339e-03	1.128866e-03	3.825052e-03
235           	5.682539e-03	1.175774e-03	1.124836e-03	3.806650e-03
236           	5.652132e-03	1.171258e-03	1.120955e-03	3.788026e-03
237           	5.622072e-03	1.166780e-03	1.117141e-03	3.769829e-03
238           	5.592536e-03	1.162359e-03	1.113453e-03	3.752241e-03
239           	5.564073e-03	1.158319e-03	1.111062e-03	3.737968e-03
240           	5.534591e-03	1.154023e-03	1.106849e-03	3.720463e-03
241           	5.505642e-03	1.149327e-03	1.102635e-03	3.702047e-03
242           	5.477129e-03	1.145015e-03	1.098819e-03	3.684574e-03
243           	5.448985e-03	1.140791e-03	1.095371e-03	3.668363e-03
244           	5.420827e-03	1.136637e-03	1.091905e-03	3.653412e-03
245           	5.392905e-03	1.132265e-03	1.088231e-03	3.634770e-03
246           	5.364995e-03	1.128069e-03	1.084659e-03	3.618760e-03
247           	5.337482e-03	1.123918e-03	1.081240e-03	3.602483e-03
248           	5.310311e-03	1.119794e-03	1.077861e-03	3.586555e-03
249           	5.283557e-03	1.115702e-03	1.074536e-03	3.571049e-03
250           	5.257158e-03	1.111650e-03	1.071285e-03	3.555957e-03
251           	5.231145e-03	1.107659e-03	1.068162e-03	3.541362e-03
252           	5.206269e-03	1.104272e-03	1.067108e-03	3.531778e-03
253           	5.180156e-03	1.100286e-03	1.062824e-03	3.516127e-03
254           	5.154602e-03	1.095970e-03	1.059163e-03	3.500834e-03
255           	5.129303e-03	1.092140e-03	1.055884e-03	3.487365e-03
256           	5.104243e-03	1.088092e-03	1.052636e-03	3.470659e-03
257           	5.078992e-03	1.084193e-03	1.049463e-03	3.456773e-03
258           	5.053949e-03	1.080353e-03	1.046421e-03	3.442697e-03
259           	5.029178e-03	1.076545e-03	1.043413e-03	3.428828e-03
260           	5.004779e-03	1.072762e-03	1.040456e-03	3.415291e-03
261           	4.980746e-03	1.069012e-03	1.037535e-03	3.402078e-03
262           	4.956999e-03	1.065295e-03	1.034669e-03	3.389213e-03
263           	4.933577e-03	1.061619e-03	1.031876e-03	3.376769e-03
264           	4.910553e-03	1.058007e-03	1.029225e-03	3.364886e-03
265           	4.888779e-03	1.055115e-03	1.028979e-03	3.359110e-03
266           	4.865559e-03	1.051537e-03	1.024962e-03	3.346981e-03
267           	4.842692e-03	1.047333e-03	1.021412e-03	3.331134e-03
268           	4.819905e-03	1.043720e-03	1.018340e-03	3.318735e-03
269           	4.797376e-03	1.040170e-03	1.015644e-03	3.306412e-03
270           	4.774912e-03	1.036634e-03	1.012970e-03	3.294660e-03
271           	4.752751e-03	1.033134e-03	1.010334e-03	3.283321e-03
272           	4.730812e-03	1.029670e-03	1.007734e-03	3.272202e-03
273           	4.709088e-03	1.026232e-03	1.005180e-03	3.261392e-03
274           	4.687674e-03	1.022826e-03	1.002668e-03	3.250914e-03
275           	4.666542e-03	1.019458e-03	1.000226e-03	3.240865e-03
276           	4.645805e-03	1.016168e-03	9.979344e-04	3.231756e-03
277           	4.625298e-03	1.012982e-03	9.957310e-04	3.223842e-03
278           	4.605689e-03	1.009979e-03	9.948060e-04	3.215886e-03
279           	4.584647e-03	1.006705e-03	9.916048e-04	3.206080e-03
280           	4.563932e-03	1.003038e-03	9.886512e-04	3.195106e-03
281           	4.543492e-03	9.997580e-04	9.860762e-04	3.185055e-03
282           	4.523384e-03	9.965216e-04	9.837660e-04	3.175659e-03
283           	4.503357e-03	9.932996e-04	9.814634e-04	3.166818e-03
284           	4.483455e-03	9.901110e-04	9.791865e-04	3.158275e-03
285           	4.463716e-03	9.869583e-04	9.769459e-04	3.149955e-03
286           	4.444224e-03	9.838401e-04	9.747674e-04	3.142027e-03
287           	4.425085e-03	9.807927e-04	9.727164e-04	3.134988e-03
288           	4.406081e-03	9.778216e-04	9.706864e-04	3.128971e-03
289           	4.387331e-03	9.746107e-04	9.684473e-04	3.119449e-03
290           	4.368622e-03	9.715798e-04	9.663586e-04	3.112645e-03
291           	4.350775e-03	9.689670e-04	9.657173e-04	3.108670e-03
292           	4.331813e-03	9.660167e-04	9.630654e-04	3.101200e-03
293           	4.313285e-03	9.626461e-04	9.604570e-04	3.092974e-03
294           	4.295075e-03	9.596553e-04	9.582115e-04	3.085597e-03
295           	4.277089e-03	9.567068e-04	9.562229e-04	3.078804e-03
296           	4.259088e-03	9.537703e-04	9.542402e-04	3.072548e-03
297           	4.241221e-03	9.508733e-04	9.523003e-04	3.066657e-03
298           	4.223590e-03	9.480481e-04	9.504837e-04	3.061563e-03
299           	4.206032e-03	9.452849e-04	9.486760e-04	3.057409e-03
300           	4.188670e-03	9.422795e-04	9.466437e-04	3.049690e-03
301           	4.171338e-03	9.394327e-04	9.447007e-04	3.044561e-03
302           	4.154232e-03	9.366288e-04	9.428936e-04	3.039247e-03
303           	4.137433e-03	9.338654e-04	9.411885e-04	3.034433e-03
304           	4.121634e-03	9.315288e-04	9.409163e-04	3.033169e-03
305           	4.104705e-03	9.288195e-04	9.384982e-04	3.028149e-03
306           	4.088077e-03	9.256962e-04	9.361735e-04	3.022315e-03
307           	4.071693e-03	9.229608e-04	9.342158e-04	3.017326e-03
308           	4.055496e-03	9.202671e-04	9.325291e-04	3.013030e-03
309           	4.039382e-03	9.176292e-04	9.309406e-04	3.009854e-03
310           	4.023191e-03	9.150674e-04	9.293435e-04	3.007599e-03
311           	4.007152e-03	9.122694e-04	9.275220e-04	3.001720e-03
312           	3.991075e-03	9.096260e-04	9.257875e-04	2.998404e-03
313           	3.975222e-03	9.070214e-04	9.241645e-04	2.994806e-03
314           	3.959621e-03	9.044318e-04	9.225634e-04	2.991515e-03
315           	3.944314e-03	9.018652e-04	9.210084e-04	2.988694e-03
316           	3.929328e-03	8.993427e-04	9.195617e-04	2.986364e-03
317           	3.915267e-03	8.973429e-04	9.198636e-04	2.988255e-03
318           	3.899946e-03	8.948294e-04	9.174447e-04	2.985215e-03
319           	3.884927e-03	8.919187e-04	9.153531e-04	2.981720e-03
320           	3.870263e-03	8.894652e-04	9.137251e-04	2.979781e-03
321           	3.855581e-03	8.870868e-04	9.123230e-04	2.979119e-03
322           	3.840862e-03	8.844509e-04	9.106733e-04	2.975145e-03
323           	3.826039e-03	8.819832e-04	9.090923e-04	2.973712e-03
324           	3.811346e-03	8.795611e-04	9.076268e-04	2.971906e-03
325           	3.796875e-03	8.771470e-04	9.061876e-04	2.970399e-03
326           	3.782722e-03	8.747538e-04	9.047703e-04	2.969237e-03
327           	3.768783e-03	8.723813e-04	9.033890e-04	2.968438e-03
328           	3.755027e-03	8.700378e-04	9.020553e-04	2.968031e-03
329           	3.741569e-03	8.677400e-04	9.008312e-04	2.968101e-03
330           	3.729135e-03	8.660702e-04	9.017036e-04	2.973211e-03
331           	3.715420e-03	8.637636e-04	8.993246e-04	2.972648e-03
332           	3.701940e-03	8.611286e-04	8.974690e-04	2.972613e-03
333           	3.688706e-03	8.586636e-04	8.957478e-04	2.969875e-03
334           	3.675448e-03	8.563701e-04	8.943432e-04	2.969941e-03
335           	3.662145e-03	8.540995e-04	8.930312e-04	2.969930e-03
336           	3.649009e-03	8.518510e-04	8.917333e-04	2.970187e-03
337           	3.636112e-03	8.496229e-04	8.904524e-04	2.970660e-03
338           	3.623435e-03	8.474113e-04	8.892014e-04	2.971394e-03
339           	3.611002e-03	8.452181e-04	8.879674e-04	2.972404e-03
340           	3.598777e-03	8.430431e-04	8.867753e-04	2.973712e-03
341           	3.586752e-03	8.408983e-04	8.856511e-04	2.975423e-03
342           	3.575107e-03	8.388402e-04	8.847085e-04	2.978096e-03
343           	3.564314e-03	8.373524e-04	8.854908e-04	2.985743e-03
344           	3.552264e-03	8.350574e-04	8.832665e-04	2.984558e-03
345           	3.540276e-03	8.324952e-04	8.814049e-04	2.985165e-03
346           	3.528501e-03	8.303556e-04	8.800033e-04	2.986154e-03
347           	3.516942e-03	8.282464e-04	8.788528e-04	2.987680e-03
348           	3.505459e-03	8.261408e-04	8.777037e-04	2.989680e-03
349           	3.494135e-03	8.240620e-04	8.765655e-04	2.991909e-03
350           	3.482905e-03	8.220050e-04	8.754423e-04	2.994284e-03
351           	3.471850e-03	8.199620e-04	8.743488e-04	2.996907e-03
352           	3.461018e-03	8.179486e-04	8.732949e-04	2.999875e-03
353           	3.450499e-03	8.159981e-04	8.723606e-04	3.003614e-03
354           	3.440100e-03	8.141085e-04	8.714416e-04	3.008346e-03
355           	3.429945e-03	8.119910e-04	8.703500e-04	3.009577e-03
356           	3.420452e-03	8.104656e-04	8.708295e-04	3.016873e-03
357           	3.409730e-03	8.085117e-04	8.690427e-04	3.019261e-03
358           	3.399305e-03	8.061446e-04	8.674163e-04	3.020924e-03
359           	3.389171e-03	8.041633e-04	8.661520e-04	3.023443e-03
360           	3.379214e-03	8.022135e-04	8.651367e-04	3.026424e-03
361           	3.369205e-03	8.002686e-04	8.641111e-04	3.029801e-03
362           	3.359273e-03	7.983538e-04	8.630967e-04	3.033314e-03
363           	3.349453e-03	7.964730e-04	8.621143e-04	3.037051e-03
364           	3.339914e-03	7.946496e-04	8.612525e-04	3.041641e-03
365           	3.330453e-03	7.928973e-04	8.603882e-04	3.047159e-03
366           	3.321168e-03	7.908922e-04	8.592983e-04	3.048942e-03
367           	3.311822e-03	7.890404e-04	8.582971e-04	3.053390e-03
368           	3.302653e-03	7.872421e-04	8.574780e-04	3.057741e-03
369           	3.294337e-03	7.858925e-04	8.581513e-04	3.065860e-03
370           	3.284894e-03	7.841211e-04	8.565393e-04	3.069834e-03
371           	3.275766e-03	7.819386e-04	8.550616e-04	3.073026e-03
372           	3.266802e-03	7.801428e-04	8.539372e-04	3.077030e-03
373           	3.257979e-03	7.783769e-04	8.530657e-04	3.081542e-03
374           	3.249069e-03	7.766236e-04	8.522032e-04	3.086616e-03
375           	3.240309e-03	7.749454e-04	8.514406e-04	3.092522e-03
376           	3.231510e-03	7.733285e-04	8.506519e-04	3.099181e-03
377           	3.222847e-03	7.714654e-04	8.496377e-04	3.102126e-03
378           	3.214186e-03	7.697588e-04	8.486831e-04	3.107598e-03
379           	3.205753e-03	7.680811e-04	8.478361e-04	3.112698e-03
380           	3.197495e-03	7.664132e-04	8.470079e-04	3.118075e-03
381           	3.189529e-03	7.647786e-04	8.462669e-04	3.123857e-03
382           	3.182547e-03	7.636458e-04	8.471790e-04	3.133772e-03
383           	3.174317e-03	7.620170e-04	8.455036e-04	3.138753e-03
384           	3.166358e-03	7.599838e-04	8.440720e-04	3.143032e-03
385           	3.158653e-03	7.583592e-04	8.430190e-04	3.148293e-03
386           	3.151127e-03	7.568090e-04	8.423117e-04	3.154685e-03
387           	3.143367e-03	7.552928e-04	8.415640e-04	3.162088e-03
388           	3.135676e-03	7.535453e-04	8.405737e-04	3.165591e-03
389           	3.127807e-03	7.519577e-04	8.396436e-04	3.171529e-03
390           	3.120092e-03	7.503955e-04	8.388283e-04	3.177030e-03
391           	3.112530e-03	7.488413e-04	8.380106e-04	3.182732e-03
392           	3.105152e-03	7.472947e-04	8.372054e-04	3.188732e-03
393           	3.097935e-03	7.457673e-04	8.364226e-04	3.195074e-03
394           	3.090925e-03	7.442828e-04	8.357387e-04	3.201733e-03
395           	3.084790e-03	7.433871e-04	8.370046e-04	3.213197e-03
396           	3.077286e-03	7.418585e-04	8.351624e-04	3.218565e-03
397           	3.070118e-03	7.399928e-04	8.338673e-04	3.224053e-03
398           	3.063020e-03	7.385885e-04	8.329068e-04	3.231199e-03
399           	3.055974e-03	7.369528e-04	8.319521e-04	3.234839e-03
400           	3.048589e-03	7.354539e-04	8.310443e-04	3.241136e-03
401           	3.041240e-03	7.339986e-04	8.302306e-04	3.246994e-03
402           	3.033986e-03	7.325580e-04	8.294131e-04	3.252934e-03
403           	3.026946e-03	7.311263e-04	8.286016e-04	3.259101e-03
404           	3.020034e-03	7.297106e-04	8.277986e-04	3.265529e-03
405           	3.013190e-03	7.283120e-04	8.270132e-04	3.272216e-03
406           	3.006519e-03	7.269347e-04	8.262671e-04	3.279222e-03
407           	3.000118e-03	7.256077e-04	8.256303e-04	3.286688e-03
408           	2.994682e-03	7.248946e-04	8.269542e-04	3.299463e-03
409           	2.987753e-03	7.236096e-04	8.252374e-04	3.306923e-03
410           	2.981012e-03	7.216688e-04	8.236586e-04	3.309734e-03
411           	2.974221e-03	7.202756e-04	8.225084e-04	3.315877e-03
412           	2.967503e-03	7.189281e-04	8.216957e-04	3.321789e-03
413           	2.960747e-03	7.175815e-04	8.208597e-04	3.328000e-03
414           	2.954169e-03	7.162591e-04	8.200153e-04	3.334342e-03
415           	2.947663e-03	7.149600e-04	8.191720e-04	3.340682e-03
416           	2.941186e-03	7.136699e-04	8.183369e-04	3.347182e-03
417           	2.934802e-03	7.123961e-04	8.175108e-04	3.353785e-03
418           	2.928524e-03	7.111463e-04	8.167292e-04	3.360647e-03
419           	2.922452e-03	7.099566e-04	8.160659e-04	3.368197e-03
420           	2.916417e-03	7.088420e-04	8.154611e-04	3.376828e-03
421           	2.911179e-03	7.079492e-04	8.162050e-04	3.385383e-03
422           	2.904369e-03	7.066932e-04	8.144421e-04	3.391196e-03
423           	2.897785e-03	7.050471e-04	8.129878e-04	3.395612e-03
424           	2.891304e-03	7.037853e-04	8.118784e-04	3.400765e-03
425           	2.885023e-03	7.025539e-04	8.110020e-04	3.406296e-03
426           	2.878714e-03	7.013252e-04	8.101035e-04	3.412110e-03
427           	2.872445e-03	7.001128e-04	8.092016e-04	3.418035e-03
428           	2.866269e-03	6.989212e-04	8.083114e-04	3.423884e-03
429           	2.860234e-03	6.977464e-04	8.074515e-04	3.429802e-03
430           	2.854468e-03	6.966275e-04	8.066918e-04	3.436493e-03
431           	2.848715e-03	6.955630e-04	8.059329e-04	3.444199e-03
432           	2.843044e-03	6.942512e-04	8.049392e-04	3.447860e-03
433           	2.837309e-03	6.931035e-04	8.040730e-04	3.454220e-03
434           	2.832284e-03	6.924130e-04	8.047800e-04	3.463831e-03
435           	2.825974e-03	6.912766e-04	8.031659e-04	3.468613e-03
436           	2.819898e-03	6.897297e-04	8.016770e-04	3.472492e-03
437           	2.813950e-03	6.885610e-04	8.005367e-04	3.477096e-03
438           	2.808068e-03	6.874186e-04	7.996347e-04	3.482068e-03
439           	2.802098e-03	6.862743e-04	7.987139e-04	3.487323e-03
440           	2.796149e-03	6.851581e-04	7.978186e-04	3.492526e-03
441           	2.790368e-03	6.841091e-04	7.970150e-04	3.498284e-03
442           	2.784578e-03	6.831063e-04	7.962000e-04	3.504894e-03
443           	2.778921e-03	6.818572e-04	7.951296e-04	3.507191e-03
444           	2.773204e-03	6.807522e-04	7.941228e-04	3.512110e-03
445           	2.767593e-03	6.796738e-04	7.932198e-04	3.516612e-03
446           	2.762113e-03	6.786213e-04	7.924010e-04	3.521311e-03
447           	2.757525e-03	6.780263e-04	7.931398e-04	3.530101e-03
448           	2.751688e-03	6.769680e-04	7.914481e-04	3.533898e-03
449           	2.746026e-03	6.755028e-04	7.899275e-04	3.536618e-03
450           	2.740531e-03	6.744242e-04	7.887682e-04	3.540195e-03
451           	2.735094e-03	6.733757e-04	7.878729e-04	3.544317e-03
452           	2.729611e-03	6.723727e-04	7.870496e-04	3.549411e-03
453           	2.723953e-03	6.714229e-04	7.861947e-04	3.555348e-03
454           	2.718258e-03	6.702356e-04	7.850903e-04	3.557013e-03
455           	2.712359e-03	6.691922e-04	7.840610e-04	3.561296e-03
456           	2.706605e-03	6.681758e-04	7.831253e-04	3.565139e-03
457           	2.701000e-03	6.671631e-04	7.821976e-04	3.569014e-03
458           	2.695580e-03	6.661621e-04	7.812988e-04	3.573146e-03
459           	2.690336e-03	6.651928e-04	7.805043e-04	3.577610e-03
460           	2.685898e-03	6.647630e-04	7.815409e-04	3.586792e-03
461           	2.680061e-03	6.637584e-04	7.796794e-04	3.589760e-03
462           	2.674374e-03	6.623714e-04	7.781845e-04	3.592119e-03
463           	2.668921e-03	6.614322e-04	7.771456e-04	3.596058e-03
464           	2.663381e-03	6.605521e-04	7.763295e-04	3.601233e-03
465           	2.657650e-03	6.594125e-04	7.752626e-04	3.602305e-03
466           	2.651642e-03	6.584299e-04	7.742555e-04	3.605916e-03
467           	2.645667e-03	6.574789e-04	7.733535e-04	3.608919e-03
468           	2.639788e-03	6.565266e-04	7.724677e-04	3.612048e-03
469           	2.634034e-03	6.555841e-04	7.715832e-04	3.615328e-03
470           	2.628388e-03	6.546540e-04	7.707165e-04	3.618656e-03
471           	2.622892e-03	6.537398e-04	7.698865e-04	3.622154e-03
472           	2.617597e-03	6.528604e-04	7.691589e-04	3.625874e-03
473           	2.613200e-03	6.525819e-04	7.704509e-04	3.634817e-03
474           	2.607524e-03	6.516852e-04	7.685923e-04	3.637359e-03
475           	2.601928e-03	6.504486e-04	7.671978e-04	3.640211e-03
476           	2.596489e-03	6.493658e-04	7.659242e-04	3.639720e-03
477           	2.590906e-03	6.484416e-04	7.649613e-04	3.642173e-03
478           	2.585177e-03	6.475305e-04	7.640967e-04	3.644168e-03
479           	2.579565e-03	6.466331e-04	7.632375e-04	3.646251e-03
480           	2.574077e-03	6.457485e-04	7.623868e-04	3.648251e-03
481           	2.568656e-03	6.448670e-04	7.615628e-04	3.650210e-03
482           	2.563343e-03	6.439958e-04	7.607525e-04	3.652208e-03
483           	2.558201e-03	6.431360e-04	7.599779e-04	3.654340e-03
484           	2.553188e-03	6.423014e-04	7.592728e-04	3.656669e-03
485           	2.548494e-03	6.415468e-04	7.587661e-04	3.659868e-03
486           	2.544500e-03	6.413454e-04	7.600049e-04	3.668473e-03
487           	2.539137e-03	6.403294e-04	7.582111e-04	3.666636e-03
488           	2.533706e-03	6.390517e-04	7.567600e-04	3.666642e-03
489           	2.528398e-03	6.381775e-04	7.557752e-04	3.666856e-03
490           	2.523150e-03	6.373285e-04	7.550483e-04	3.667471e-03
491           	2.517881e-03	6.364786e-04	7.543163e-04	3.668456e-03
492           	2.512627e-03	6.356468e-04	7.535937e-04	3.669610e-03
493           	2.507364e-03	6.348314e-04	7.528944e-04	3.670754e-03
494           	2.502185e-03	6.340241e-04	7.522224e-04	3.672049e-03
495           	2.497147e-03	6.332371e-04	7.515935e-04	3.673561e-03
496           	2.492366e-03	6.325076e-04	7.510907e-04	3.675859e-03
497           	2.487622e-03	6.318314e-04	7.506019e-04	3.679096e-03
498           	2.483018e-03	6.309279e-04	7.499377e-04	3.678131e-03
499           	2.478950e-03	6.306139e-04	7.509009e-04	3.684071e-03
500           	2.473616e-03	6.298469e-04	7.495112e-04	3.684155e-03
501           	2.468523e-03	6.286716e-04	7.483002e-04	3.683232e-03
502           	2.463694e-03	6.278710e-04	7.474612e-04	3.683215e-03
503           	2.459024e-03	6.270971e-04	7.468761e-04	3.683527e-03
504           	2.454250e-03	6.263206e-04	7.462824e-04	3.684213e-03
505           	2.449513e-03	6.255652e-04	7.457080e-04	3.684950e-03
506           	2.444851e-03	6.248347e-04	7.451636e-04	3.685777e-03
507           	2.440411e-03	6.241575e-04	7.447402e-04	3.687379e-03
508           	2.436009e-03	6.235259e-04	7.443083e-04	3.689942e-03
509           	2.431685e-03	6.226450e-04	7.436420e-04	3.688119e-03
510           	2.427237e-03	6.219059e-04	7.430638e-04	3.689113e-03
511           	2.422928e-03	6.212084e-04	7.426720e-04	3.689714e-03
512           	2.419434e-03	6.209517e-04	7.438266e-04	3.694442e-03
513           	2.414795e-03	6.202487e-04	7.425936e-04	3.694109e-03
514           	2.410407e-03	6.191410e-04	7.415195e-04	3.692676e-03
515           	2.406186e-03	6.184067e-04	7.408041e-04	3.692029e-03
516           	2.402089e-03	6.176952e-04	7.403432e-04	3.691842e-03
517           	2.397906e-03	6.169855e-04	7.398907e-04	3.692116e-03
518           	2.393819e-03	6.163372e-04	7.395416e-04	3.693180e-03
519           	2.389648e-03	6.157364e-04	7.391790e-04	3.695010e-03
520           	2.385548e-03	6.148887e-04	7.385874e-04	3.692364e-03
521           	2.381342e-03	6.141817e-04	7.380682e-04	3.692469e-03
522           	2.377292e-03	6.134952e-04	7.376600e-04	3.692116e-03
523           	2.373382e-03	6.128152e-04	7.372815e-04	3.691901e-03
524           	2.369759e-03	6.121609e-04	7.370093e-04	3.692114e-03
525           	2.366996e-03	6.119994e-04	7.384655e-04	3.696991e-03
526           	2.362919e-03	6.113230e-04	7.372275e-04	3.696007e-03
527           	2.359011e-03	6.102529e-04	7.362539e-04	3.694052e-03
528           	2.355232e-03	6.095755e-04	7.356695e-04	3.693122e-03
529           	2.351578e-03	6.089665e-04	7.354404e-04	3.693403e-03
530           	2.347653e-03	6.083828e-04	7.351791e-04	3.694921e-03
531           	2.343677e-03	6.075648e-04	7.346770e-04	3.691961e-03
532           	2.339444e-03	6.068966e-04	7.342367e-04	3.691729e-03
533           	2.335291e-03	6.062448e-04	7.339143e-04	3.690879e-03
534           	2.331241e-03	6.055920e-04	7.335967e-04	3.690197e-03
535           	2.327385e-03	6.049439e-04	7.332990e-04	3.689766e-03
536           	2.323675e-03	6.043109e-04	7.330402e-04	3.689584e-03
537           	2.320135e-03	6.037136e-04	7.328806e-04	3.689687e-03
538           	2.317493e-03	6.036897e-04	7.347452e-04	3.695231e-03
539           	2.313451e-03	6.030280e-04	7.333856e-04	3.693768e-03
540           	2.309676e-03	6.020363e-04	7.325821e-04	3.692437e-03
541           	2.305923e-03	6.014826e-04	7.321315e-04	3.692963e-03
542           	2.302184e-03	6.006975e-04	7.316892e-04	3.689448e-03
543           	2.298058e-03	6.000388e-04	7.312990e-04	3.688988e-03
544           	2.293945e-03	5.994156e-04	7.310143e-04	3.687996e-03
545           	2.289891e-03	5.987976e-04	7.307357e-04	3.686970e-03
546           	2.286000e-03	5.981781e-04	7.304715e-04	3.686094e-03
547           	2.282267e-03	5.975688e-04	7.302198e-04	3.685452e-03
548           	2.278606e-03	5.969679e-04	7.299920e-04	3.684984e-03
549           	2.275076e-03	5.963820e-04	7.298158e-04	3.684774e-03
550           	2.271744e-03	5.958369e-04	7.297545e-04	3.684939e-03
551           	2.269345e-03	5.958894e-04	7.317524e-04	3.691103e-03
552           	2.265459e-03	5.953606e-04	7.305837e-04	3.691305e-03
553           	2.261738e-03	5.941919e-04	7.295700e-04	3.686152e-03
554           	2.257927e-03	5.935513e-04	7.290023e-04	3.684765e-03
555           	2.254146e-03	5.929483e-04	7.287934e-04	3.683101e-03
556           	2.250255e-03	5.923366e-04	7.285775e-04	3.681759e-03
557           	2.246489e-03	5.917349e-04	7.283735e-04	3.680515e-03
558           	2.242768e-03	5.911456e-04	7.281774e-04	3.679243e-03
559           	2.239102e-03	5.905599e-04	7.279983e-04	3.678073e-03
560           	2.235539e-03	5.899849e-04	7.278375e-04	3.676992e-03
561           	2.232119e-03	5.894272e-04	7.277276e-04	3.676129e-03
562           	2.228908e-03	5.889284e-04	7.277562e-04	3.676116e-03
563           	2.225740e-03	5.884961e-04	7.278522e-04	3.677241e-03
564           	2.223355e-03	5.882800e-04	7.293880e-04	3.678381e-03
565           	2.219406e-03	5.876896e-04	7.282858e-04	3.676425e-03
566           	2.215625e-03	5.867183e-04	7.275053e-04	3.672831e-03
567           	2.211965e-03	5.861183e-04	7.271055e-04	3.670118e-03
568           	2.208473e-03	5.855403e-04	7.269740e-04	3.667856e-03
569           	2.204915e-03	5.849568e-04	7.268324e-04	3.665967e-03
570           	2.201303e-03	5.843882e-04	7.266917e-04	3.664166e-03
571           	2.197685e-03	5.838346e-04	7.265677e-04	3.662334e-03
572           	2.194168e-03	5.832923e-04	7.264886e-04	3.660686e-03
573           	2.190881e-03	5.828061e-04	7.265139e-04	3.659796e-03
574           	2.187588e-03	5.823621e-04	7.265383e-04	3.659857e-03
575           	2.184379e-03	5.816767e-04	7.263231e-04	3.655284e-03
576           	2.181082e-03	5.811481e-04	7.262463e-04	3.653825e-03
577           	2.178554e-03	5.810659e-04	7.278542e-04	3.656102e-03
578           	2.174773e-03	5.805301e-04	7.269943e-04	3.653079e-03
579           	2.171269e-03	5.795939e-04	7.262828e-04	3.648974e-03
580           	2.167950e-03	5.790255e-04	7.259401e-04	3.645668e-03
581           	2.164709e-03	5.784779e-04	7.258518e-04	3.642816e-03
582           	2.161338e-03	5.779240e-04	7.257647e-04	3.640283e-03
583           	2.157981e-03	5.773926e-04	7.257001e-04	3.637846e-03
584           	2.154721e-03	5.769231e-04	7.257482e-04	3.636069e-03
585           	2.151424e-03	5.764890e-04	7.257892e-04	3.635202e-03
586           	2.148252e-03	5.758098e-04	7.255747e-04	3.629613e-03
587           	2.144987e-03	5.752665e-04	7.254306e-04	3.626919e-03
588           	2.141829e-03	5.747435e-04	7.254149e-04	3.623662e-03
589           	2.138832e-03	5.742419e-04	7.254861e-04	3.620733e-03
590           	2.136750e-03	5.741912e-04	7.272218e-04	3.622428e-03
591           	2.133428e-03	5.736727e-04	7.263686e-04	3.618501e-03
592           	2.130275e-03	5.727533e-04	7.257018e-04	3.613459e-03
593           	2.127275e-03	5.722055e-04	7.254156e-04	3.609284e-03
594           	2.124327e-03	5.716812e-04	7.254091e-04	3.605689e-03
595           	2.121343e-03	5.711963e-04	7.254896e-04	3.603247e-03
596           	2.118199e-03	5.707558e-04	7.255360e-04	3.601707e-03
597           	2.115077e-03	5.700802e-04	7.253234e-04	3.595421e-03
598           	2.111786e-03	5.695370e-04	7.251840e-04	3.592046e-03
599           	2.108599e-03	5.690094e-04	7.251440e-04	3.588105e-03
600           	2.105555e-03	5.684779e-04	7.251100e-04	3.584302e-03
601           	2.102713e-03	5.679504e-04	7.251073e-04	3.580837e-03
602           	2.100062e-03	5.674499e-04	7.252041e-04	3.577822e-03
603           	2.098260e-03	5.674741e-04	7.272475e-04	3.580053e-03
604           	2.095145e-03	5.669170e-04	7.261962e-04	3.575563e-03
605           	2.092239e-03	5.659821e-04	7.255360e-04	3.570444e-03
606           	2.089582e-03	5.654822e-04	7.253615e-04	3.567077e-03
607           	2.086848e-03	5.650279e-04	7.254125e-04	3.565119e-03
608           	2.083947e-03	5.643113e-04	7.251833e-04	3.558795e-03
609           	2.080774e-03	5.637376e-04	7.250198e-04	3.555446e-03
610           	2.077622e-03	5.631873e-04	7.249712e-04	3.551370e-03
611           	2.074572e-03	5.626260e-04	7.249346e-04	3.547425e-03
612           	2.071717e-03	5.620642e-04	7.248991e-04	3.543707e-03
613           	2.068991e-03	5.615035e-04	7.248857e-04	3.540210e-03
614           	2.066386e-03	5.609510e-04	7.249142e-04	3.537036e-03
615           	2.063950e-03	5.604269e-04	7.250547e-04	3.534263e-03
616           	2.062419e-03	5.604840e-04	7.273588e-04	3.537388e-03
617           	2.059589e-03	5.599212e-04	7.262988e-04	3.533591e-03
618           	2.056823e-03	5.590190e-04	7.257324e-04	3.530122e-03
619           	2.054156e-03	5.582625e-04	7.253002e-04	3.523063e-03
620           	2.051319e-03	5.576532e-04	7.251952e-04	3.519298e-03
621           	2.048313e-03	5.570507e-04	7.251920e-04	3.515342e-03
622           	2.045334e-03	5.564535e-04	7.251962e-04	3.511589e-03
623           	2.042482e-03	5.558612e-04	7.252120e-04	3.507947e-03
624           	2.039750e-03	5.552672e-04	7.252517e-04	3.504487e-03
625           	2.037105e-03	5.546760e-04	7.253047e-04	3.501211e-03
626           	2.034569e-03	5.540898e-04	7.253974e-04	3.498151e-03
627           	2.032181e-03	5.535204e-04	7.255580e-04	3.495465e-03
628           	2.030068e-03	5.530222e-04	7.259103e-04	3.493870e-03
629           	2.028651e-03	5.530582e-04	7.281272e-04	3.498282e-03
630           	2.025888e-03	5.522875e-04	7.270727e-04	3.491520e-03
631           	2.023053e-03	5.512567e-04	7.263900e-04	3.486797e-03
632           	2.020331e-03	5.506146e-04	7.262025e-04	3.482394e-03
633           	2.017693e-03	5.499880e-04	7.262866e-04	3.478505e-03
634           	2.015041e-03	5.493517e-04	7.263601e-04	3.475095e-03
635           	2.012456e-03	5.487284e-04	7.264411e-04	3.471891e-03
636           	2.009868e-03	5.481138e-04	7.265306e-04	3.468731e-03
637           	2.007365e-03	5.475003e-04	7.266495e-04	3.465691e-03
638           	2.005014e-03	5.468997e-04	7.268038e-04	3.462931e-03
639           	2.002871e-03	5.463489e-04	7.270819e-04	3.461048e-03
640           	2.000738e-03	5.458412e-04	7.273671e-04	3.460280e-03
641           	1.998763e-03	5.451056e-04	7.274622e-04	3.455072e-03
642           	1.997337e-03	5.449370e-04	7.292989e-04	3.457365e-03
643           	1.994647e-03	5.443123e-04	7.285948e-04	3.453383e-03
644           	1.992219e-03	5.432884e-04	7.280648e-04	3.448364e-03
645           	1.990039e-03	5.426245e-04	7.279281e-04	3.444342e-03
646           	1.987986e-03	5.419794e-04	7.280611e-04	3.440787e-03
647           	1.985800e-03	5.413238e-04	7.281781e-04	3.437631e-03
648           	1.983596e-03	5.406798e-04	7.283065e-04	3.434612e-03
649           	1.981433e-03	5.400496e-04	7.284712e-04	3.431708e-03
650           	1.979461e-03	5.394658e-04	7.287531e-04	3.429629e-03
651           	1.977521e-03	5.389187e-04	7.290162e-04	3.428549e-03
652           	1.975717e-03	5.381280e-04	7.290223e-04	3.422748e-03
653           	1.973808e-03	5.374719e-04	7.291128e-04	3.420048e-03
654           	1.972023e-03	5.368513e-04	7.293936e-04	3.417039e-03
655           	1.971058e-03	5.366553e-04	7.313386e-04	3.418571e-03
656           	1.968942e-03	5.360086e-04	7.307052e-04	3.414726e-03
657           	1.967069e-03	5.349645e-04	7.302299e-04	3.409754e-03
658           	1.965333e-03	5.342808e-04	7.301391e-04	3.405707e-03
659           	1.963683e-03	5.336130e-04	7.303194e-04	3.402150e-03
660           	1.961920e-03	5.329422e-04	7.305102e-04	3.399090e-03
661           	1.960262e-03	5.323310e-04	7.308090e-04	3.396911e-03
662           	1.958529e-03	5.317579e-04	7.310807e-04	3.395611e-03
663           	1.956888e-03	5.309380e-04	7.310995e-04	3.389564e-03
664           	1.955151e-03	5.302509e-04	7.311890e-04	3.386485e-03
665           	1.953536e-03	5.295779e-04	7.313951e-04	3.382782e-03
666           	1.952060e-03	5.289040e-04	7.316266e-04	3.379305e-03
667           	1.950857e-03	5.282513e-04	7.319568e-04	3.376324e-03
668           	1.950529e-03	5.280776e-04	7.341444e-04	3.378323e-03
669           	1.948914e-03	5.273897e-04	7.334204e-04	3.374045e-03
670           	1.947523e-03	5.263146e-04	7.329744e-04	3.368747e-03
671           	1.946324e-03	5.256178e-04	7.329459e-04	3.364519e-03
672           	1.945278e-03	5.249834e-04	7.332909e-04	3.361530e-03
673           	1.943984e-03	5.243652e-04	7.335873e-04	3.359776e-03
674           	1.942679e-03	5.235170e-04	7.336188e-04	3.353211e-03
675           	1.941155e-03	5.228083e-04	7.337179e-04	3.349548e-03
676           	1.939747e-03	5.221117e-04	7.339396e-04	3.345231e-03
677           	1.938479e-03	5.214144e-04	7.341577e-04	3.341035e-03
678           	1.937412e-03	5.207183e-04	7.343941e-04	3.337049e-03
679           	1.936515e-03	5.200300e-04	7.346717e-04	3.333304e-03
680           	1.935782e-03	5.193697e-04	7.350561e-04	3.329877e-03
681           	1.935928e-03	5.192717e-04	7.376281e-04	3.332189e-03
682           	1.934753e-03	5.185400e-04	7.367168e-04	3.327073e-03
683           	1.933868e-03	5.174888e-04	7.364055e-04	3.322032e-03
684           	1.933024e-03	5.168589e-04	7.364836e-04	3.318935e-03
685           	1.932206e-03	5.160031e-04	7.365739e-04	3.311543e-03
686           	1.931010e-03	5.152656e-04	7.367223e-04	3.307300e-03
687           	1.929807e-03	5.145578e-04	7.369875e-04	3.302513e-03
688           	1.928644e-03	5.138554e-04	7.372561e-04	3.297716e-03
689           	1.927654e-03	5.131507e-04	7.375482e-04	3.293068e-03
690           	1.926814e-03	5.124531e-04	7.378570e-04	3.288597e-03
691           	1.926088e-03	5.117602e-04	7.381975e-04	3.284276e-03
692           	1.925508e-03	5.110794e-04	7.385923e-04	3.280224e-03
693           	1.925135e-03	5.104362e-04	7.391227e-04	3.276589e-03
694           	1.925726e-03	5.103793e-04	7.418795e-04	3.279231e-03
695           	1.924908e-03	5.097409e-04	7.412125e-04	3.275515e-03
696           	1.924272e-03	5.084820e-04	7.407033e-04	3.266295e-03
697           	1.923538e-03	5.077397e-04	7.406727e-04	3.261027e-03
698           	1.922854e-03	5.070316e-04	7.410280e-04	3.255564e-03
699           	1.922050e-03	5.063129e-04	7.413719e-04	3.250521e-03
700           	1.921352e-03	5.056055e-04	7.417229e-04	3.245700e-03
701           	1.920677e-03	5.049102e-04	7.420764e-04	3.240931e-03
702           	1.920034e-03	5.042151e-04	7.424482e-04	3.236302e-03
703           	1.919468e-03	5.035276e-04	7.428374e-04	3.231879e-03
704           	1.918986e-03	5.028535e-04	7.432743e-04	3.227782e-03
705           	1.918687e-03	5.022364e-04	7.438396e-04	3.224601e-03
706           	1.918411e-03	5.016784e-04	7.444650e-04	3.222744e-03
707           	1.918894e-03	5.013348e-04	7.466337e-04	3.220919e-03
708           	1.917812e-03	5.006156e-04	7.459535e-04	3.215864e-03
709           	1.916879e-03	4.995273e-04	7.456119e-04	3.209153e-03
710           	1.916041e-03	4.988015e-04	7.456757e-04	3.203448e-03
711           	1.915351e-03	4.980956e-04	7.460040e-04	3.198357e-03
712           	1.914574e-03	4.973822e-04	7.463094e-04	3.193691e-03
713           	1.913754e-03	4.966814e-04	7.466062e-04	3.189194e-03
714           	1.912925e-03	4.959937e-04	7.469002e-04	3.184786e-03
715           	1.912177e-03	4.953169e-04	7.472302e-04	3.180674e-03
716           	1.911643e-03	4.946956e-04	7.476692e-04	3.177414e-03
717           	1.911085e-03	4.941119e-04	7.480928e-04	3.175246e-03
718           	1.910637e-03	4.932918e-04	7.482458e-04	3.168456e-03
719           	1.910120e-03	4.926245e-04	7.485311e-04	3.164954e-03
720           	1.910355e-03	4.923996e-04	7.506249e-04	3.165449e-03
721           	1.909370e-03	4.917271e-04	7.500481e-04	3.160459e-03
722           	1.908667e-03	4.906641e-04	7.496153e-04	3.154459e-03
723           	1.908164e-03	4.899613e-04	7.495745e-04	3.149432e-03
724           	1.907757e-03	4.892801e-04	7.497906e-04	3.144914e-03
725           	1.907237e-03	4.885939e-04	7.499893e-04	3.140879e-03
726           	1.906721e-03	4.879325e-04	7.502027e-04	3.137183e-03
727           	1.906338e-03	4.873324e-04	7.505184e-04	3.134256e-03
728           	1.905942e-03	4.867648e-04	7.507998e-04	3.132350e-03
729           	1.905656e-03	4.859646e-04	7.507975e-04	3.125688e-03
730           	1.905273e-03	4.852993e-04	7.508683e-04	3.122157e-03
731           	1.904977e-03	4.846568e-04	7.510495e-04	3.118177e-03
732           	1.904848e-03	4.840381e-04	7.513072e-04	3.114638e-03
733           	1.905611e-03	4.838671e-04	7.533415e-04	3.115958e-03
734           	1.905150e-03	4.832301e-04	7.525737e-04	3.111595e-03
735           	1.904848e-03	4.822097e-04	7.519911e-04	3.106113e-03
736           	1.904702e-03	4.815576e-04	7.518039e-04	3.101646e-03
737           	1.904619e-03	4.809340e-04	7.518998e-04	3.097846e-03
738           	1.904480e-03	4.803527e-04	7.520719e-04	3.095294e-03
739           	1.904198e-03	4.798133e-04	7.521926e-04	3.093673e-03
740           	1.903936e-03	4.790471e-04	7.520206e-04	3.087116e-03
741           	1.903508e-03	4.784135e-04	7.519064e-04	3.083669e-03
742           	1.903209e-03	4.778010e-04	7.518869e-04	3.079642e-03
743           	1.903048e-03	4.771903e-04	7.518622e-04	3.075768e-03
744           	1.903089e-03	4.765891e-04	7.518466e-04	3.072315e-03
745           	1.903341e-03	4.760175e-04	7.519157e-04	3.069254e-03
746           	1.904382e-03	4.759676e-04	7.540613e-04	3.071666e-03
747           	1.904075e-03	4.753446e-04	7.528669e-04	3.067113e-03
748           	1.903933e-03	4.743601e-04	7.520817e-04	3.061870e-03
749           	1.904013e-03	4.738072e-04	7.518086e-04	3.058552e-03
750           	1.903998e-03	4.733020e-04	7.517709e-04	3.056688e-03
751           	1.903851e-03	4.725490e-04	7.514185e-04	3.050323e-03
752           	1.903454e-03	4.719413e-04	7.511125e-04	3.047012e-03
753           	1.903078e-03	4.713625e-04	7.509029e-04	3.042999e-03
754           	1.902809e-03	4.707812e-04	7.506925e-04	3.039156e-03
755           	1.902712e-03	4.702055e-04	7.504703e-04	3.035591e-03
756           	1.902705e-03	4.696379e-04	7.502576e-04	3.032194e-03
757           	1.902808e-03	4.690832e-04	7.500714e-04	3.029106e-03
758           	1.903101e-03	4.685632e-04	7.499806e-04	3.026411e-03
759           	1.904273e-03	4.686243e-04	7.521909e-04	3.029737e-03
760           	1.904180e-03	4.680729e-04	7.507757e-04	3.026153e-03
761           	1.904183e-03	4.671970e-04	7.498758e-04	3.022853e-03
762           	1.904301e-03	4.664698e-04	7.490941e-04	3.015812e-03
763           	1.904258e-03	4.658931e-04	7.486507e-04	3.012227e-03
764           	1.904017e-03	4.653283e-04	7.482882e-04	3.008476e-03
765           	1.903804e-03	4.647735e-04	7.479113e-04	3.004866e-03
766           	1.903690e-03	4.642278e-04	7.475312e-04	3.001367e-03
767           	1.903633e-03	4.636850e-04	7.471606e-04	2.998094e-03
768           	1.903643e-03	4.631513e-04	7.467814e-04	2.994945e-03
769           	1.903727e-03	4.626260e-04	7.464185e-04	2.992057e-03
770           	1.903952e-03	4.621204e-04	7.461060e-04	2.989462e-03
771           	1.904443e-03	4.616908e-04	7.459839e-04	2.987912e-03
772           	1.905627e-03	4.617894e-04	7.478368e-04	2.992442e-03
773           	1.905505e-03	4.610903e-04	7.461690e-04	2.985649e-03
774           	1.905302e-03	4.601430e-04	7.448827e-04	2.980922e-03
775           	1.905202e-03	4.595801e-04	7.441137e-04	2.976499e-03
776           	1.905194e-03	4.590370e-04	7.436193e-04	2.972634e-03
777           	1.905166e-03	4.584878e-04	7.430995e-04	2.969246e-03
778           	1.905180e-03	4.579527e-04	7.425731e-04	2.965946e-03
779           	1.905182e-03	4.574299e-04	7.420374e-04	2.962694e-03
780           	1.905236e-03	4.569114e-04	7.415115e-04	2.959709e-03
781           	1.905384e-03	4.564075e-04	7.410158e-04	2.956952e-03
782           	1.905717e-03	4.559577e-04	7.406410e-04	2.955079e-03
783           	1.906033e-03	4.555504e-04	7.402640e-04	2.954395e-03
784           	1.906486e-03	4.549247e-04	7.396695e-04	2.949169e-03
785           	1.907438e-03	4.548644e-04	7.409232e-04	2.951491e-03
786           	1.907057e-03	4.543481e-04	7.394560e-04	2.947456e-03
787           	1.906861e-03	4.534428e-04	7.381704e-04	2.942338e-03
788           	1.906849e-03	4.528947e-04	7.372971e-04	2.938283e-03
789           	1.906950e-03	4.523697e-04	7.366939e-04	2.934635e-03
790           	1.906927e-03	4.518366e-04	7.360650e-04	2.931361e-03
791           	1.906859e-03	4.513176e-04	7.354291e-04	2.928293e-03
792           	1.906809e-03	4.508169e-04	7.348111e-04	2.925359e-03
793           	1.906905e-03	4.503643e-04	7.343224e-04	2.923323e-03
794           	1.906978e-03	4.499445e-04	7.338107e-04	2.922255e-03
795           	1.907108e-03	4.492873e-04	7.330171e-04	2.916402e-03
796           	1.907098e-03	4.487625e-04	7.323079e-04	2.913663e-03
797           	1.907196e-03	4.482737e-04	7.317920e-04	2.910717e-03
798           	1.908072e-03	4.482114e-04	7.330314e-04	2.912268e-03
799           	1.907764e-03	4.476993e-04	7.315174e-04	2.908358e-03
800           	1.907677e-03	4.467989e-04	7.301691e-04	2.903381e-03
801           	1.907678e-03	4.462552e-04	7.292214e-04	2.899265e-03
802           	1.907708e-03	4.457307e-04	7.285574e-04	2.895648e-03
803           	1.907561e-03	4.452063e-04	7.278975e-04	2.892580e-03
804           	1.907498e-03	4.447441e-04	7.273581e-04	2.890282e-03
805           	1.907300e-03	4.443170e-04	7.267863e-04	2.888782e-03
806           	1.907129e-03	4.436476e-04	7.259394e-04	2.882501e-03
807           	1.906841e-03	4.431086e-04	7.251649e-04	2.879204e-03
808           	1.906649e-03	4.425844e-04	7.245078e-04	2.875264e-03
809           	1.906546e-03	4.420607e-04	7.238778e-04	2.871442e-03
810           	1.906686e-03	4.415616e-04	7.233575e-04	2.868131e-03
811           	1.907666e-03	4.415426e-04	7.248092e-04	2.869750e-03
812           	1.907340e-03	4.410069e-04	7.231673e-04	2.865118e-03
813           	1.907118e-03	4.400937e-04	7.218210e-04	2.859439e-03
814           	1.906987e-03	4.395555e-04	7.209204e-04	2.854759e-03
815           	1.906958e-03	4.390790e-04	7.204163e-04	2.851386e-03
816           	1.906666e-03	4.386164e-04	7.198642e-04	2.849201e-03
817           	1.906335e-03	4.379285e-04	7.190267e-04	2.842185e-03
818           	1.905769e-03	4.373808e-04	7.182600e-04	2.838055e-03
819           	1.905340e-03	4.368450e-04	7.176233e-04	2.833203e-03
820           	1.904991e-03	4.363067e-04	7.169884e-04	2.828430e-03
821           	1.904810e-03	4.357698e-04	7.163797e-04	2.823940e-03
822           	1.904760e-03	4.352392e-04	7.157997e-04	2.819689e-03
823           	1.904857e-03	4.347374e-04	7.153360e-04	2.815774e-03
824           	1.905806e-03	4.347989e-04	7.171848e-04	2.817615e-03
825           	1.905372e-03	4.342232e-04	7.153364e-04	2.812002e-03
826           	1.905182e-03	4.333335e-04	7.141314e-04	2.806463e-03
827           	1.904989e-03	4.328595e-04	7.133337e-04	2.802900e-03
828           	1.904767e-03	4.321627e-04	7.125359e-04	2.795067e-03
829           	1.904149e-03	4.315878e-04	7.117933e-04	2.790503e-03
830           	1.903502e-03	4.310442e-04	7.111610e-04	2.785337e-03
831           	1.902878e-03	4.305065e-04	7.105296e-04	2.780153e-03
832           	1.902407e-03	4.299649e-04	7.099132e-04	2.775133e-03
833           	1.902031e-03	4.294287e-04	7.093065e-04	2.770303e-03
834           	1.901699e-03	4.288950e-04	7.087268e-04	2.765646e-03
835           	1.901465e-03	4.283708e-04	7.082053e-04	2.761240e-03
836           	1.901354e-03	4.278862e-04	7.078126e-04	2.757209e-03
837           	1.902109e-03	4.279881e-04	7.097641e-04	2.759338e-03
838           	1.901400e-03	4.275021e-04	7.080965e-04	2.755100e-03
839           	1.900851e-03	4.264044e-04	7.065946e-04	2.745434e-03
840           	1.900216e-03	4.258189e-04	7.055955e-04	2.739628e-03
841           	1.899590e-03	4.252681e-04	7.049955e-04	2.733555e-03
842           	1.898841e-03	4.247068e-04	7.043752e-04	2.727823e-03
843           	1.898191e-03	4.241564e-04	7.037699e-04	2.722380e-03
844           	1.897556e-03	4.236171e-04	7.031738e-04	2.716970e-03
845           	1.896950e-03	4.230794e-04	7.026091e-04	2.711610e-03
846           	1.896420e-03	4.225492e-04	7.020657e-04	2.706493e-03
847           	1.895979e-03	4.220354e-04	7.015755e-04	2.701631e-03
848           	1.895774e-03	4.215797e-04	7.012347e-04	2.697706e-03
849           	1.895593e-03	4.211833e-04	7.009680e-04	2.694944e-03
850           	1.896134e-03	4.210054e-04	7.023363e-04	2.692241e-03
851           	1.895116e-03	4.204461e-04	7.007119e-04	2.686380e-03
852           	1.894288e-03	4.195216e-04	6.994612e-04	2.678919e-03
853           	1.893576e-03	4.189629e-04	6.986465e-04	2.672346e-03
854           	1.893044e-03	4.184259e-04	6.981300e-04	2.666284e-03
855           	1.892431e-03	4.178845e-04	6.975981e-04	2.660638e-03
856           	1.891775e-03	4.173578e-04	6.970655e-04	2.655118e-03
857           	1.891111e-03	4.168445e-04	6.965501e-04	2.649719e-03
858           	1.890507e-03	4.163428e-04	6.960842e-04	2.644470e-03
859           	1.890094e-03	4.158948e-04	6.957425e-04	2.640111e-03
860           	1.889674e-03	4.154859e-04	6.953976e-04	2.636871e-03
861           	1.889307e-03	4.148461e-04	6.947821e-04	2.628911e-03
862           	1.888840e-03	4.143604e-04	6.943188e-04	2.624173e-03
863           	1.889099e-03	4.143188e-04	6.957643e-04	2.623407e-03
864           	1.888094e-03	4.138228e-04	6.944166e-04	2.617134e-03
865           	1.887336e-03	4.129432e-04	6.932401e-04	2.609745e-03
866           	1.886772e-03	4.124234e-04	6.924916e-04	2.603274e-03
867           	1.886268e-03	4.119254e-04	6.920280e-04	2.597283e-03
868           	1.885562e-03	4.114215e-04	6.915537e-04	2.591745e-03
869           	1.884849e-03	4.109402e-04	6.911041e-04	2.586417e-03
870           	1.884242e-03	4.105203e-04	6.907733e-04	2.581837e-03
871           	1.883587e-03	4.101270e-04	6.904289e-04	2.578250e-03
872           	1.883014e-03	4.095016e-04	6.897997e-04	2.569897e-03
873           	1.882324e-03	4.090114e-04	6.892580e-04	2.564547e-03
874           	1.881703e-03	4.085424e-04	6.888513e-04	2.558778e-03
875           	1.881226e-03	4.080945e-04	6.885411e-04	2.553449e-03
876           	1.881598e-03	4.080972e-04	6.901125e-04	2.552877e-03
877           	1.880729e-03	4.076273e-04	6.887503e-04	2.546561e-03
878           	1.880007e-03	4.067761e-04	6.875937e-04	2.539167e-03
879           	1.879422e-03	4.062920e-04	6.868687e-04	2.532739e-03
880           	1.878881e-03	4.058369e-04	6.864566e-04	2.526960e-03
881           	1.878278e-03	4.054255e-04	6.861363e-04	2.522357e-03
882           	1.877562e-03	4.050545e-04	6.857756e-04	2.518674e-03
883           	1.876836e-03	4.044567e-04	6.851255e-04	2.510158e-03
884           	1.875941e-03	4.039906e-04	6.845615e-04	2.504662e-03
885           	1.875166e-03	4.035452e-04	6.841109e-04	2.498588e-03
886           	1.874515e-03	4.031015e-04	6.836669e-04	2.492719e-03
887           	1.874068e-03	4.026677e-04	6.832536e-04	2.487203e-03
888           	1.873817e-03	4.022645e-04	6.829560e-04	2.482087e-03
889           	1.874353e-03	4.023883e-04	6.848507e-04	2.482415e-03
890           	1.873557e-03	4.019317e-04	6.832514e-04	2.475888e-03
891           	1.872936e-03	4.011164e-04	6.821010e-04	2.468731e-03
892           	1.872541e-03	4.007299e-04	6.814962e-04	2.463348e-03
893           	1.872072e-03	4.003878e-04	6.811452e-04	2.459407e-03
894           	1.871407e-03	3.998007e-04	6.804815e-04	2.451119e-03
895           	1.870486e-03	3.993632e-04	6.798883e-04	2.445865e-03
896           	1.869580e-03	3.989530e-04	6.794146e-04	2.439912e-03
897           	1.868754e-03	3.985390e-04	6.789527e-04	2.434096e-03
898           	1.868095e-03	3.981294e-04	6.784931e-04	2.428601e-03
899           	1.867539e-03	3.977279e-04	6.780562e-04	2.423297e-03
900           	1.867025e-03	3.973398e-04	6.776567e-04	2.418277e-03
901           	1.866656e-03	3.969873e-04	6.773722e-04	2.413678e-03
902           	1.867165e-03	3.972186e-04	6.795272e-04	2.415131e-03
903           	1.866389e-03	3.968275e-04	6.778800e-04	2.409561e-03
904           	1.865691e-03	3.961107e-04	6.767829e-04	2.404294e-03
905           	1.865076e-03	3.955456e-04	6.758280e-04	2.395354e-03
906           	1.864271e-03	3.951301e-04	6.752381e-04	2.389879e-03
907           	1.863269e-03	3.947278e-04	6.747534e-04	2.384182e-03
908           	1.862280e-03	3.943398e-04	6.742724e-04	2.378645e-03
909           	1.861411e-03	3.939605e-04	6.737957e-04	2.373169e-03
910           	1.860633e-03	3.935834e-04	6.733443e-04	2.367921e-03
911           	1.859925e-03	3.932134e-04	6.729012e-04	2.362903e-03
912           	1.859316e-03	3.928553e-04	6.724949e-04	2.358138e-03
913           	1.858838e-03	3.925191e-04	6.721532e-04	2.353844e-03
914           	1.858579e-03	3.922606e-04	6.720285e-04	2.350645e-03
915           	1.859000e-03	3.925351e-04	6.740025e-04	2.353519e-03
916           	1.858064e-03	3.920044e-04	6.722852e-04	2.345030e-03
917           	1.857044e-03	3.912275e-04	6.709835e-04	2.338642e-03
918           	1.856128e-03	3.908374e-04	6.702367e-04	2.332655e-03
919           	1.855309e-03	3.904651e-04	6.697879e-04	2.327237e-03
920           	1.854453e-03	3.900848e-04	6.693239e-04	2.322407e-03
921           	1.853640e-03	3.897193e-04	6.688653e-04	2.317766e-03
922           	1.852838e-03	3.893658e-04	6.684055e-04	2.313211e-03
923           	1.852146e-03	3.890178e-04	6.679682e-04	2.308854e-03
924           	1.851588e-03	3.886864e-04	6.675661e-04	2.304825e-03
925           	1.851232e-03	3.884099e-04	6.672963e-04	2.301767e-03
926           	1.850856e-03	3.881754e-04	6.670334e-04	2.299813e-03
927           	1.850613e-03	3.877206e-04	6.665515e-04	2.293397e-03
928           	1.850900e-03	3.878369e-04	6.680309e-04	2.294620e-03
929           	1.849877e-03	3.874899e-04	6.666424e-04	2.289465e-03
930           	1.849024e-03	3.867562e-04	6.654450e-04	2.283355e-03
931           	1.848377e-03	3.863827e-04	6.646850e-04	2.278311e-03
932           	1.847849e-03	3.860301e-04	6.642180e-04	2.273796e-03
933           	1.847207e-03	3.856695e-04	6.637308e-04	2.269737e-03
934           	1.846525e-03	3.853256e-04	6.632497e-04	2.265836e-03
935           	1.845876e-03	3.850012e-04	6.628019e-04	2.262166e-03
936           	1.845409e-03	3.847228e-04	6.624869e-04	2.259451e-03
937           	1.844918e-03	3.844752e-04	6.621425e-04	2.257741e-03
938           	1.844501e-03	3.839913e-04	6.615048e-04	2.251295e-03
939           	1.843933e-03	3.836442e-04	6.609597e-04	2.248002e-03
940           	1.843499e-03	3.833356e-04	6.606245e-04	2.244536e-03
941           	1.843869e-03	3.834588e-04	6.621621e-04	2.245716e-03
942           	1.843080e-03	3.831249e-04	6.607879e-04	2.241509e-03
943           	1.842495e-03	3.824051e-04	6.595803e-04	2.236305e-03
944           	1.842026e-03	3.820470e-04	6.588047e-04	2.232052e-03
945           	1.841618e-03	3.817064e-04	6.583329e-04	2.228420e-03
946           	1.841094e-03	3.813626e-04	6.578655e-04	2.225454e-03
947           	1.840603e-03	3.810800e-04	6.575157e-04	2.223489e-03
948           	1.840003e-03	3.808313e-04	6.571314e-04	2.222414e-03
949           	1.839433e-03	3.803450e-04	6.564519e-04	2.216632e-03
950           	1.838696e-03	3.799935e-04	6.558428e-04	2.213995e-03
951           	1.838023e-03	3.796566e-04	6.553566e-04	2.210809e-03
952           	1.837447e-03	3.793215e-04	6.548961e-04	2.207919e-03
953           	1.837084e-03	3.790100e-04	6.545390e-04	2.205601e-03
954           	1.837520e-03	3.791817e-04	6.562598e-04	2.208393e-03
955           	1.836625e-03	3.788275e-04	6.546948e-04	2.204949e-03
956           	1.835906e-03	3.780983e-04	6.534433e-04	2.200599e-03
957           	1.835371e-03	3.777484e-04	6.526562e-04	2.197358e-03
958           	1.834975e-03	3.774614e-04	6.522819e-04	2.195417e-03
959           	1.834292e-03	3.771828e-04	6.518459e-04	2.194721e-03
960           	1.833568e-03	3.766785e-04	6.511017e-04	2.189386e-03
961           	1.832605e-03	3.763144e-04	6.504223e-04	2.186963e-03
962           	1.831718e-03	3.759606e-04	6.498702e-04	2.184031e-03
963           	1.830906e-03	3.756036e-04	6.493076e-04	2.181368e-03
964           	1.830262e-03	3.752449e-04	6.487551e-04	2.179034e-03
965           	1.829773e-03	3.748922e-04	6.482358e-04	2.177081e-03
966           	1.829458e-03	3.745673e-04	6.478303e-04	2.175618e-03
967           	1.830016e-03	3.748072e-04	6.498822e-04	2.180015e-03
968           	1.829242e-03	3.743956e-04	6.480062e-04	2.176961e-03
969           	1.828723e-03	3.736729e-04	6.468013e-04	2.174100e-03
970           	1.828247e-03	3.733673e-04	6.460164e-04	2.173242e-03
971           	1.827812e-03	3.728362e-04	6.452219e-04	2.168249e-03
972           	1.827018e-03	3.724232e-04	6.444746e-04	2.166572e-03
973           	1.826220e-03	3.720368e-04	6.438410e-04	2.164412e-03
974           	1.825428e-03	3.716534e-04	6.432015e-04	2.162333e-03
975           	1.824764e-03	3.712664e-04	6.425758e-04	2.160504e-03
976           	1.824238e-03	3.708867e-04	6.419481e-04	2.158903e-03
977           	1.823767e-03	3.705126e-04	6.413401e-04	2.157529e-03
978           	1.823389e-03	3.701469e-04	6.407765e-04	2.156435e-03
979           	1.823177e-03	3.698180e-04	6.403427e-04	2.155810e-03
980           	1.823844e-03	3.700788e-04	6.423951e-04	2.161572e-03
981           	1.823068e-03	3.697374e-04	6.405827e-04	2.160899e-03
982           	1.822410e-03	3.687843e-04	6.389400e-04	2.154720e-03
983           	1.821635e-03	3.683438e-04	6.378200e-04	2.152506e-03
984           	1.820907e-03	3.679368e-04	6.371201e-04	2.150131e-03
985           	1.820032e-03	3.675220e-04	6.363972e-04	2.148175e-03
986           	1.819245e-03	3.671181e-04	6.356678e-04	2.146485e-03
987           	1.818495e-03	3.667225e-04	6.349373e-04	2.144883e-03
988           	1.817792e-03	3.663250e-04	6.342237e-04	2.143384e-03
989           	1.817235e-03	3.659333e-04	6.335150e-04	2.142039e-03
990           	1.816823e-03	3.655556e-04	6.328474e-04	2.140988e-03
991           	1.816640e-03	3.652338e-04	6.323255e-04	2.140899e-03
992           	1.816530e-03	3.649689e-04	6.318694e-04	2.142050e-03
993           	1.817214e-03	3.649272e-04	6.331481e-04	2.143241e-03
994           	1.816381e-03	3.644953e-04	6.312240e-04	2.141195e-03
995           	1.815697e-03	3.636981e-04	6.296812e-04	2.137489e-03
996           	1.815128e-03	3.632585e-04	6.285895e-04	2.134746e-03
997           	1.814710e-03	3.628371e-04	6.278056e-04	2.132545e-03
998           	1.814181e-03	3.624063e-04	6.269854e-04	2.130683e-03
999           	1.813568e-03	3.619877e-04	6.261573e-04	2.128939e-03
1000          	1.812902e-03	3.615791e-04	6.253410e-04	2.127221e-03
1001          	1.812270e-03	3.611815e-04	6.245649e-04	2.125754e-03
1002          	1.811801e-03	3.608378e-04	6.239062e-04	2.125182e-03
1003          	1.811284e-03	3.605230e-04	6.232305e-04	2.125610e-03
1004          	1.810826e-03	3.599691e-04	6.222562e-04	2.121334e-03
1005          	1.810261e-03	3.595662e-04	6.214361e-04	2.120312e-03
1006          	1.810381e-03	3.596059e-04	6.226517e-04	2.123143e-03
1007          	1.809232e-03	3.591820e-04	6.208772e-04	2.120403e-03
1008          	1.808281e-03	3.583696e-04	6.192649e-04	2.116629e-03
1009          	1.807448e-03	3.579155e-04	6.180944e-04	2.113830e-03
1010          	1.806645e-03	3.574776e-04	6.172179e-04	2.111491e-03
1011          	1.805673e-03	3.570347e-04	6.163232e-04	2.109590e-03
1012          	1.804671e-03	3.566120e-04	6.154464e-04	2.107998e-03
1013          	1.803754e-03	3.562489e-04	6.146906e-04	2.107193e-03
1014          	1.802779e-03	3.559082e-04	6.139117e-04	2.107334e-03
1015          	1.801852e-03	3.553307e-04	6.128209e-04	2.102661e-03
1016          	1.800791e-03	3.548862e-04	6.118039e-04	2.101054e-03
1017          	1.799802e-03	3.544632e-04	6.109257e-04	2.098968e-03
1018          	1.798979e-03	3.540580e-04	6.101467e-04	2.097309e-03
1019          	1.799021e-03	3.541036e-04	6.113636e-04	2.100445e-03
1020          	1.797828e-03	3.536710e-04	6.094443e-04	2.097812e-03
1021          	1.796825e-03	3.528495e-04	6.077479e-04	2.094078e-03
1022          	1.795989e-03	3.523940e-04	6.064980e-04	2.091282e-03
1023          	1.795216e-03	3.519588e-04	6.055761e-04	2.089169e-03
1024          	1.794373e-03	3.515654e-04	6.047389e-04	2.088279e-03
1025          	1.793339e-03	3.512103e-04	6.038538e-04	2.088310e-03
1026          	1.792274e-03	3.506268e-04	6.026525e-04	2.083497e-03
1027          	1.791047e-03	3.501710e-04	6.015270e-04	2.081671e-03
1028          	1.789944e-03	3.497347e-04	6.005236e-04	2.079273e-03
1029          	1.788932e-03	3.492917e-04	5.995235e-04	2.077055e-03
1030          	1.788103e-03	3.488543e-04	5.985518e-04	2.075229e-03
1031          	1.787483e-03	3.484432e-04	5.976886e-04	2.073817e-03
1032          	1.787699e-03	3.485595e-04	5.991576e-04	2.077820e-03
1033          	1.786600e-03	3.480843e-04	5.968923e-04	2.074866e-03
1034          	1.785698e-03	3.472539e-04	5.950913e-04	2.071234e-03
1035          	1.785047e-03	3.468518e-04	5.938720e-04	2.069386e-03
1036          	1.784300e-03	3.464881e-04	5.929151e-04	2.068893e-03
1037          	1.783392e-03	3.458788e-04	5.916147e-04	2.063905e-03
1038          	1.782209e-03	3.454166e-04	5.903777e-04	2.061952e-03
1039          	1.781034e-03	3.449804e-04	5.892620e-04	2.059262e-03
1040          	1.779958e-03	3.445354e-04	5.881557e-04	2.056654e-03
1041          	1.779055e-03	3.440906e-04	5.870410e-04	2.054309e-03
1042          	1.778274e-03	3.436475e-04	5.859417e-04	2.052175e-03
1043          	1.777557e-03	3.432135e-04	5.848772e-04	2.050297e-03
1044          	1.777007e-03	3.428155e-04	5.839286e-04	2.048794e-03
1045          	1.777299e-03	3.430055e-04	5.855814e-04	2.053358e-03
1046          	1.776282e-03	3.425631e-04	5.831828e-04	2.050765e-03
1047          	1.775349e-03	3.417896e-04	5.813704e-04	2.048476e-03
1048          	1.774516e-03	3.411666e-04	5.797023e-04	2.042467e-03
1049          	1.773476e-03	3.406938e-04	5.784148e-04	2.039829e-03
1050          	1.772246e-03	3.402294e-04	5.772325e-04	2.036908e-03
1051          	1.771040e-03	3.397738e-04	5.760471e-04	2.034172e-03
1052          	1.769955e-03	3.393281e-04	5.748649e-04	2.031559e-03
1053          	1.768929e-03	3.388829e-04	5.737035e-04	2.029150e-03
1054          	1.767969e-03	3.384450e-04	5.725522e-04	2.026930e-03
1055          	1.767061e-03	3.380143e-04	5.714308e-04	2.024891e-03
1056          	1.766261e-03	3.376038e-04	5.703769e-04	2.023195e-03
1057          	1.765732e-03	3.372678e-04	5.695492e-04	2.022603e-03
1058          	1.765825e-03	3.374608e-04	5.709500e-04	2.028157e-03
1059          	1.764577e-03	3.368397e-04	5.684237e-04	2.022154e-03
1060          	1.763216e-03	3.359712e-04	5.663283e-04	2.018221e-03
1061          	1.761961e-03	3.354890e-04	5.648169e-04	2.014643e-03
1062          	1.760734e-03	3.350229e-04	5.636258e-04	2.011604e-03
1063          	1.759465e-03	3.345461e-04	5.624168e-04	2.009038e-03
1064          	1.758196e-03	3.340821e-04	5.612089e-04	2.006622e-03
1065          	1.756870e-03	3.336299e-04	5.600020e-04	2.004258e-03
1066          	1.755613e-03	3.331784e-04	5.588269e-04	2.002047e-03
1067          	1.754442e-03	3.327410e-04	5.576887e-04	2.000159e-03
1068          	1.753434e-03	3.323545e-04	5.567014e-04	1.999154e-03
1069          	1.752394e-03	3.320058e-04	5.557274e-04	1.999243e-03
1070          	1.751456e-03	3.314390e-04	5.545235e-04	1.994777e-03
1071          	1.751022e-03	3.314458e-04	5.554117e-04	1.998032e-03
1072          	1.749287e-03	3.309794e-04	5.532612e-04	1.994778e-03
1073          	1.747744e-03	3.301277e-04	5.513170e-04	1.990513e-03
1074          	1.746431e-03	3.296354e-04	5.498461e-04	1.987302e-03
1075          	1.745233e-03	3.291617e-04	5.486877e-04	1.984574e-03
1076          	1.743870e-03	3.286815e-04	5.475076e-04	1.982331e-03
1077          	1.742505e-03	3.282125e-04	5.463360e-04	1.980247e-03
1078          	1.741169e-03	3.277638e-04	5.451996e-04	1.978319e-03
1079          	1.740006e-03	3.273628e-04	5.442076e-04	1.977305e-03
1080          	1.738828e-03	3.269896e-04	5.431971e-04	1.977324e-03
1081          	1.737725e-03	3.263782e-04	5.418772e-04	1.972525e-03
1082          	1.736494e-03	3.259019e-04	5.406565e-04	1.970919e-03
1083          	1.735355e-03	3.254628e-04	5.396612e-04	1.968979e-03
1084          	1.734989e-03	3.254567e-04	5.406400e-04	1.971732e-03
1085          	1.733440e-03	3.249879e-04	5.385332e-04	1.968900e-03
1086          	1.732093e-03	3.241307e-04	5.366130e-04	1.964957e-03
1087          	1.730839e-03	3.236327e-04	5.351584e-04	1.961969e-03
1088          	1.729628e-03	3.231526e-04	5.340222e-04	1.959538e-03
1089          	1.728283e-03	3.226713e-04	5.328901e-04	1.957633e-03
1090          	1.726996e-03	3.222520e-04	5.318831e-04	1.956648e-03
1091          	1.725551e-03	3.218657e-04	5.308415e-04	1.956489e-03
1092          	1.724154e-03	3.212407e-04	5.294938e-04	1.951413e-03
1093          	1.722625e-03	3.207529e-04	5.282320e-04	1.949416e-03
1094          	1.721200e-03	3.202817e-04	5.271039e-04	1.946812e-03
1095          	1.719871e-03	3.198112e-04	5.260021e-04	1.944409e-03
1096          	1.718799e-03	3.193651e-04	5.250163e-04	1.942488e-03
1097          	1.718571e-03	3.194049e-04	5.262407e-04	1.945746e-03
1098          	1.717040e-03	3.189110e-04	5.239997e-04	1.942451e-03
1099          	1.715655e-03	3.180408e-04	5.220937e-04	1.938136e-03
1100          	1.714418e-03	3.175519e-04	5.206895e-04	1.934951e-03
1101          	1.713281e-03	3.171313e-04	5.197291e-04	1.933121e-03
1102          	1.711847e-03	3.167223e-04	5.187079e-04	1.932568e-03
1103          	1.710396e-03	3.160929e-04	5.173687e-04	1.927157e-03
1104          	1.708703e-03	3.156075e-04	5.161143e-04	1.924809e-03
1105          	1.707095e-03	3.151377e-04	5.150051e-04	1.921797e-03
1106          	1.705554e-03	3.146664e-04	5.138982e-04	1.918937e-03
1107          	1.704177e-03	3.141969e-04	5.128141e-04	1.916372e-03
1108          	1.702946e-03	3.137357e-04	5.117748e-04	1.914144e-03
1109          	1.701837e-03	3.133046e-04	5.108659e-04	1.912315e-03
1110          	1.701529e-03	3.134467e-04	5.125505e-04	1.916564e-03
1111          	1.699819e-03	3.129383e-04	5.100917e-04	1.912997e-03
1112          	1.698332e-03	3.121219e-04	5.083581e-04	1.909541e-03
1113          	1.696830e-03	3.117209e-04	5.070753e-04	1.908084e-03
1114          	1.695304e-03	3.111012e-04	5.057942e-04	1.902280e-03
1115          	1.693361e-03	3.106025e-04	5.045792e-04	1.899829e-03
1116          	1.691371e-03	3.101309e-04	5.034930e-04	1.896791e-03
1117          	1.689373e-03	3.096651e-04	5.024108e-04	1.893737e-03
1118          	1.687489e-03	3.091973e-04	5.013521e-04	1.890892e-03
1119          	1.685685e-03	3.087368e-04	5.002989e-04	1.888231e-03
1120          	1.683923e-03	3.082819e-04	4.992762e-04	1.885745e-03
1121          	1.682249e-03	3.078418e-04	4.983122e-04	1.883507e-03
1122          	1.680738e-03	3.074396e-04	4.974952e-04	1.881729e-03
1123          	1.680117e-03	3.076363e-04	4.993044e-04	1.886559e-03
1124          	1.678055e-03	3.072241e-04	4.970510e-04	1.884599e-03
1125          	1.676122e-03	3.062080e-04	4.949875e-04	1.876855e-03
1126          	1.674054e-03	3.057096e-04	4.934851e-04	1.873212e-03
1127          	1.671991e-03	3.052458e-04	4.924389e-04	1.869369e-03
1128          	1.669795e-03	3.047756e-04	4.913834e-04	1.865933e-03
1129          	1.667686e-03	3.043186e-04	4.903384e-04	1.862690e-03
1130          	1.665608e-03	3.038735e-04	4.892958e-04	1.859457e-03
1131          	1.663593e-03	3.034327e-04	4.882745e-04	1.856362e-03
1132          	1.661669e-03	3.030017e-04	4.872749e-04	1.853395e-03
1133          	1.659854e-03	3.025875e-04	4.863365e-04	1.850672e-03
1134          	1.658236e-03	3.022324e-04	4.855672e-04	1.848888e-03
1135          	1.656649e-03	3.019302e-04	4.848760e-04	1.848318e-03
1136          	1.655805e-03	3.018596e-04	4.860172e-04	1.847809e-03
1137          	1.653421e-03	3.013924e-04	4.837954e-04	1.843852e-03
1138          	1.651202e-03	3.005620e-04	4.819852e-04	1.838151e-03
1139          	1.649083e-03	3.000975e-04	4.806563e-04	1.833410e-03
1140          	1.647098e-03	2.996546e-04	4.796476e-04	1.829224e-03
1141          	1.645013e-03	2.992084e-04	4.786206e-04	1.825450e-03
1142          	1.642883e-03	2.987760e-04	4.776011e-04	1.821795e-03
1143          	1.640753e-03	2.983552e-04	4.765957e-04	1.818156e-03
1144          	1.638703e-03	2.979461e-04	4.756418e-04	1.814721e-03
1145          	1.636828e-03	2.975905e-04	4.748260e-04	1.812200e-03
1146          	1.634942e-03	2.972678e-04	4.740027e-04	1.810733e-03
1147          	1.633156e-03	2.967102e-04	4.728744e-04	1.804322e-03
1148          	1.631284e-03	2.963059e-04	4.719241e-04	1.801338e-03
1149          	1.630148e-03	2.963540e-04	4.731256e-04	1.802453e-03
1150          	1.627774e-03	2.959351e-04	4.711848e-04	1.797650e-03
1151          	1.625645e-03	2.951318e-04	4.694290e-04	1.791755e-03
1152          	1.623676e-03	2.946894e-04	4.681481e-04	1.786825e-03
1153          	1.621752e-03	2.942692e-04	4.671909e-04	1.782401e-03
1154          	1.619672e-03	2.938444e-04	4.662242e-04	1.778449e-03
1155          	1.617594e-03	2.934434e-04	4.652972e-04	1.774760e-03
1156          	1.615614e-03	2.931037e-04	4.645044e-04	1.771891e-03
1157          	1.613561e-03	2.927888e-04	4.636964e-04	1.770006e-03
1158          	1.611577e-03	2.922395e-04	4.625649e-04	1.763069e-03
1159          	1.609473e-03	2.918247e-04	4.615271e-04	1.759403e-03
1160          	1.607469e-03	2.914304e-04	4.606441e-04	1.755230e-03
1161          	1.605633e-03	2.910584e-04	4.598740e-04	1.751502e-03
1162          	1.604657e-03	2.911427e-04	4.612243e-04	1.752925e-03
1163          	1.602464e-03	2.907386e-04	4.592920e-04	1.748228e-03
1164          	1.600419e-03	2.899547e-04	4.575999e-04	1.742347e-03
1165          	1.598508e-03	2.895402e-04	4.563944e-04	1.737448e-03
1166          	1.596646e-03	2.891482e-04	4.555442e-04	1.733230e-03
1167          	1.594711e-03	2.887969e-04	4.548081e-04	1.730285e-03
1168          	1.592624e-03	2.884823e-04	4.540296e-04	1.728290e-03
1169          	1.590538e-03	2.879424e-04	4.529332e-04	1.721144e-03
1170          	1.588280e-03	2.875348e-04	4.519341e-04	1.717197e-03
1171          	1.586092e-03	2.871446e-04	4.510710e-04	1.712591e-03
1172          	1.584012e-03	2.867545e-04	4.502246e-04	1.708168e-03
1173          	1.582108e-03	2.863716e-04	4.494176e-04	1.704149e-03
1174          	1.580397e-03	2.860192e-04	4.487385e-04	1.700541e-03
1175          	1.579489e-03	2.861990e-04	4.505288e-04	1.702692e-03
1176          	1.577273e-03	2.857817e-04	4.484069e-04	1.697398e-03
1177          	1.575251e-03	2.850064e-04	4.467903e-04	1.691368e-03
1178          	1.573482e-03	2.846659e-04	4.457924e-04	1.687268e-03
1179          	1.571618e-03	2.843676e-04	4.450866e-04	1.684620e-03
1180          	1.569589e-03	2.838234e-04	4.440372e-04	1.677260e-03
1181          	1.567302e-03	2.834246e-04	4.430686e-04	1.673124e-03
1182          	1.565048e-03	2.830532e-04	4.422390e-04	1.668200e-03
1183          	1.562899e-03	2.826756e-04	4.414258e-04	1.663389e-03
1184          	1.560940e-03	2.823047e-04	4.406171e-04	1.658842e-03
1185          	1.559117e-03	2.819401e-04	4.398379e-04	1.654537e-03
1186          	1.557394e-03	2.815859e-04	4.391106e-04	1.650518e-03
1187          	1.555837e-03	2.812652e-04	4.385182e-04	1.646882e-03
1188          	1.555143e-03	2.815375e-04	4.406585e-04	1.649704e-03
1189          	1.553173e-03	2.811737e-04	4.385450e-04	1.644890e-03
1190          	1.551279e-03	2.804833e-04	4.370455e-04	1.640385e-03
1191          	1.549481e-03	2.799463e-04	4.357125e-04	1.631986e-03
1192          	1.547516e-03	2.795574e-04	4.347962e-04	1.627208e-03
1193          	1.545386e-03	2.791790e-04	4.339984e-04	1.622139e-03
1194          	1.543282e-03	2.788108e-04	4.331980e-04	1.617218e-03
1195          	1.541275e-03	2.784513e-04	4.324038e-04	1.612382e-03
1196          	1.539362e-03	2.780930e-04	4.316378e-04	1.607694e-03
1197          	1.537535e-03	2.777397e-04	4.308843e-04	1.603166e-03
1198          	1.535810e-03	2.773941e-04	4.301759e-04	1.598841e-03
1199          	1.534222e-03	2.770696e-04	4.295410e-04	1.594904e-03
1200          	1.532891e-03	2.768231e-04	4.291460e-04	1.592124e-03
1201          	1.532241e-03	2.771109e-04	4.310947e-04	1.595874e-03
1202          	1.530263e-03	2.765809e-04	4.289222e-04	1.587350e-03
1203          	1.528200e-03	2.758070e-04	4.272158e-04	1.581034e-03
1204          	1.526262e-03	2.754230e-04	4.261282e-04	1.575041e-03
1205          	1.524385e-03	2.750583e-04	4.253741e-04	1.569597e-03
1206          	1.522471e-03	2.746858e-04	4.246030e-04	1.564654e-03
1207          	1.520594e-03	2.743265e-04	4.238359e-04	1.559893e-03
1208          	1.518692e-03	2.739770e-04	4.230756e-04	1.555190e-03
1209          	1.516849e-03	2.736314e-04	4.223477e-04	1.550641e-03
1210          	1.515112e-03	2.733013e-04	4.216599e-04	1.546402e-03
1211          	1.513564e-03	2.730254e-04	4.211228e-04	1.543137e-03
1212          	1.512004e-03	2.727883e-04	4.205952e-04	1.541010e-03
1213          	1.510559e-03	2.723326e-04	4.198249e-04	1.534060e-03
1214          	1.509615e-03	2.724563e-04	4.212424e-04	1.535281e-03
1215          	1.507391e-03	2.721051e-04	4.194660e-04	1.529574e-03
1216          	1.505359e-03	2.713687e-04	4.179082e-04	1.522812e-03
1217          	1.503523e-03	2.709937e-04	4.168385e-04	1.517132e-03
1218          	1.501817e-03	2.706401e-04	4.160976e-04	1.511976e-03
1219          	1.499958e-03	2.702776e-04	4.153361e-04	1.507314e-03
1220          	1.498055e-03	2.699279e-04	4.145828e-04	1.502822e-03
1221          	1.496182e-03	2.695988e-04	4.138657e-04	1.498518e-03
1222          	1.494459e-03	2.693196e-04	4.132996e-04	1.495172e-03
1223          	1.492711e-03	2.690671e-04	4.127040e-04	1.492881e-03
1224          	1.491053e-03	2.685773e-04	4.117834e-04	1.485537e-03
1225          	1.489264e-03	2.682237e-04	4.109660e-04	1.481562e-03
1226          	1.487591e-03	2.679077e-04	4.103803e-04	1.477287e-03
1227          	1.486694e-03	2.680259e-04	4.118760e-04	1.477987e-03
1228          	1.484641e-03	2.676750e-04	4.101382e-04	1.472818e-03
1229          	1.482801e-03	2.669400e-04	4.085892e-04	1.466489e-03
1230          	1.481075e-03	2.665659e-04	4.075199e-04	1.461163e-03
1231          	1.479410e-03	2.662089e-04	4.067886e-04	1.456408e-03
1232          	1.477596e-03	2.658510e-04	4.060627e-04	1.452301e-03
1233          	1.475843e-03	2.655561e-04	4.054701e-04	1.449191e-03
1234          	1.473961e-03	2.652907e-04	4.048365e-04	1.446973e-03
1235          	1.472137e-03	2.647863e-04	4.038805e-04	1.439715e-03
1236          	1.470186e-03	2.644148e-04	4.030090e-04	1.435749e-03
1237          	1.468327e-03	2.640591e-04	4.022773e-04	1.431205e-03
1238          	1.466565e-03	2.637057e-04	4.015736e-04	1.426948e-03
1239          	1.465027e-03	2.633767e-04	4.009865e-04	1.423256e-03
1240          	1.464310e-03	2.635359e-04	4.027174e-04	1.425040e-03
1241          	1.462284e-03	2.631560e-04	4.008046e-04	1.420072e-03
1242          	1.460426e-03	2.624027e-04	3.992363e-04	1.414097e-03
1243          	1.458726e-03	2.620320e-04	3.981899e-04	1.409332e-03
1244          	1.457130e-03	2.617268e-04	3.976073e-04	1.406021e-03
1245          	1.455267e-03	2.614318e-04	3.969567e-04	1.404038e-03
1246          	1.453366e-03	2.609130e-04	3.959685e-04	1.397018e-03
1247          	1.451212e-03	2.605326e-04	3.950611e-04	1.393135e-03
1248          	1.449136e-03	2.601634e-04	3.943040e-04	1.388561e-03
1249          	1.447143e-03	2.597905e-04	3.935392e-04	1.384154e-03
1250          	1.445319e-03	2.594166e-04	3.927982e-04	1.380079e-03
1251          	1.443626e-03	2.590508e-04	3.921039e-04	1.376335e-03
1252          	1.442062e-03	2.587129e-04	3.915365e-04	1.373006e-03
1253          	1.441324e-03	2.589472e-04	3.936883e-04	1.375979e-03
1254          	1.439224e-03	2.585212e-04	3.914936e-04	1.370845e-03
1255          	1.437385e-03	2.577886e-04	3.900474e-04	1.365880e-03
1256          	1.435564e-03	2.574685e-04	3.890697e-04	1.362984e-03
1257          	1.433740e-03	2.569261e-04	3.880881e-04	1.355583e-03
1258          	1.431504e-03	2.565029e-04	3.871676e-04	1.351665e-03
1259          	1.429259e-03	2.561097e-04	3.863816e-04	1.347200e-03
1260          	1.427035e-03	2.557203e-04	3.855917e-04	1.342730e-03
1261          	1.424953e-03	2.553262e-04	3.848210e-04	1.338471e-03
1262          	1.422982e-03	2.549385e-04	3.840580e-04	1.334426e-03
1263          	1.421080e-03	2.545550e-04	3.833260e-04	1.330595e-03
1264          	1.419288e-03	2.541826e-04	3.826496e-04	1.327051e-03
1265          	1.417658e-03	2.538493e-04	3.821262e-04	1.324018e-03
1266          	1.416927e-03	2.541145e-04	3.843554e-04	1.327826e-03
1267          	1.414743e-03	2.537636e-04	3.823228e-04	1.324656e-03
1268          	1.412687e-03	2.528080e-04	3.804877e-04	1.315645e-03
1269          	1.410494e-03	2.523669e-04	3.792400e-04	1.310891e-03
1270          	1.408315e-03	2.519594e-04	3.784644e-04	1.305953e-03
1271          	1.405981e-03	2.515410e-04	3.776675e-04	1.301442e-03
1272          	1.403741e-03	2.511337e-04	3.768765e-04	1.297149e-03
1273          	1.401529e-03	2.507379e-04	3.760884e-04	1.292909e-03
1274          	1.399351e-03	2.503412e-04	3.753248e-04	1.288822e-03
1275          	1.397246e-03	2.499522e-04	3.745789e-04	1.284924e-03
1276          	1.395227e-03	2.495778e-04	3.738912e-04	1.281346e-03
1277          	1.393396e-03	2.492589e-04	3.733732e-04	1.278790e-03
1278          	1.391602e-03	2.489926e-04	3.729361e-04	1.277523e-03
1279          	1.390552e-03	2.489570e-04	3.744184e-04	1.276386e-03
1280          	1.387969e-03	2.485222e-04	3.723767e-04	1.271736e-03
1281          	1.385544e-03	2.477260e-04	3.707632e-04	1.265374e-03
1282          	1.383229e-03	2.472915e-04	3.696497e-04	1.260050e-03
1283          	1.381073e-03	2.468753e-04	3.688745e-04	1.255348e-03
1284          	1.378811e-03	2.464508e-04	3.680778e-04	1.251090e-03
1285          	1.376489e-03	2.460396e-04	3.672828e-04	1.246985e-03
1286          	1.374152e-03	2.456405e-04	3.665033e-04	1.242951e-03
1287          	1.371891e-03	2.452496e-04	3.657777e-04	1.239201e-03
1288          	1.369805e-03	2.449110e-04	3.651931e-04	1.236427e-03
1289          	1.367693e-03	2.446016e-04	3.645975e-04	1.234719e-03
1290          	1.365653e-03	2.440589e-04	3.636821e-04	1.228011e-03
1291          	1.363510e-03	2.436694e-04	3.629504e-04	1.224838e-03
1292          	1.362084e-03	2.437305e-04	3.644622e-04	1.225900e-03
1293          	1.359425e-03	2.433190e-04	3.626812e-04	1.220988e-03
1294          	1.357015e-03	2.425218e-04	3.610855e-04	1.215014e-03
1295          	1.354777e-03	2.420831e-04	3.599866e-04	1.210039e-03
1296          	1.352590e-03	2.416633e-04	3.592227e-04	1.205592e-03
1297          	1.350242e-03	2.412361e-04	3.584449e-04	1.201641e-03
1298          	1.347878e-03	2.408306e-04	3.576967e-04	1.197979e-03
1299          	1.345602e-03	2.404832e-04	3.570896e-04	1.195201e-03
1300          	1.343264e-03	2.401567e-04	3.564619e-04	1.193419e-03
1301          	1.340998e-03	2.395965e-04	3.554941e-04	1.186547e-03
1302          	1.338601e-03	2.391665e-04	3.546225e-04	1.183014e-03
1303          	1.336261e-03	2.387551e-04	3.539116e-04	1.178980e-03
1304          	1.334074e-03	2.383639e-04	3.533127e-04	1.175385e-03
1305          	1.332754e-03	2.384279e-04	3.549174e-04	1.177017e-03
1306          	1.330203e-03	2.380010e-04	3.530887e-04	1.172445e-03
1307          	1.327795e-03	2.371945e-04	3.515094e-04	1.166739e-03
1308          	1.325526e-03	2.367545e-04	3.504328e-04	1.162070e-03
1309          	1.323316e-03	2.363380e-04	3.497197e-04	1.158126e-03
1310          	1.321060e-03	2.359615e-04	3.491171e-04	1.155516e-03
1311          	1.318661e-03	2.356174e-04	3.484687e-04	1.153889e-03
1312          	1.316264e-03	2.350460e-04	3.474818e-04	1.147107e-03
1313          	1.313695e-03	2.346042e-04	3.465914e-04	1.143601e-03
1314          	1.311225e-03	2.341811e-04	3.458382e-04	1.139480e-03
1315          	1.308870e-03	2.337550e-04	3.450937e-04	1.135553e-03
1316          	1.306702e-03	2.333335e-04	3.443851e-04	1.132048e-03
1317          	1.304736e-03	2.329386e-04	3.438061e-04	1.129010e-03
1318          	1.303576e-03	2.330753e-04	3.457941e-04	1.131859e-03
1319          	1.301106e-03	2.326081e-04	3.436998e-04	1.127171e-03
1320          	1.298826e-03	2.317864e-04	3.421275e-04	1.121793e-03
1321          	1.296788e-03	2.313955e-04	3.411955e-04	1.118410e-03
1322          	1.294674e-03	2.310418e-04	3.405620e-04	1.116492e-03
1323          	1.292402e-03	2.304401e-04	3.395629e-04	1.109857e-03
1324          	1.289882e-03	2.299827e-04	3.386426e-04	1.106497e-03
1325          	1.287369e-03	2.295516e-04	3.378627e-04	1.102364e-03
1326          	1.284949e-03	2.291122e-04	3.370967e-04	1.098376e-03
1327          	1.282707e-03	2.286758e-04	3.363338e-04	1.094673e-03
1328          	1.280596e-03	2.282432e-04	3.355981e-04	1.091225e-03
1329          	1.278591e-03	2.278199e-04	3.349121e-04	1.088095e-03
1330          	1.276745e-03	2.274296e-04	3.343653e-04	1.085400e-03
1331          	1.275763e-03	2.276314e-04	3.366617e-04	1.089270e-03
1332          	1.273521e-03	2.271902e-04	3.345306e-04	1.085442e-03
1333          	1.271355e-03	2.264217e-04	3.330335e-04	1.081945e-03
1334          	1.269283e-03	2.258067e-04	3.317036e-04	1.074545e-03
1335          	1.267030e-03	2.253400e-04	3.308042e-04	1.070816e-03
1336          	1.264605e-03	2.248816e-04	3.300302e-04	1.066829e-03
1337          	1.262204e-03	2.244320e-04	3.292582e-04	1.063034e-03
1338          	1.259903e-03	2.239897e-04	3.284912e-04	1.059341e-03
1339          	1.257685e-03	2.235484e-04	3.277485e-04	1.055829e-03
1340          	1.255541e-03	2.231130e-04	3.270166e-04	1.052508e-03
1341          	1.253491e-03	2.226829e-04	3.263271e-04	1.049406e-03
1342          	1.251565e-03	2.222720e-04	3.257171e-04	1.046704e-03
1343          	1.249894e-03	2.219379e-04	3.253573e-04	1.045193e-03
1344          	1.248904e-03	2.221376e-04	3.274317e-04	1.050281e-03
1345          	1.246594e-03	2.215171e-04	3.252235e-04	1.043001e-03
1346          	1.244198e-03	2.206567e-04	3.234985e-04	1.037963e-03
1347          	1.241903e-03	2.201844e-04	3.224202e-04	1.033265e-03
1348          	1.239664e-03	2.197306e-04	3.216947e-04	1.029155e-03
1349          	1.237393e-03	2.192685e-04	3.209533e-04	1.025563e-03
1350          	1.235155e-03	2.188197e-04	3.202165e-04	1.022157e-03
1351          	1.232891e-03	2.183822e-04	3.194920e-04	1.018815e-03
1352          	1.230687e-03	2.179482e-04	3.188039e-04	1.015628e-03
1353          	1.228588e-03	2.175291e-04	3.181610e-04	1.012751e-03
1354          	1.226677e-03	2.171628e-04	3.176789e-04	1.010859e-03
1355          	1.224754e-03	2.168309e-04	3.172075e-04	1.010101e-03
1356          	1.222962e-03	2.162828e-04	3.164894e-04	1.004503e-03
1357          	1.221676e-03	2.163132e-04	3.180443e-04	1.007173e-03
1358          	1.219101e-03	2.158661e-04	3.162900e-04	1.002834e-03
1359          	1.216713e-03	2.150392e-04	3.147690e-04	9.974152e-04
1360          	1.214525e-03	2.145723e-04	3.137628e-04	9.931159e-04
1361          	1.212458e-03	2.141274e-04	3.131024e-04	9.893413e-04
1362          	1.210237e-03	2.136760e-04	3.124249e-04	9.860459e-04
1363          	1.207996e-03	2.132398e-04	3.117603e-04	9.829110e-04
1364          	1.205789e-03	2.128218e-04	3.111400e-04	9.799602e-04
1365          	1.203737e-03	2.124545e-04	3.106806e-04	9.779870e-04
1366          	1.201669e-03	2.121157e-04	3.101980e-04	9.770461e-04
1367          	1.199697e-03	2.115433e-04	3.093815e-04	9.709832e-04
1368          	1.197595e-03	2.111067e-04	3.086782e-04	9.683155e-04
1369          	1.195615e-03	2.107089e-04	3.082243e-04	9.653405e-04
1370          	1.194411e-03	2.107482e-04	3.099278e-04	9.673797e-04
1371          	1.192044e-03	2.103168e-04	3.082923e-04	9.634313e-04
1372          	1.189891e-03	2.095074e-04	3.068606e-04	9.583143e-04
1373          	1.187854e-03	2.090608e-04	3.059293e-04	9.541868e-04
1374          	1.185876e-03	2.086343e-04	3.053560e-04	9.506346e-04
1375          	1.183768e-03	2.082090e-04	3.047962e-04	9.477016e-04
1376          	1.181724e-03	2.078476e-04	3.043782e-04	9.457556e-04
1377          	1.179569e-03	2.075149e-04	3.039258e-04	9.446632e-04
1378          	1.177477e-03	2.069472e-04	3.031451e-04	9.384581e-04
1379          	1.175259e-03	2.065154e-04	3.024527e-04	9.355622e-04
1380          	1.173137e-03	2.061026e-04	3.019124e-04	9.320642e-04
1381          	1.171123e-03	2.056942e-04	3.014086e-04	9.288417e-04
1382          	1.169339e-03	2.053123e-04	3.010334e-04	9.261887e-04
1383          	1.168385e-03	2.054214e-04	3.030498e-04	9.290898e-04
1384          	1.166134e-03	2.049918e-04	3.013138e-04	9.250953e-04
1385          	1.164069e-03	2.041947e-04	2.999407e-04	9.200888e-04
1386          	1.162160e-03	2.037808e-04	2.991066e-04	9.163001e-04
1387          	1.160365e-03	2.034354e-04	2.987553e-04	9.139734e-04
1388          	1.158301e-03	2.030998e-04	2.983376e-04	9.129555e-04
1389          	1.156219e-03	2.025439e-04	2.975791e-04	9.068441e-04
1390          	1.153903e-03	2.021293e-04	2.969050e-04	9.039108e-04
1391          	1.151678e-03	2.017290e-04	2.963867e-04	9.003151e-04
1392          	1.149562e-03	2.013292e-04	2.958677e-04	8.969039e-04
1393          	1.147630e-03	2.009331e-04	2.953726e-04	8.938211e-04
1394          	1.145843e-03	2.005478e-04	2.949274e-04	8.910833e-04
1395          	1.144210e-03	2.001932e-04	2.946182e-04	8.887865e-04
1396          	1.143430e-03	2.004159e-04	2.971084e-04	8.928908e-04
1397          	1.141328e-03	1.999772e-04	2.951315e-04	8.887398e-04
1398          	1.139496e-03	1.992390e-04	2.939268e-04	8.847846e-04
1399          	1.137690e-03	1.989145e-04	2.932061e-04	8.829244e-04
1400          	1.135899e-03	1.983748e-04	2.924848e-04	8.765350e-04
1401          	1.133726e-03	1.979572e-04	2.918282e-04	8.737000e-04
1402          	1.131545e-03	1.975718e-04	2.913139e-04	8.702907e-04
1403          	1.129391e-03	1.971944e-04	2.907987e-04	8.668853e-04
1404          	1.127397e-03	1.968161e-04	2.903046e-04	8.637107e-04
1405          	1.125534e-03	1.964458e-04	2.898194e-04	8.607678e-04
1406          	1.123744e-03	1.960816e-04	2.893651e-04	8.580529e-04
1407          	1.122072e-03	1.957319e-04	2.889674e-04	8.556488e-04
1408          	1.120585e-03	1.954226e-04	2.887287e-04	8.537800e-04
1409          	1.120022e-03	1.957156e-04	2.913168e-04	8.589165e-04
1410          	1.118029e-03	1.953901e-04	2.895327e-04	8.568986e-04
1411          	1.116187e-03	1.944677e-04	2.879551e-04	8.489948e-04
1412          	1.114234e-03	1.940621e-04	2.869808e-04	8.454359e-04
1413          	1.112312e-03	1.936938e-04	2.864896e-04	8.417047e-04
1414          	1.110263e-03	1.933173e-04	2.859793e-04	8.384442e-04
1415          	1.108325e-03	1.929533e-04	2.854793e-04	8.354458e-04
1416          	1.106426e-03	1.926021e-04	2.849831e-04	8.325250e-04
1417          	1.104571e-03	1.922537e-04	2.845109e-04	8.297798e-04
1418          	1.102815e-03	1.919154e-04	2.840593e-04	8.272489e-04
1419          	1.101171e-03	1.915931e-04	2.836702e-04	8.250641e-04
1420          	1.099726e-03	1.913303e-04	2.834532e-04	8.239422e-04
1421          	1.098331e-03	1.911204e-04	2.833198e-04	8.241274e-04
1422          	1.097699e-03	1.911451e-04	2.851482e-04	8.244922e-04
1423          	1.095553e-03	1.907698e-04	2.833696e-04	8.212651e-04
1424          	1.093588e-03	1.900388e-04	2.820289e-04	8.162996e-04
1425          	1.091746e-03	1.896704e-04	2.812044e-04	8.124085e-04
1426          	1.090063e-03	1.893245e-04	2.807274e-04	8.091747e-04
1427          	1.088280e-03	1.889727e-04	2.802302e-04	8.064210e-04
1428          	1.086455e-03	1.886357e-04	2.797347e-04	8.038581e-04
1429          	1.084628e-03	1.883122e-04	2.792542e-04	8.013611e-04
1430          	1.082877e-03	1.880002e-04	2.788267e-04	7.991591e-04
1431          	1.081313e-03	1.877443e-04	2.785442e-04	7.979536e-04
1432          	1.079742e-03	1.875176e-04	2.782522e-04	7.978378e-04
1433          	1.078253e-03	1.870601e-04	2.776320e-04	7.926610e-04
1434          	1.076676e-03	1.867571e-04	2.771938e-04	7.910938e-04
1435          	1.075821e-03	1.869060e-04	2.790438e-04	7.938585e-04
1436          	1.073748e-03	1.865809e-04	2.775301e-04	7.905105e-04
1437          	1.071925e-03	1.858775e-04	2.762108e-04	7.860810e-04
1438          	1.070273e-03	1.855332e-04	2.753954e-04	7.826875e-04
1439          	1.068675e-03	1.852092e-04	2.749224e-04	7.798485e-04
1440          	1.066928e-03	1.848796e-04	2.744354e-04	7.775378e-04
1441          	1.065179e-03	1.845725e-04	2.739788e-04	7.755107e-04
1442          	1.063524e-03	1.843281e-04	2.736652e-04	7.743699e-04
1443          	1.061817e-03	1.841048e-04	2.733288e-04	7.742457e-04
1444          	1.060191e-03	1.836511e-04	2.726450e-04	7.689480e-04
1445          	1.058452e-03	1.833308e-04	2.720592e-04	7.670408e-04
1446          	1.056785e-03	1.830313e-04	2.716369e-04	7.646042e-04
1447          	1.055262e-03	1.827527e-04	2.713281e-04	7.626211e-04
1448          	1.054593e-03	1.829309e-04	2.732622e-04	7.659837e-04
1449          	1.052702e-03	1.826184e-04	2.716950e-04	7.629634e-04
1450          	1.050971e-03	1.819322e-04	2.703798e-04	7.587796e-04
1451          	1.049377e-03	1.816124e-04	2.695747e-04	7.556411e-04
1452          	1.047838e-03	1.813185e-04	2.691425e-04	7.532368e-04
1453          	1.046235e-03	1.810666e-04	2.688242e-04	7.521853e-04
1454          	1.044475e-03	1.808467e-04	2.684552e-04	7.521052e-04
1455          	1.042717e-03	1.804030e-04	2.677395e-04	7.467570e-04
1456          	1.040791e-03	1.800897e-04	2.671197e-04	7.447465e-04
1457          	1.038953e-03	1.797956e-04	2.666368e-04	7.420986e-04
1458          	1.037232e-03	1.795016e-04	2.661641e-04	7.396480e-04
1459          	1.035687e-03	1.792140e-04	2.657270e-04	7.376153e-04
1460          	1.034335e-03	1.789551e-04	2.654151e-04	7.360621e-04
1461          	1.033780e-03	1.792307e-04	2.677097e-04	7.405497e-04
1462          	1.031910e-03	1.789024e-04	2.658472e-04	7.373165e-04
1463          	1.030232e-03	1.782244e-04	2.645122e-04	7.333680e-04
1464          	1.028788e-03	1.779790e-04	2.638278e-04	7.314520e-04
1465          	1.027246e-03	1.777699e-04	2.634439e-04	7.310224e-04
1466          	1.025538e-03	1.773179e-04	2.626871e-04	7.257856e-04
1467          	1.023577e-03	1.770111e-04	2.620057e-04	7.239013e-04
1468          	1.021619e-03	1.767315e-04	2.614603e-04	7.212170e-04
1469          	1.019750e-03	1.764457e-04	2.609241e-04	7.186763e-04
1470          	1.018048e-03	1.761642e-04	2.603863e-04	7.164300e-04
1471          	1.016475e-03	1.758889e-04	2.598737e-04	7.144418e-04
1472          	1.014999e-03	1.756246e-04	2.594054e-04	7.127636e-04
1473          	1.013689e-03	1.753938e-04	2.590726e-04	7.115124e-04
1474          	1.013240e-03	1.757562e-04	2.616233e-04	7.169893e-04
1475          	1.011515e-03	1.754754e-04	2.596760e-04	7.145857e-04
1476          	1.009855e-03	1.748699e-04	2.583701e-04	7.125082e-04
1477          	1.008280e-03	1.744188e-04	2.572307e-04	7.064575e-04
1478          	1.006526e-03	1.741166e-04	2.565200e-04	7.041550e-04
1479          	1.004597e-03	1.738233e-04	2.559274e-04	7.015827e-04
1480          	1.002693e-03	1.735395e-04	2.553320e-04	6.991895e-04
1481          	1.000890e-03	1.732657e-04	2.547415e-04	6.968939e-04
1482          	9.991703e-04	1.729923e-04	2.541689e-04	6.947868e-04
