# Region type : patch ent
# Faces  :    356
# Area   :    1.250000e-07
# Time        	areaAverage(p)
0             	0.000000e+00
1             	0.000000e+00
2             	0.000000e+00
3             	0.000000e+00
4             	-8.628475e-02
5             	-7.085964e-02
6             	-6.908818e-02
7             	-5.012106e-02
8             	-3.989424e-02
9             	-2.878535e-02
10            	-2.021091e-02
11            	-1.414894e-02
12            	-9.904260e-03
13            	-6.932982e-03
14            	-4.853087e-03
15            	-3.397161e-03
16            	-2.378013e-03
17            	-1.664609e-03
18            	-1.165226e-03
19            	-8.156584e-04
20            	-5.709609e-04
21            	-3.996726e-04
22            	-2.797708e-04
23            	-1.958396e-04
24            	-1.370877e-04
25            	-9.596140e-05
26            	-6.717298e-05
27            	-4.702108e-05
28            	-3.291476e-05
29            	-2.304033e-05
30            	-1.612823e-05
31            	-1.128976e-05
32            	-7.902834e-06
33            	-5.531984e-06
34            	-3.872388e-06
35            	-2.710672e-06
36            	-1.897470e-06
37            	-1.328229e-06
38            	-9.297605e-07
39            	-6.508323e-07
40            	-4.555826e-07
41            	-3.189078e-07
42            	-2.232355e-07
43            	-1.562648e-07
44            	-1.093854e-07
45            	-7.656977e-08
46            	-5.359884e-08
47            	-3.751919e-08
48            	-2.626343e-08
49            	-1.838440e-08
50            	-1.286908e-08
51            	-9.008357e-09
52            	-6.305850e-09
53            	-4.414095e-09
54            	-3.089867e-09
55            	-2.162907e-09
56            	-1.514035e-09
57            	-1.059824e-09
58            	-7.418770e-10
59            	-5.193139e-10
60            	-3.635197e-10
61            	-2.544638e-10
62            	-1.781247e-10
63            	-1.246873e-10
64            	-8.728108e-11
65            	-6.109676e-11
66            	-4.276773e-11
67            	-2.993741e-11
68            	-2.095619e-11
69            	-1.466933e-11
70            	-1.026853e-11
71            	-7.187972e-12
72            	-5.031581e-12
73            	-3.522106e-12
74            	-2.465475e-12
75            	-1.725832e-12
76            	-1.208083e-12
77            	-8.456578e-13
78            	-5.919604e-13
79            	-4.143723e-13
80            	-2.900606e-13
81            	-2.030424e-13
82            	-1.421297e-13
83            	-9.949079e-14
84            	-6.964355e-14
85            	-4.875049e-14
86            	-3.412534e-14
87            	-2.388774e-14
88            	-1.672142e-14
89            	-1.170499e-14
90            	-8.193494e-15
91            	-5.735446e-15
92            	-4.014812e-15
93            	-2.810369e-15
94            	-1.967258e-15
95            	-1.377081e-15
96            	-9.639564e-16
97            	-6.747695e-16
98            	-4.723386e-16
99            	-3.306371e-16
100           	-2.314459e-16
101           	-1.620122e-16
102           	-1.134085e-16
103           	-7.938596e-17
104           	-5.557017e-17
105           	-3.889912e-17
106           	-2.722938e-17
107           	-1.906057e-17
108           	-1.334240e-17
109           	-9.339678e-18
110           	-6.537775e-18
111           	-4.576442e-18
112           	-3.203510e-18
113           	-2.242457e-18
114           	-1.569720e-18
115           	-1.098804e-18
116           	-7.691627e-19
117           	-5.384139e-19
118           	-3.768897e-19
119           	-2.638228e-19
120           	-1.846760e-19
121           	-1.292732e-19
122           	-9.049122e-20
123           	-6.334385e-20
124           	-4.434070e-20
125           	-3.103849e-20
126           	-2.172694e-20
127           	-1.520886e-20
128           	-1.064620e-20
129           	-7.452341e-21
130           	-5.216639e-21
131           	-3.651647e-21
132           	-2.556153e-21
133           	-1.789307e-21
134           	-1.252515e-21
135           	-8.767605e-22
136           	-6.137323e-22
137           	-4.296126e-22
138           	-3.007288e-22
139           	-2.105102e-22
140           	-1.473571e-22
141           	-1.031500e-22
142           	-7.220500e-23
143           	-5.054350e-23
144           	-3.538045e-23
145           	-2.476631e-23
146           	-1.733642e-23
147           	-1.213549e-23
148           	-8.494845e-24
149           	-5.946392e-24
150           	-4.162474e-24
151           	-2.913732e-24
152           	-2.039612e-24
153           	-1.427729e-24
154           	-9.994101e-25
155           	-6.995871e-25
156           	-4.897109e-25
157           	-3.427977e-25
158           	-2.399584e-25
159           	-1.679709e-25
160           	-1.175796e-25
161           	-8.230572e-26
162           	-5.761400e-26
163           	-4.032980e-26
164           	-2.823086e-26
165           	-1.976160e-26
166           	-1.383312e-26
167           	-9.683185e-27
168           	-6.778230e-27
169           	-4.744761e-27
170           	-3.321333e-27
171           	-2.324933e-27
172           	-1.627453e-27
173           	-1.139217e-27
174           	-7.974519e-28
175           	-5.582164e-28
176           	-3.907515e-28
177           	-2.735260e-28
178           	-1.914682e-28
179           	-1.340277e-28
180           	-9.381942e-29
181           	-6.567360e-29
182           	-4.597152e-29
183           	-3.218006e-29
184           	-2.252604e-29
185           	-1.576823e-29
186           	-1.103776e-29
187           	-7.726433e-30
188           	-5.408503e-30
189           	-3.785952e-30
190           	-2.650167e-30
191           	-1.855117e-30
192           	-1.298582e-30
193           	-9.090071e-31
194           	-6.363050e-31
195           	-4.454135e-31
196           	-3.117894e-31
197           	-2.182526e-31
198           	-1.527768e-31
199           	-1.069438e-31
200           	-7.486064e-32
201           	-5.240245e-32
202           	-3.668172e-32
203           	-2.567720e-32
204           	-1.797404e-32
205           	-1.258183e-32
206           	-8.807280e-33
207           	-6.165096e-33
208           	-4.315567e-33
209           	-3.020897e-33
210           	-2.114628e-33
211           	-1.480240e-33
212           	-1.036168e-33
213           	-7.253174e-34
214           	-5.077222e-34
215           	-3.554055e-34
216           	-2.487839e-34
217           	-1.741487e-34
218           	-1.219041e-34
219           	-8.533286e-35
220           	-5.973301e-35
221           	-4.181310e-35
222           	-2.926917e-35
223           	-2.048842e-35
224           	-1.434189e-35
225           	-1.003933e-35
226           	-7.027528e-36
227           	-4.919270e-36
228           	-3.443489e-36
229           	-2.410442e-36
230           	-1.687310e-36
231           	-1.181117e-36
232           	-8.267817e-37
233           	-5.787472e-37
234           	-4.051230e-37
235           	-2.835861e-37
236           	-1.985103e-37
237           	-1.389572e-37
238           	-9.727004e-38
239           	-6.808903e-38
240           	-4.766232e-38
241           	-3.336362e-38
242           	-2.335454e-38
243           	-1.634818e-38
244           	-1.144372e-38
245           	-8.010606e-39
246           	-5.607424e-39
247           	-3.925197e-39
248           	-2.747638e-39
249           	-1.923346e-39
250           	-1.346343e-39
251           	-9.424398e-40
252           	-6.597078e-40
253           	-4.617955e-40
254           	-3.232568e-40
255           	-2.262798e-40
256           	-1.583959e-40
257           	-1.108771e-40
258           	-7.761397e-41
259           	-5.432978e-41
260           	-3.803084e-41
261           	-2.662159e-41
262           	-1.863511e-41
263           	-1.304458e-41
264           	-9.131206e-42
265           	-6.391844e-42
266           	-4.474291e-42
267           	-3.132004e-42
268           	-2.192402e-42
269           	-1.534682e-42
270           	-1.074277e-42
271           	-7.519941e-43
272           	-5.263958e-43
273           	-3.684771e-43
274           	-2.579340e-43
275           	-1.805538e-43
276           	-1.263876e-43
277           	-8.847135e-44
278           	-6.192994e-44
279           	-4.335096e-44
280           	-3.034567e-44
281           	-2.124197e-44
282           	-1.486938e-44
283           	-1.040857e-44
284           	-7.285996e-45
285           	-5.100197e-45
286           	-3.570138e-45
287           	-2.499097e-45
288           	-1.749368e-45
289           	-1.224557e-45
290           	-8.571901e-46
291           	-6.000331e-46
292           	-4.200232e-46
293           	-2.940162e-46
294           	-2.058114e-46
295           	-1.440679e-46
296           	-1.008476e-46
297           	-7.059329e-47
298           	-4.941531e-47
299           	-3.459071e-47
300           	-2.421350e-47
301           	-1.694945e-47
302           	-1.186461e-47
303           	-8.305230e-48
304           	-5.813661e-48
305           	-4.069563e-48
306           	-2.848694e-48
307           	-1.994086e-48
308           	-1.395860e-48
309           	-9.771021e-49
310           	-6.839714e-49
311           	-4.787800e-49
312           	-3.351460e-49
313           	-2.346022e-49
314           	-1.642215e-49
315           	-1.149551e-49
316           	-8.046856e-50
317           	-5.632799e-50
318           	-3.942959e-50
319           	-2.760071e-50
320           	-1.932050e-50
321           	-1.352435e-50
322           	-9.467045e-51
323           	-6.626932e-51
324           	-4.638852e-51
325           	-3.247196e-51
326           	-2.273038e-51
327           	-1.591126e-51
328           	-1.113788e-51
329           	-7.796519e-52
330           	-5.457563e-52
331           	-3.820294e-52
332           	-2.674206e-52
333           	-1.871944e-52
334           	-1.310361e-52
335           	-9.172526e-53
336           	-6.420768e-53
337           	-4.494538e-53
338           	-3.146177e-53
339           	-2.202324e-53
340           	-1.541626e-53
341           	-1.079139e-53
342           	-7.553970e-54
343           	-5.287779e-54
344           	-3.701445e-54
345           	-2.591012e-54
346           	-1.813708e-54
347           	-1.269596e-54
348           	-8.887170e-55
349           	-6.221019e-55
350           	-4.354713e-55
351           	-3.048299e-55
352           	-2.133810e-55
353           	-1.493667e-55
354           	-1.045567e-55
355           	-7.318967e-56
356           	-5.123277e-56
357           	-3.586294e-56
358           	-2.510406e-56
359           	-1.757284e-56
360           	-1.230099e-56
361           	-8.610691e-57
362           	-6.027484e-57
363           	-4.219239e-57
364           	-2.953467e-57
365           	-2.067427e-57
366           	-1.447199e-57
367           	-1.013039e-57
368           	-7.091274e-58
369           	-4.963892e-58
370           	-3.474724e-58
371           	-2.432307e-58
372           	-1.702615e-58
373           	-1.191830e-58
374           	-8.342813e-59
375           	-5.839969e-59
376           	-4.087979e-59
377           	-2.861585e-59
378           	-2.003109e-59
379           	-1.402177e-59
380           	-9.815236e-60
381           	-6.870666e-60
382           	-4.809466e-60
383           	-3.366626e-60
384           	-2.356638e-60
385           	-1.649647e-60
386           	-1.154753e-60
387           	-8.083269e-61
388           	-5.658288e-61
389           	-3.960802e-61
390           	-2.772561e-61
391           	-1.940793e-61
392           	-1.358555e-61
393           	-9.509885e-62
394           	-6.656920e-62
395           	-4.659844e-62
396           	-3.261891e-62
397           	-2.283324e-62
398           	-1.598326e-62
399           	-1.118829e-62
400           	-7.831800e-63
401           	-5.482260e-63
402           	-3.837582e-63
403           	-2.686307e-63
404           	-1.880415e-63
405           	-1.316291e-63
406           	-9.214034e-64
407           	-6.449824e-64
408           	-4.514877e-64
409           	-3.160414e-64
410           	-2.212290e-64
411           	-1.548603e-64
412           	-1.084022e-64
413           	-7.588153e-65
414           	-5.311707e-65
415           	-3.718195e-65
416           	-2.602737e-65
417           	-1.821916e-65
418           	-1.275341e-65
419           	-8.927386e-66
420           	-6.249170e-66
421           	-4.374419e-66
422           	-3.062093e-66
423           	-2.143465e-66
424           	-1.500426e-66
425           	-1.050298e-66
426           	-7.352086e-67
427           	-5.146461e-67
428           	-3.602522e-67
429           	-2.521766e-67
430           	-1.765236e-67
431           	-1.235665e-67
432           	-8.649656e-68
433           	-6.054759e-68
434           	-4.238332e-68
435           	-2.966832e-68
436           	-2.076782e-68
437           	-1.453748e-68
438           	-1.017623e-68
439           	-7.123364e-69
440           	-4.986355e-69
441           	-3.490448e-69
442           	-2.443314e-69
443           	-1.710320e-69
444           	-1.197224e-69
445           	-8.380566e-70
446           	-5.866396e-70
447           	-4.106477e-70
448           	-2.874534e-70
449           	-2.012174e-70
450           	-1.408522e-70
451           	-9.859652e-71
452           	-6.901757e-71
453           	-4.831230e-71
454           	-3.381861e-71
455           	-2.367303e-71
456           	-1.657112e-71
457           	-1.159978e-71
458           	-8.119848e-72
459           	-5.683893e-72
460           	-3.978725e-72
461           	-2.785108e-72
462           	-1.949575e-72
463           	-1.364703e-72
464           	-9.552920e-73
465           	-6.687044e-73
466           	-4.680931e-73
467           	-3.276651e-73
468           	-2.293656e-73
469           	-1.605559e-73
470           	-1.123891e-73
471           	-7.867240e-74
472           	-5.507068e-74
473           	-3.854948e-74
474           	-2.698463e-74
475           	-1.888924e-74
476           	-1.322247e-74
477           	-9.255729e-75
478           	-6.479011e-75
479           	-4.535307e-75
480           	-3.174715e-75
481           	-2.222301e-75
482           	-1.555610e-75
483           	-1.088927e-75
484           	-7.622491e-76
485           	-5.335744e-76
486           	-3.735021e-76
487           	-2.614514e-76
488           	-1.830160e-76
489           	-1.281112e-76
490           	-8.967785e-77
491           	-6.277449e-77
492           	-4.394214e-77
493           	-3.075950e-77
494           	-2.153165e-77
495           	-1.507216e-77
496           	-1.055051e-77
497           	-7.385356e-78
498           	-5.169749e-78
499           	-3.618825e-78
500           	-2.533177e-78
501           	-1.773224e-78
502           	-1.241257e-78
503           	-8.688798e-79
504           	-6.082158e-79
505           	-4.257511e-79
506           	-2.980258e-79
507           	-2.086180e-79
508           	-1.460326e-79
509           	-1.022228e-79
510           	-7.155599e-80
511           	-5.008919e-80
512           	-3.506243e-80
513           	-2.454370e-80
514           	-1.718059e-80
515           	-1.202641e-80
516           	-8.418490e-81
517           	-5.892943e-81
518           	-4.125060e-81
519           	-2.887542e-81
520           	-2.021279e-81
521           	-1.414896e-81
522           	-9.904269e-82
523           	-6.932989e-82
524           	-4.853092e-82
525           	-3.397164e-82
526           	-2.378015e-82
527           	-1.664611e-82
528           	-1.165227e-82
529           	-8.156592e-83
530           	-5.709614e-83
531           	-3.996730e-83
532           	-2.797711e-83
533           	-1.958398e-83
534           	-1.370878e-83
535           	-9.596149e-84
536           	-6.717304e-84
537           	-4.702113e-84
538           	-3.291479e-84
539           	-2.304035e-84
540           	-1.612825e-84
541           	-1.128977e-84
542           	-7.902841e-85
543           	-5.531989e-85
544           	-3.872392e-85
545           	-2.710674e-85
546           	-1.897472e-85
547           	-1.328231e-85
548           	-9.297614e-86
549           	-6.508329e-86
550           	-4.555831e-86
551           	-3.189081e-86
552           	-2.232357e-86
553           	-1.562650e-86
554           	-1.093855e-86
555           	-7.656985e-87
556           	-5.359889e-87
557           	-3.751922e-87
558           	-2.626346e-87
559           	-1.838442e-87
560           	-1.286909e-87
561           	-9.008366e-88
562           	-6.305856e-88
563           	-4.414099e-88
564           	-3.089869e-88
565           	-2.162909e-88
566           	-1.514036e-88
567           	-1.059825e-88
568           	-7.418777e-89
569           	-5.193144e-89
570           	-3.635200e-89
571           	-2.544640e-89
572           	-1.781248e-89
573           	-1.246874e-89
574           	-8.728116e-90
575           	-6.109681e-90
576           	-4.276777e-90
577           	-2.993744e-90
578           	-2.095621e-90
579           	-1.466935e-90
580           	-1.026854e-90
581           	-7.187979e-91
582           	-5.031585e-91
583           	-3.522110e-91
584           	-2.465477e-91
585           	-1.725834e-91
586           	-1.208084e-91
587           	-8.456586e-92
588           	-5.919610e-92
589           	-4.143727e-92
590           	-2.900609e-92
591           	-2.030426e-92
592           	-1.421298e-92
593           	-9.949088e-93
594           	-6.964362e-93
595           	-4.875053e-93
596           	-3.412537e-93
597           	-2.388776e-93
598           	-1.672143e-93
599           	-1.170500e-93
600           	-8.193502e-94
601           	-5.735451e-94
602           	-4.014816e-94
603           	-2.810371e-94
604           	-1.967260e-94
605           	-1.377082e-94
606           	-9.639573e-95
607           	-6.747701e-95
608           	-4.723391e-95
609           	-3.306374e-95
610           	-2.314462e-95
611           	-1.620123e-95
612           	-1.134086e-95
613           	-7.938603e-96
614           	-5.557022e-96
615           	-3.889916e-96
616           	-2.722941e-96
617           	-1.906059e-96
618           	-1.334241e-96
619           	-9.339687e-97
620           	-6.537781e-97
621           	-4.576447e-97
622           	-3.203513e-97
623           	-2.242459e-97
624           	-1.569721e-97
625           	-1.098805e-97
626           	-7.691634e-98
627           	-5.384144e-98
628           	-3.768901e-98
629           	-2.638230e-98
630           	-1.846761e-98
631           	-1.292733e-98
632           	-9.049130e-99
633           	-6.334391e-99
634           	-4.434074e-99
635           	-3.103852e-99
636           	-2.172696e-99
637           	-1.520887e-99
638           	-1.064621e-99
639           	-7.452348e-100
640           	-5.216644e-100
641           	-3.651651e-100
642           	-2.556155e-100
643           	-1.789309e-100
644           	-1.252516e-100
645           	-8.767613e-101
646           	-6.137329e-101
647           	-4.296130e-101
648           	-3.007291e-101
649           	-2.105104e-101
650           	-1.473573e-101
651           	-1.031501e-101
652           	-7.220506e-102
653           	-5.054354e-102
654           	-3.538048e-102
655           	-2.476634e-102
656           	-1.733644e-102
657           	-1.213550e-102
658           	-8.494853e-103
659           	-5.946397e-103
660           	-4.162478e-103
661           	-2.913735e-103
662           	-2.039614e-103
663           	-1.427730e-103
664           	-9.994110e-104
665           	-6.995877e-104
666           	-4.897114e-104
667           	-3.427980e-104
668           	-2.399586e-104
669           	-1.679710e-104
670           	-1.175797e-104
671           	-8.230579e-105
672           	-5.761406e-105
673           	-4.032984e-105
674           	-2.823089e-105
675           	-1.976162e-105
676           	-1.383313e-105
677           	-9.683194e-106
678           	-6.778236e-106
679           	-4.744765e-106
680           	-3.321336e-106
681           	-2.324935e-106
682           	-1.627454e-106
683           	-1.139218e-106
684           	-7.974527e-107
685           	-5.582169e-107
686           	-3.907518e-107
687           	-2.735263e-107
688           	-1.914684e-107
689           	-1.340279e-107
690           	-9.381951e-108
691           	-6.567366e-108
692           	-4.597156e-108
693           	-3.218009e-108
694           	-2.252606e-108
695           	-1.576825e-108
696           	-1.103777e-108
697           	-7.726440e-109
698           	-5.408508e-109
699           	-3.785956e-109
700           	-2.650169e-109
701           	-1.855118e-109
702           	-1.298583e-109
703           	-9.090080e-110
704           	-6.363056e-110
705           	-4.454139e-110
706           	-3.117897e-110
707           	-2.182528e-110
708           	-1.527770e-110
709           	-1.069439e-110
710           	-7.486072e-111
711           	-5.240250e-111
712           	-3.668175e-111
713           	-2.567723e-111
714           	-1.797406e-111
715           	-1.258184e-111
716           	-8.807288e-112
717           	-6.165102e-112
718           	-4.315571e-112
719           	-3.020900e-112
720           	-2.114630e-112
721           	-1.480241e-112
722           	-1.036169e-112
723           	-7.253181e-113
724           	-5.077226e-113
725           	-3.554058e-113
726           	-2.487841e-113
727           	-1.741489e-113
728           	-1.219042e-113
729           	-8.533294e-114
730           	-5.973306e-114
731           	-4.181314e-114
732           	-2.926920e-114
733           	-2.048844e-114
734           	-1.434191e-114
735           	-1.003934e-114
736           	-7.027535e-115
737           	-4.919274e-115
738           	-3.443492e-115
739           	-2.410444e-115
740           	-1.687311e-115
741           	-1.181118e-115
742           	-8.267825e-116
743           	-5.787477e-116
744           	-4.051234e-116
745           	-2.835864e-116
746           	-1.985105e-116
747           	-1.389573e-116
748           	-9.727013e-117
749           	-6.808909e-117
750           	-4.766236e-117
751           	-3.336365e-117
752           	-2.335456e-117
753           	-1.634819e-117
754           	-1.144373e-117
755           	-8.010613e-118
756           	-5.607429e-118
757           	-3.925201e-118
758           	-2.747640e-118
759           	-1.923348e-118
760           	-1.346344e-118
761           	-9.424407e-119
762           	-6.597085e-119
763           	-4.617959e-119
764           	-3.232571e-119
765           	-2.262800e-119
766           	-1.583960e-119
767           	-1.108772e-119
768           	-7.761404e-120
769           	-5.432983e-120
770           	-3.803088e-120
771           	-2.662162e-120
772           	-1.863513e-120
773           	-1.304459e-120
774           	-9.131214e-121
775           	-6.391850e-121
776           	-4.474295e-121
777           	-3.132006e-121
778           	-2.192405e-121
779           	-1.534683e-121
780           	-1.074278e-121
781           	-7.519948e-122
782           	-5.263963e-122
783           	-3.684774e-122
784           	-2.579342e-122
785           	-1.805539e-122
786           	-1.263878e-122
787           	-8.847143e-123
788           	-6.193000e-123
789           	-4.335100e-123
790           	-3.034570e-123
791           	-2.124199e-123
792           	-1.486939e-123
793           	-1.040858e-123
794           	-7.286003e-124
795           	-5.100202e-124
796           	-3.570141e-124
797           	-2.499099e-124
798           	-1.749369e-124
799           	-1.224558e-124
800           	-8.571909e-125
801           	-6.000337e-125
802           	-4.200236e-125
803           	-2.940165e-125
804           	-2.058115e-125
805           	-1.440681e-125
806           	-1.008477e-125
807           	-7.059336e-126
808           	-4.941535e-126
809           	-3.459075e-126
810           	-2.421352e-126
811           	-1.694947e-126
812           	-1.186463e-126
813           	-8.305238e-127
814           	-5.813667e-127
815           	-4.069567e-127
816           	-2.848697e-127
817           	-1.994088e-127
818           	-1.395861e-127
819           	-9.771030e-128
820           	-6.839721e-128
821           	-4.787805e-128
822           	-3.351463e-128
823           	-2.346024e-128
824           	-1.642217e-128
825           	-1.149552e-128
826           	-8.046863e-129
827           	-5.632804e-129
828           	-3.942963e-129
829           	-2.760074e-129
830           	-1.932052e-129
831           	-1.352436e-129
832           	-9.467054e-130
833           	-6.626938e-130
834           	-4.638856e-130
835           	-3.247200e-130
836           	-2.273040e-130
837           	-1.591128e-130
838           	-1.113789e-130
839           	-7.796526e-131
840           	-5.457568e-131
841           	-3.820298e-131
842           	-2.674208e-131
843           	-1.871946e-131
844           	-1.310362e-131
845           	-9.172535e-132
846           	-6.420774e-132
847           	-4.494542e-132
848           	-3.146179e-132
849           	-2.202326e-132
850           	-1.541628e-132
851           	-1.079140e-132
852           	-7.553977e-133
853           	-5.287784e-133
854           	-3.701449e-133
855           	-2.591014e-133
856           	-1.813710e-133
857           	-1.269597e-133
858           	-8.887178e-134
859           	-6.221025e-134
860           	-4.354717e-134
861           	-3.048302e-134
862           	-2.133812e-134
863           	-1.493668e-134
864           	-1.045568e-134
865           	-7.318973e-135
866           	-5.123281e-135
867           	-3.586297e-135
868           	-2.510408e-135
869           	-1.757286e-135
870           	-1.230100e-135
871           	-8.610699e-136
872           	-6.027489e-136
873           	-4.219243e-136
874           	-2.953470e-136
875           	-2.067429e-136
876           	-1.447200e-136
877           	-1.013040e-136
878           	-7.091281e-137
879           	-4.963897e-137
880           	-3.474728e-137
881           	-2.432309e-137
882           	-1.702617e-137
883           	-1.191832e-137
884           	-8.342821e-138
885           	-5.839975e-138
886           	-4.087982e-138
887           	-2.861588e-138
888           	-2.003111e-138
889           	-1.402178e-138
890           	-9.815246e-139
891           	-6.870672e-139
892           	-4.809470e-139
893           	-3.366629e-139
894           	-2.356640e-139
895           	-1.649648e-139
896           	-1.154754e-139
897           	-8.083277e-140
898           	-5.658294e-140
899           	-3.960806e-140
900           	-2.772564e-140
901           	-1.940795e-140
902           	-1.358556e-140
903           	-9.509894e-141
904           	-6.656926e-141
905           	-4.659848e-141
906           	-3.261894e-141
907           	-2.283326e-141
908           	-1.598328e-141
909           	-1.118830e-141
910           	-7.831807e-142
911           	-5.482265e-142
912           	-3.837585e-142
913           	-2.686310e-142
914           	-1.880417e-142
915           	-1.316292e-142
916           	-9.214043e-143
917           	-6.449830e-143
918           	-4.514881e-143
919           	-3.160417e-143
920           	-2.212292e-143
921           	-1.548604e-143
922           	-1.084023e-143
923           	-7.588160e-144
924           	-5.311712e-144
925           	-3.718199e-144
926           	-2.602739e-144
927           	-1.821917e-144
928           	-1.275342e-144
929           	-8.927395e-145
930           	-6.249176e-145
931           	-4.374423e-145
932           	-3.062096e-145
933           	-2.143467e-145
934           	-1.500427e-145
935           	-1.050299e-145
936           	-7.352093e-146
937           	-5.146465e-146
938           	-3.602526e-146
939           	-2.521768e-146
940           	-1.765238e-146
941           	-1.235666e-146
942           	-8.649664e-147
943           	-6.054765e-147
944           	-4.238336e-147
945           	-2.966835e-147
946           	-2.076784e-147
947           	-1.453749e-147
948           	-1.017624e-147
949           	-7.123371e-148
950           	-4.986359e-148
951           	-3.490452e-148
952           	-2.443316e-148
953           	-1.710321e-148
954           	-1.197225e-148
955           	-8.380574e-149
956           	-5.866402e-149
957           	-4.106481e-149
958           	-2.874537e-149
959           	-2.012176e-149
960           	-1.408523e-149
961           	-9.859662e-150
962           	-6.901763e-150
963           	-4.831234e-150
964           	-3.381864e-150
965           	-2.367305e-150
966           	-1.657113e-150
967           	-1.159979e-150
968           	-8.119855e-151
969           	-5.683899e-151
970           	-3.978729e-151
971           	-2.785110e-151
972           	-1.949577e-151
973           	-1.364704e-151
974           	-9.552929e-152
975           	-6.687050e-152
976           	-4.680935e-152
977           	-3.276655e-152
978           	-2.293658e-152
979           	-1.605561e-152
980           	-1.123893e-152
981           	-7.867248e-153
982           	-5.507073e-153
983           	-3.854951e-153
984           	-2.698466e-153
985           	-1.888926e-153
986           	-1.322248e-153
987           	-9.255738e-154
988           	-6.479017e-154
989           	-4.535312e-154
990           	-3.174718e-154
991           	-2.222303e-154
992           	-1.555612e-154
993           	-1.088928e-154
994           	-7.622498e-155
995           	-5.335749e-155
996           	-3.735024e-155
997           	-2.614517e-155
998           	-1.830162e-155
999           	-1.281113e-155
1000          	-8.967793e-156
1001          	-6.277455e-156
1002          	-4.394219e-156
1003          	-3.075953e-156
1004          	-2.153167e-156
1005          	-1.507217e-156
1006          	-1.055052e-156
1007          	-7.385363e-157
1008          	-5.169754e-157
1009          	-3.618828e-157
1010          	-2.533180e-157
1011          	-1.773226e-157
1012          	-1.241258e-157
1013          	-8.688806e-158
1014          	-6.082164e-158
1015          	-4.257515e-158
1016          	-2.980260e-158
1017          	-2.086182e-158
1018          	-1.460328e-158
1019          	-1.022229e-158
1020          	-7.155605e-159
1021          	-5.008924e-159
1022          	-3.506247e-159
1023          	-2.454373e-159
1024          	-1.718061e-159
1025          	-1.202643e-159
1026          	-8.418498e-160
1027          	-5.892949e-160
1028          	-4.125064e-160
1029          	-2.887545e-160
1030          	-2.021281e-160
1031          	-1.414897e-160
1032          	-9.904279e-161
1033          	-6.932995e-161
1034          	-4.853097e-161
1035          	-3.397168e-161
1036          	-2.378017e-161
1037          	-1.664612e-161
1038          	-1.165228e-161
1039          	-8.156599e-162
1040          	-5.709620e-162
1041          	-3.996734e-162
1042          	-2.797714e-162
1043          	-1.958400e-162
1044          	-1.370880e-162
1045          	-9.596158e-163
1046          	-6.717310e-163
1047          	-4.702117e-163
1048          	-3.291482e-163
1049          	-2.304037e-163
1050          	-1.612826e-163
1051          	-1.128978e-163
1052          	-7.902848e-164
1053          	-5.531994e-164
1054          	-3.872396e-164
1055          	-2.710677e-164
1056          	-1.897474e-164
1057          	-1.328232e-164
1058          	-9.297622e-165
1059          	-6.508336e-165
1060          	-4.555835e-165
1061          	-3.189084e-165
1062          	-2.232359e-165
1063          	-1.562651e-165
1064          	-1.093856e-165
1065          	-7.656992e-166
1066          	-5.359894e-166
1067          	-3.751926e-166
1068          	-2.626348e-166
1069          	-1.838444e-166
1070          	-1.286911e-166
1071          	-9.008374e-167
1072          	-6.305862e-167
1073          	-4.414103e-167
1074          	-3.089872e-167
1075          	-2.162911e-167
1076          	-1.514037e-167
1077          	-1.059826e-167
1078          	-7.418783e-168
1079          	-5.193148e-168
1080          	-3.635204e-168
1081          	-2.544643e-168
1082          	-1.781250e-168
1083          	-1.246875e-168
1084          	-8.728125e-169
1085          	-6.109687e-169
1086          	-4.276781e-169
1087          	-2.993747e-169
1088          	-2.095623e-169
1089          	-1.466936e-169
1090          	-1.026855e-169
1091          	-7.187986e-170
1092          	-5.031590e-170
1093          	-3.522113e-170
1094          	-2.465479e-170
1095          	-1.725835e-170
1096          	-1.208085e-170
1097          	-8.456594e-171
1098          	-5.919615e-171
1099          	-4.143731e-171
1100          	-2.900612e-171
1101          	-2.030428e-171
1102          	-1.421300e-171
1103          	-9.949098e-172
1104          	-6.964368e-172
1105          	-4.875058e-172
1106          	-3.412541e-172
1107          	-2.388778e-172
1108          	-1.672145e-172
1109          	-1.170501e-172
1110          	-8.193510e-173
1111          	-5.735457e-173
1112          	-4.014820e-173
1113          	-2.810374e-173
1114          	-1.967262e-173
1115          	-1.377083e-173
1116          	-9.639582e-174
1117          	-6.747708e-174
1118          	-4.723395e-174
1119          	-3.306377e-174
1120          	-2.314464e-174
1121          	-1.620125e-174
1122          	-1.134087e-174
1123          	-7.938611e-175
1124          	-5.557027e-175
1125          	-3.889919e-175
1126          	-2.722943e-175
1127          	-1.906060e-175
1128          	-1.334242e-175
1129          	-9.339696e-176
1130          	-6.537787e-176
1131          	-4.576451e-176
1132          	-3.203516e-176
1133          	-2.242461e-176
1134          	-1.569723e-176
1135          	-1.098806e-176
1136          	-7.691641e-177
1137          	-5.384149e-177
1138          	-3.768904e-177
1139          	-2.638233e-177
1140          	-1.846763e-177
1141          	-1.292734e-177
1142          	-9.049139e-178
1143          	-6.334397e-178
1144          	-4.434078e-178
1145          	-3.103855e-178
1146          	-2.172698e-178
1147          	-1.520889e-178
1148          	-1.064622e-178
1149          	-7.452355e-179
1150          	-5.216649e-179
1151          	-3.651654e-179
1152          	-2.556158e-179
1153          	-1.789310e-179
1154          	-1.252517e-179
1155          	-8.767621e-180
1156          	-6.137335e-180
1157          	-4.296134e-180
1158          	-3.007294e-180
1159          	-2.105106e-180
1160          	-1.473574e-180
1161          	-1.031502e-180
1162          	-7.220513e-181
1163          	-5.054359e-181
1164          	-3.538051e-181
1165          	-2.476636e-181
1166          	-1.733645e-181
1167          	-1.213552e-181
1168          	-8.494861e-182
1169          	-5.946403e-182
1170          	-4.162482e-182
1171          	-2.913737e-182
1172          	-2.039616e-182
1173          	-1.427731e-182
1174          	-9.994119e-183
1175          	-6.995884e-183
1176          	-4.897119e-183
1177          	-3.427983e-183
1178          	-2.399588e-183
1179          	-1.679712e-183
1180          	-1.175798e-183
1181          	-8.230587e-184
1182          	-5.761411e-184
1183          	-4.032988e-184
1184          	-2.823091e-184
1185          	-1.976164e-184
1186          	-1.383315e-184
1187          	-9.683203e-185
1188          	-6.778242e-185
1189          	-4.744770e-185
1190          	-3.321339e-185
1191          	-2.324937e-185
1192          	-1.627456e-185
1193          	-1.139219e-185
1194          	-7.974534e-186
1195          	-5.582174e-186
1196          	-3.907522e-186
1197          	-2.735265e-186
1198          	-1.914686e-186
1199          	-1.340280e-186
1200          	-9.381960e-187
1201          	-6.567372e-187
1202          	-4.597160e-187
1203          	-3.218012e-187
1204          	-2.252609e-187
1205          	-1.576826e-187
1206          	-1.103778e-187
1207          	-7.726448e-188
1208          	-5.408513e-188
1209          	-3.785959e-188
1210          	-2.650171e-188
1211          	-1.855120e-188
1212          	-1.298584e-188
1213          	-9.090088e-189
1214          	-6.363062e-189
1215          	-4.454143e-189
1216          	-3.117900e-189
1217          	-2.182530e-189
1218          	-1.527771e-189
1219          	-1.069440e-189
1220          	-7.486079e-190
1221          	-5.240255e-190
1222          	-3.668178e-190
1223          	-2.567725e-190
1224          	-1.797407e-190
1225          	-1.258185e-190
1226          	-8.807297e-191
1227          	-6.165108e-191
1228          	-4.315575e-191
1229          	-3.020903e-191
1230          	-2.114632e-191
1231          	-1.480242e-191
1232          	-1.036170e-191
1233          	-7.253187e-192
1234          	-5.077231e-192
1235          	-3.554062e-192
1236          	-2.487843e-192
1237          	-1.741490e-192
1238          	-1.219043e-192
1239          	-8.533302e-193
1240          	-5.973312e-193
1241          	-4.181318e-193
1242          	-2.926923e-193
1243          	-2.048846e-193
1244          	-1.434192e-193
1245          	-1.003935e-193
1246          	-7.027542e-194
1247          	-4.919279e-194
1248          	-3.443495e-194
1249          	-2.410447e-194
1250          	-1.687313e-194
1251          	-1.181119e-194
1252          	-8.267832e-195
1253          	-5.787483e-195
1254          	-4.051238e-195
1255          	-2.835866e-195
1256          	-1.985107e-195
1257          	-1.389575e-195
1258          	-9.727022e-196
1259          	-6.808915e-196
1260          	-4.766241e-196
1261          	-3.336369e-196
1262          	-2.335458e-196
1263          	-1.634821e-196
1264          	-1.144374e-196
1265          	-8.010621e-197
1266          	-5.607435e-197
1267          	-3.925204e-197
1268          	-2.747643e-197
1269          	-1.923350e-197
1270          	-1.346345e-197
1271          	-9.424415e-198
1272          	-6.597091e-198
1273          	-4.617964e-198
1274          	-3.232574e-198
1275          	-2.262802e-198
1276          	-1.583961e-198
1277          	-1.108773e-198
1278          	-7.761411e-199
1279          	-5.432988e-199
1280          	-3.803092e-199
1281          	-2.662164e-199
1282          	-1.863515e-199
1283          	-1.304460e-199
1284          	-9.131223e-200
1285          	-6.391856e-200
1286          	-4.474299e-200
1287          	-3.132009e-200
1288          	-2.192407e-200
1289          	-1.534685e-200
1290          	-1.074279e-200
1291          	-7.519955e-201
1292          	-5.263968e-201
1293          	-3.684778e-201
1294          	-2.579344e-201
1295          	-1.805541e-201
1296          	-1.263879e-201
1297          	-8.847151e-202
1298          	-6.193006e-202
1299          	-4.335104e-202
1300          	-3.034573e-202
1301          	-2.124201e-202
1302          	-1.486941e-202
1303          	-1.040859e-202
1304          	-7.286010e-203
1305          	-5.100207e-203
1306          	-3.570145e-203
1307          	-2.499101e-203
1308          	-1.749371e-203
1309          	-1.224560e-203
1310          	-8.571917e-204
1311          	-6.000342e-204
1312          	-4.200240e-204
1313          	-2.940168e-204
1314          	-2.058117e-204
1315          	-1.440682e-204
1316          	-1.008478e-204
1317          	-7.059343e-205
1318          	-4.941540e-205
1319          	-3.459078e-205
1320          	-2.421355e-205
1321          	-1.694948e-205
1322          	-1.186464e-205
1323          	-8.305246e-206
1324          	-5.813672e-206
1325          	-4.069571e-206
1326          	-2.848699e-206
1327          	-1.994090e-206
1328          	-1.395863e-206
1329          	-9.771039e-207
1330          	-6.839727e-207
1331          	-4.787809e-207
1332          	-3.351466e-207
1333          	-2.346026e-207
1334          	-1.642218e-207
1335          	-1.149553e-207
1336          	-8.046871e-208
1337          	-5.632809e-208
1338          	-3.942967e-208
1339          	-2.760077e-208
1340          	-1.932054e-208
1341          	-1.352438e-208
1342          	-9.467063e-209
1343          	-6.626944e-209
1344          	-4.638861e-209
1345          	-3.247203e-209
1346          	-2.273042e-209
1347          	-1.591129e-209
1348          	-1.113790e-209
1349          	-7.796533e-210
1350          	-5.457573e-210
1351          	-3.820301e-210
1352          	-2.674211e-210
1353          	-1.871948e-210
1354          	-1.310363e-210
1355          	-9.172544e-211
1356          	-6.420780e-211
1357          	-4.494546e-211
1358          	-3.146182e-211
1359          	-2.202328e-211
1360          	-1.541629e-211
1361          	-1.079141e-211
1362          	-7.553984e-212
1363          	-5.287789e-212
1364          	-3.701452e-212
1365          	-2.591017e-212
1366          	-1.813712e-212
1367          	-1.269598e-212
1368          	-8.887187e-213
1369          	-6.221031e-213
1370          	-4.354721e-213
1371          	-3.048305e-213
1372          	-2.133814e-213
1373          	-1.493669e-213
1374          	-1.045569e-213
1375          	-7.318980e-214
1376          	-5.123286e-214
1377          	-3.586300e-214
1378          	-2.510410e-214
1379          	-1.757287e-214
1380          	-1.230101e-214
1381          	-8.610707e-215
1382          	-6.027495e-215
1383          	-4.219247e-215
1384          	-2.953473e-215
1385          	-2.067431e-215
1386          	-1.447202e-215
1387          	-1.013041e-215
1388          	-7.091288e-216
1389          	-4.963901e-216
1390          	-3.474731e-216
1391          	-2.432312e-216
1392          	-1.702618e-216
1393          	-1.191833e-216
1394          	-8.342829e-217
1395          	-5.839980e-217
1396          	-4.087986e-217
1397          	-2.861590e-217
1398          	-2.003113e-217
1399          	-1.402179e-217
1400          	-9.815255e-218
1401          	-6.870678e-218
1402          	-4.809475e-218
1403          	-3.366632e-218
1404          	-2.356643e-218
1405          	-1.649650e-218
1406          	-1.154755e-218
1407          	-8.083284e-219
1408          	-5.658299e-219
1409          	-3.960809e-219
1410          	-2.772567e-219
1411          	-1.940797e-219
1412          	-1.358558e-219
1413          	-9.509903e-220
1414          	-6.656932e-220
1415          	-4.659853e-220
1416          	-3.261897e-220
1417          	-2.283328e-220
1418          	-1.598329e-220
1419          	-1.118831e-220
1420          	-7.831814e-221
1421          	-5.482270e-221
1422          	-3.837589e-221
1423          	-2.686312e-221
1424          	-1.880419e-221
1425          	-1.316293e-221
1426          	-9.214051e-222
1427          	-6.449836e-222
1428          	-4.514885e-222
1429          	-3.160420e-222
1430          	-2.212294e-222
1431          	-1.548606e-222
1432          	-1.084024e-222
1433          	-7.588167e-223
1434          	-5.311717e-223
1435          	-3.718202e-223
1436          	-2.602741e-223
1437          	-1.821919e-223
1438          	-1.275343e-223
1439          	-8.927403e-224
1440          	-6.249182e-224
1441          	-4.374427e-224
1442          	-3.062099e-224
1443          	-2.143469e-224
1444          	-1.500429e-224
1445          	-1.050300e-224
1446          	-7.352100e-225
1447          	-5.146470e-225
1448          	-3.602529e-225
1449          	-2.521770e-225
1450          	-1.765239e-225
1451          	-1.235667e-225
1452          	-8.649672e-226
1453          	-6.054771e-226
1454          	-4.238340e-226
1455          	-2.966838e-226
1456          	-2.076786e-226
1457          	-1.453750e-226
1458          	-1.017625e-226
1459          	-7.123377e-227
1460          	-4.986364e-227
1461          	-3.490455e-227
1462          	-2.443318e-227
1463          	-1.710323e-227
1464          	-1.197226e-227
1465          	-8.380582e-228
1466          	-5.866407e-228
1467          	-4.106485e-228
1468          	-2.874540e-228
1469          	-2.012178e-228
1470          	-1.408524e-228
1471          	-9.859671e-229
1472          	-6.901770e-229
1473          	-4.831239e-229
1474          	-3.381867e-229
1475          	-2.367307e-229
1476          	-1.657115e-229
1477          	-1.159980e-229
1478          	-8.119863e-230
1479          	-5.683904e-230
1480          	-3.978733e-230
1481          	-2.785113e-230
1482          	-1.949579e-230
1483          	-1.364705e-230
1484          	-9.552938e-231
1485          	-6.687056e-231
1486          	-4.680939e-231
1487          	-3.276658e-231
1488          	-2.293660e-231
1489          	-1.605562e-231
1490          	-1.123894e-231
1491          	-7.867255e-232
1492          	-5.507078e-232
1493          	-3.854955e-232
1494          	-2.698468e-232
1495          	-1.888928e-232
1496          	-1.322250e-232
1497          	-9.255747e-233
1498          	-6.479023e-233
1499          	-4.535316e-233
1500          	-3.174721e-233
1501          	-2.222305e-233
1502          	-1.555613e-233
1503          	-1.088929e-233
1504          	-7.622505e-234
1505          	-5.335754e-234
1506          	-3.735028e-234
1507          	-2.614519e-234
1508          	-1.830164e-234
1509          	-1.281114e-234
1510          	-8.967801e-235
1511          	-6.277461e-235
1512          	-4.394223e-235
1513          	-3.075956e-235
1514          	-2.153169e-235
1515          	-1.507218e-235
1516          	-1.055053e-235
1517          	-7.385370e-236
1518          	-5.169759e-236
1519          	-3.618831e-236
1520          	-2.533182e-236
1521          	-1.773227e-236
1522          	-1.241259e-236
1523          	-8.688814e-237
1524          	-6.082170e-237
1525          	-4.257519e-237
1526          	-2.980263e-237
1527          	-2.086184e-237
1528          	-1.460329e-237
1529          	-1.022230e-237
1530          	-7.155612e-238
1531          	-5.008928e-238
1532          	-3.506250e-238
1533          	-2.454375e-238
1534          	-1.718062e-238
1535          	-1.202644e-238
1536          	-8.418506e-239
1537          	-5.892954e-239
1538          	-4.125068e-239
1539          	-2.887548e-239
1540          	-2.021283e-239
1541          	-1.414898e-239
1542          	-9.904288e-240
1543          	-6.933002e-240
1544          	-4.853101e-240
1545          	-3.397171e-240
1546          	-2.378020e-240
1547          	-1.664614e-240
1548          	-1.165230e-240
1549          	-8.156607e-241
1550          	-5.709625e-241
1551          	-3.996737e-241
1552          	-2.797716e-241
1553          	-1.958401e-241
1554          	-1.370881e-241
1555          	-9.596167e-242
1556          	-6.717317e-242
1557          	-4.702122e-242
1558          	-3.291485e-242
1559          	-2.304040e-242
1560          	-1.612828e-242
1561          	-1.128979e-242
1562          	-7.902856e-243
1563          	-5.531999e-243
1564          	-3.872399e-243
1565          	-2.710680e-243
1566          	-1.897476e-243
1567          	-1.328233e-243
1568          	-9.297631e-244
1569          	-6.508342e-244
1570          	-4.555839e-244
1571          	-3.189087e-244
1572          	-2.232361e-244
1573          	-1.562653e-244
1574          	-1.093857e-244
1575          	-7.656999e-245
1576          	-5.359899e-245
1577          	-3.751929e-245
1578          	-2.626351e-245
1579          	-1.838445e-245
1580          	-1.286912e-245
1581          	-9.008383e-246
1582          	-6.305868e-246
1583          	-4.414107e-246
1584          	-3.089875e-246
1585          	-2.162913e-246
1586          	-1.514039e-246
1587          	-1.059827e-246
1588          	-7.418790e-247
1589          	-5.193153e-247
1590          	-3.635207e-247
1591          	-2.544645e-247
1592          	-1.781252e-247
1593          	-1.246876e-247
1594          	-8.728133e-248
1595          	-6.109693e-248
1596          	-4.276785e-248
1597          	-2.993750e-248
1598          	-2.095625e-248
1599          	-1.466937e-248
1600          	-1.026856e-248
1601          	-7.187993e-249
1602          	-5.031595e-249
1603          	-3.522116e-249
1604          	-2.465481e-249
1605          	-1.725837e-249
1606          	-1.208086e-249
1607          	-8.456601e-250
1608          	-5.919621e-250
1609          	-4.143735e-250
1610          	-2.900614e-250
1611          	-2.030430e-250
1612          	-1.421301e-250
1613          	-9.949107e-251
1614          	-6.964375e-251
1615          	-4.875062e-251
1616          	-3.412544e-251
1617          	-2.388781e-251
1618          	-1.672146e-251
1619          	-1.170502e-251
1620          	-8.193517e-252
1621          	-5.735462e-252
1622          	-4.014824e-252
1623          	-2.810376e-252
1624          	-1.967264e-252
1625          	-1.377084e-252
1626          	-9.639591e-253
1627          	-6.747714e-253
1628          	-4.723400e-253
1629          	-3.306380e-253
1630          	-2.314466e-253
1631          	-1.620126e-253
1632          	-1.134088e-253
1633          	-7.938618e-254
1634          	-5.557033e-254
1635          	-3.889923e-254
1636          	-2.722946e-254
1637          	-1.906062e-254
1638          	-1.334244e-254
1639          	-9.339705e-255
1640          	-6.537793e-255
1641          	-4.576455e-255
1642          	-3.203519e-255
1643          	-2.242463e-255
1644          	-1.569724e-255
1645          	-1.098807e-255
1646          	-7.691648e-256
1647          	-5.384154e-256
1648          	-3.768908e-256
1649          	-2.638235e-256
1650          	-1.846765e-256
1651          	-1.292735e-256
1652          	-9.049147e-257
1653          	-6.334403e-257
1654          	-4.434082e-257
1655          	-3.103858e-257
1656          	-2.172700e-257
1657          	-1.520890e-257
1658          	-1.064623e-257
1659          	-7.452362e-258
1660          	-5.216653e-258
1661          	-3.651657e-258
1662          	-2.556160e-258
1663          	-1.789312e-258
1664          	-1.252518e-258
1665          	-8.767629e-259
1666          	-6.137341e-259
1667          	-4.296138e-259
1668          	-3.007297e-259
1669          	-2.105108e-259
1670          	-1.473575e-259
1671          	-1.031503e-259
1672          	-7.220520e-260
1673          	-5.054364e-260
1674          	-3.538055e-260
1675          	-2.476638e-260
1676          	-1.733647e-260
1677          	-1.213553e-260
1678          	-8.494869e-261
1679          	-5.946409e-261
1680          	-4.162486e-261
1681          	-2.913740e-261
1682          	-2.039618e-261
1683          	-1.427733e-261
1684          	-9.994129e-262
1685          	-6.995890e-262
1686          	-4.897123e-262
1687          	-3.427986e-262
1688          	-2.399590e-262
1689          	-1.679713e-262
1690          	-1.175799e-262
1691          	-8.230595e-263
1692          	-5.761416e-263
1693          	-4.032991e-263
1694          	-2.823094e-263
1695          	-1.976166e-263
1696          	-1.383316e-263
1697          	-9.683213e-264
1698          	-6.778249e-264
1699          	-4.744774e-264
1700          	-3.321342e-264
1701          	-2.324939e-264
1702          	-1.627458e-264
1703          	-1.139220e-264
1704          	-7.974542e-265
1705          	-5.582179e-265
1706          	-3.907526e-265
1707          	-2.735268e-265
1708          	-1.914688e-265
1709          	-1.340281e-265
1710          	-9.381969e-266
1711          	-6.567378e-266
1712          	-4.597165e-266
1713          	-3.218015e-266
1714          	-2.252611e-266
1715          	-1.576828e-266
1716          	-1.103779e-266
1717          	-7.726455e-267
1718          	-5.408518e-267
1719          	-3.785963e-267
1720          	-2.650174e-267
1721          	-1.855122e-267
1722          	-1.298585e-267
1723          	-9.090097e-268
1724          	-6.363068e-268
1725          	-4.454147e-268
1726          	-3.117903e-268
1727          	-2.182532e-268
1728          	-1.527773e-268
1729          	-1.069441e-268
1730          	-7.486086e-269
1731          	-5.240260e-269
1732          	-3.668182e-269
1733          	-2.567727e-269
1734          	-1.797409e-269
1735          	-1.258186e-269
1736          	-8.807305e-270
1737          	-6.165113e-270
1738          	-4.315579e-270
1739          	-3.020906e-270
1740          	-2.114634e-270
1741          	-1.480244e-270
1742          	-1.036171e-270
1743          	-7.253194e-271
1744          	-5.077236e-271
1745          	-3.554065e-271
1746          	-2.487846e-271
1747          	-1.741492e-271
1748          	-1.219044e-271
1749          	-8.533310e-272
1750          	-5.973317e-272
1751          	-4.181322e-272
1752          	-2.926925e-272
1753          	-2.048848e-272
1754          	-1.434193e-272
1755          	-1.003935e-272
1756          	-7.027548e-273
1757          	-4.919284e-273
1758          	-3.443499e-273
1759          	-2.410449e-273
1760          	-1.687314e-273
1761          	-1.181120e-273
1762          	-8.267840e-274
1763          	-5.787488e-274
1764          	-4.051242e-274
1765          	-2.835869e-274
1766          	-1.985108e-274
1767          	-1.389576e-274
1768          	-9.727031e-275
1769          	-6.808922e-275
1770          	-4.766245e-275
1771          	-3.336372e-275
1772          	-2.335460e-275
1773          	-1.634822e-275
1774          	-1.144375e-275
1775          	-8.010628e-276
1776          	-5.607440e-276
1777          	-3.925208e-276
1778          	-2.747646e-276
1779          	-1.923352e-276
1780          	-1.346346e-276
1781          	-9.424424e-277
1782          	-6.597097e-277
1783          	-4.617968e-277
1784          	-3.232578e-277
1785          	-2.262804e-277
1786          	-1.583963e-277
1787          	-1.108774e-277
1788          	-7.761419e-278
1789          	-5.432993e-278
1790          	-3.803095e-278
1791          	-2.662167e-278
1792          	-1.863517e-278
1793          	-1.304462e-278
1794          	-9.131231e-279
1795          	-6.391862e-279
1796          	-4.474303e-279
1797          	-3.132012e-279
1798          	-2.192409e-279
1799          	-1.534686e-279
1800          	-1.074280e-279
1801          	-7.519962e-280
1802          	-5.263973e-280
1803          	-3.684781e-280
1804          	-2.579347e-280
1805          	-1.805543e-280
1806          	-1.263880e-280
1807          	-8.847160e-281
1808          	-6.193012e-281
1809          	-4.335108e-281
1810          	-3.034576e-281
1811          	-2.124203e-281
1812          	-1.486942e-281
1813          	-1.040859e-281
1814          	-7.286016e-282
1815          	-5.100212e-282
1816          	-3.570148e-282
1817          	-2.499104e-282
1818          	-1.749373e-282
1819          	-1.224561e-282
1820          	-8.571925e-283
1821          	-6.000348e-283
1822          	-4.200243e-283
1823          	-2.940170e-283
1824          	-2.058119e-283
1825          	-1.440684e-283
1826          	-1.008478e-283
1827          	-7.059349e-284
1828          	-4.941544e-284
1829          	-3.459081e-284
1830          	-2.421357e-284
1831          	-1.694950e-284
1832          	-1.186465e-284
1833          	-8.305254e-285
1834          	-5.813678e-285
1835          	-4.069574e-285
1836          	-2.848702e-285
1837          	-1.994091e-285
1838          	-1.395864e-285
1839          	-9.771048e-286
1840          	-6.839734e-286
1841          	-4.787814e-286
1842          	-3.351469e-286
1843          	-2.346029e-286
1844          	-1.642220e-286
1845          	-1.149554e-286
1846          	-8.046878e-287
1847          	-5.632815e-287
1848          	-3.942970e-287
1849          	-2.760079e-287
1850          	-1.932055e-287
1851          	-1.352439e-287
1852          	-9.467072e-288
1853          	-6.626950e-288
1854          	-4.638865e-288
1855          	-3.247206e-288
1856          	-2.273044e-288
1857          	-1.591131e-288
1858          	-1.113792e-288
1859          	-7.796541e-289
1860          	-5.457578e-289
1861          	-3.820305e-289
1862          	-2.674213e-289
1863          	-1.871949e-289
1864          	-1.310365e-289
1865          	-9.172552e-290
1866          	-6.420786e-290
1867          	-4.494551e-290
1868          	-3.146185e-290
1869          	-2.202330e-290
1870          	-1.541631e-290
1871          	-1.079142e-290
1872          	-7.553991e-291
1873          	-5.287794e-291
1874          	-3.701456e-291
1875          	-2.591019e-291
1876          	-1.813713e-291
1877          	-1.269599e-291
1878          	-8.887195e-292
1879          	-6.221036e-292
1880          	-4.354726e-292
1881          	-3.048308e-292
1882          	-2.133816e-292
1883          	-1.493671e-292
1884          	-1.045570e-292
1885          	-7.318987e-293
1886          	-5.123291e-293
1887          	-3.586304e-293
1888          	-2.510413e-293
1889          	-1.757289e-293
1890          	-1.230102e-293
1891          	-8.610715e-294
1892          	-6.027501e-294
1893          	-4.219250e-294
1894          	-2.953475e-294
1895          	-2.067433e-294
1896          	-1.447203e-294
1897          	-1.013042e-294
1898          	-7.091294e-295
1899          	-4.963906e-295
1900          	-3.474734e-295
1901          	-2.432314e-295
1902          	-1.702620e-295
1903          	-1.191834e-295
1904          	-8.342837e-296
1905          	-5.839986e-296
1906          	-4.087990e-296
1907          	-2.861593e-296
1908          	-2.003115e-296
1909          	-1.402181e-296
1910          	-9.815264e-297
1911          	-6.870685e-297
1912          	-4.809479e-297
1913          	-3.366636e-297
1914          	-2.356645e-297
1915          	-1.649651e-297
1916          	-1.154756e-297
1917          	-8.083292e-298
1918          	-5.658304e-298
1919          	-3.960813e-298
1920          	-2.772569e-298
1921          	-1.940798e-298
1922          	-1.358559e-298
1923          	-9.509912e-299
1924          	-6.656939e-299
1925          	-4.659857e-299
1926          	-3.261900e-299
1927          	-2.283330e-299
1928          	-1.598331e-299
1929          	-1.118832e-299
1930          	-7.831822e-300
1931          	-5.482275e-300
1932          	-3.837593e-300
1933          	-2.686315e-300
1934          	-1.880420e-300
1935          	-1.316294e-300
1936          	-9.214060e-301
1937          	-6.449842e-301
1938          	-4.514889e-301
1939          	-3.160423e-301
1940          	-2.212296e-301
1941          	-1.548607e-301
1942          	-1.084025e-301
1943          	-7.588174e-302
1944          	-5.311722e-302
1945          	-3.718205e-302
1946          	-2.602744e-302
1947          	-1.821921e-302
1948          	-1.275344e-302
1949          	-8.927411e-303
1950          	-6.249188e-303
1951          	-4.374432e-303
1952          	-3.062102e-303
1953          	-2.143471e-303
1954          	-1.500430e-303
1955          	-1.050301e-303
1956          	-7.352107e-304
1957          	-5.146475e-304
1958          	-3.602533e-304
1959          	-2.521773e-304
1960          	-1.765241e-304
1961          	-1.235669e-304
1962          	-8.649681e-305
1963          	-6.054776e-305
1964          	-4.238343e-305
1965          	-2.966840e-305
1966          	-2.076788e-305
1967          	-1.453752e-305
1968          	-1.017626e-305
1969          	-7.123384e-306
1970          	-4.986369e-306
1971          	-3.490458e-306
1972          	-2.443321e-306
1973          	-1.710324e-306
1974          	-1.197227e-306
1975          	-8.380590e-307
1976          	-5.866413e-307
1977          	-4.106489e-307
1978          	-2.874542e-307
1979          	-2.012180e-307
1980          	-1.408526e-307
1981          	-9.859680e-308
1982          	-6.901776e-308
1983          	-4.831243e-308
1984          	-3.381870e-308
1985          	-2.367309e-308
1986          	-1.657116e-308
1987          	-1.159982e-308
1988          	-8.119871e-309
1989          	-5.683909e-309
1990          	-3.978736e-309
1991          	-2.785116e-309
1992          	-1.949581e-309
1993          	-1.364707e-309
1994          	-9.552947e-310
1995          	-6.687062e-310
1996          	-4.680944e-310
1997          	-3.276661e-310
1998          	-2.293663e-310
1999          	-1.605564e-310
2000          	-1.123895e-310
2001          	-7.867256e-311
2002          	-5.507085e-311
2003          	-3.854961e-311
2004          	-2.698472e-311
2005          	-1.888951e-311
2006          	-1.322242e-311
2007          	-9.255865e-312
2008          	-6.479177e-312
2009          	-4.535167e-312
2010          	-3.174826e-312
2011          	-2.222307e-312
2012          	-1.555635e-312
2013          	-1.089039e-312
2014          	-7.623235e-313
2015          	-5.336304e-313
2016          	-3.735136e-313
2017          	-2.614991e-313
2018          	-1.831600e-313
2019          	-1.281013e-313
2020          	-8.976185e-314
2021          	-6.280562e-314
2022          	-4.383350e-314
2023          	-3.067160e-314
2024          	-2.142269e-314
2025          	-1.501960e-314
2026          	-1.047419e-314
2027          	-7.272646e-315
2028          	-5.019707e-315
2029          	-3.438697e-315
2030          	-2.371515e-315
2031          	-1.501960e-315
2032          	-1.106707e-315
2033          	-9.881313e-316
2034          	-3.162020e-316
2035          	0.000000e+00
2036          	0.000000e+00
2037          	0.000000e+00
2038          	0.000000e+00
2039          	0.000000e+00
2040          	0.000000e+00
2041          	0.000000e+00
2042          	0.000000e+00
2043          	0.000000e+00
2044          	0.000000e+00
2045          	0.000000e+00
2046          	0.000000e+00
2047          	0.000000e+00
2048          	0.000000e+00
2049          	0.000000e+00
2050          	0.000000e+00
2051          	0.000000e+00
2052          	0.000000e+00
2053          	0.000000e+00
2054          	0.000000e+00
2055          	0.000000e+00
2056          	0.000000e+00
2057          	0.000000e+00
2058          	0.000000e+00
2059          	0.000000e+00
2060          	0.000000e+00
2061          	0.000000e+00
2062          	0.000000e+00
2063          	0.000000e+00
2064          	0.000000e+00
2065          	0.000000e+00
2066          	0.000000e+00
2067          	0.000000e+00
2068          	0.000000e+00
2069          	0.000000e+00
2070          	0.000000e+00
2071          	0.000000e+00
2072          	0.000000e+00
2073          	0.000000e+00
2074          	0.000000e+00
2075          	0.000000e+00
2076          	0.000000e+00
2077          	0.000000e+00
2078          	0.000000e+00
2079          	0.000000e+00
2080          	0.000000e+00
2081          	0.000000e+00
2082          	0.000000e+00
2083          	0.000000e+00
2084          	0.000000e+00
2085          	0.000000e+00
2086          	0.000000e+00
2087          	0.000000e+00
2088          	0.000000e+00
2089          	0.000000e+00
2090          	0.000000e+00
2091          	0.000000e+00
2092          	0.000000e+00
2093          	0.000000e+00
2094          	0.000000e+00
2095          	0.000000e+00
2096          	0.000000e+00
2097          	0.000000e+00
2098          	0.000000e+00
2099          	0.000000e+00
2100          	0.000000e+00
2101          	0.000000e+00
2102          	0.000000e+00
2103          	0.000000e+00
2104          	0.000000e+00
2105          	0.000000e+00
2106          	0.000000e+00
2107          	0.000000e+00
2108          	0.000000e+00
2109          	0.000000e+00
2110          	0.000000e+00
2111          	0.000000e+00
2112          	0.000000e+00
2113          	0.000000e+00
2114          	0.000000e+00
2115          	0.000000e+00
2116          	0.000000e+00
2117          	0.000000e+00
2118          	0.000000e+00
2119          	0.000000e+00
2120          	0.000000e+00
2121          	0.000000e+00
2122          	0.000000e+00
2123          	0.000000e+00
2124          	0.000000e+00
2125          	0.000000e+00
2126          	0.000000e+00
2127          	0.000000e+00
2128          	0.000000e+00
2129          	0.000000e+00
2130          	0.000000e+00
2131          	0.000000e+00
2132          	0.000000e+00
2133          	0.000000e+00
2134          	0.000000e+00
2135          	0.000000e+00
2136          	0.000000e+00
2137          	0.000000e+00
2138          	0.000000e+00
2139          	0.000000e+00
2140          	0.000000e+00
2141          	0.000000e+00
2142          	0.000000e+00
2143          	0.000000e+00
2144          	0.000000e+00
2145          	0.000000e+00
2146          	0.000000e+00
2147          	0.000000e+00
2148          	0.000000e+00
2149          	0.000000e+00
2150          	0.000000e+00
